Object,Neighbor,Distance
1,2,11.9321375
1,11,9.925682
1,16,11.100309
1,25,12.558164
2,7,12.625491
2,13,5.8047857
2,16,6.2335715
2,20,10.925231
3,7,14.585295
3,8,6.930441
3,19,10.969189
4,5,4.525752
4,24,12.448575
5,24,12.0903635
6,11,11.485338
6,22,8.344585
6,31,14.739637
7,8,8.0358515
7,13,8.06626
7,19,12.2033415
7,20,11.826811
8,19,7.3097663
9,15,11.797989
9,17,8.209393
9,21,9.069624
9,28,13.289957
10,17,10.9182005
11,22,13.006595
11,25,13.060874
12,15,11.893474
12,23,12.622116
13,16,7.744673
13,20,6.6276255
13,32,14.225409
14,18,9.591551
14,23,8.370804
15,21,8.47528
15,26,9.297987
16,20,8.336667
16,25,12.815801
16,30,10.071109
16,32,14.284481
17,21,13.747219
17,28,12.053728
18,23,14.009865
18,36,13.856511
20,30,11.741228
20,32,7.6316705
21,26,8.013308
21,28,8.963339
22,31,7.1468935
22,34,10.222512
23,37,13.871384
24,29,7.9567914
25,30,8.346596
26,28,14.086428
27,29,13.140137
27,35,7.0953555
28,33,12.70068
28,39,13.206746
30,32,11.560437
31,34,5.788128
31,40,12.109201
32,41,11.709423
32,44,12.862358
33,46,11.783571
34,40,8.188616
35,49,12.552463
36,42,12.753094
36,45,11.572155
38,41,11.569591
38,48,6.1626077
39,43,10.635745
39,46,13.887728
40,51,7.3397627
40,54,9.234818
41,44,9.055709
41,48,12.278442
41,53,14.635
42,45,13.747338
42,52,7.7894883
43,58,10.884253
44,47,7.434116
44,53,14.229469
45,52,10.76647
45,64,14.351189
45,67,14.800411
46,49,13.216807
46,55,9.535024
46,61,11.708858
47,57,13.607905
47,65,12.761916
49,55,9.249645
49,59,12.050087
51,54,4.988629
51,56,13.175085
51,60,11.840627
51,62,13.477054
51,66,11.321798
51,70,14.718528
52,67,11.211433
52,69,11.711693
53,79,12.962558
54,57,12.638036
54,60,14.963283
54,62,8.491048
54,66,11.634073
54,70,10.467886
55,61,11.054433
55,75,13.400602
56,60,3.4750323
56,66,11.175923
56,68,7.5894895
56,71,11.978778
57,62,5.7848663
57,65,9.899007
57,70,11.400306
57,74,12.691552
58,63,12.946611
58,72,10.181127
60,66,7.7246304
60,68,5.3838916
60,71,11.740602
61,72,13.085519
61,75,14.849645
62,65,13.669513
62,70,6.119304
62,74,13.267644
62,77,13.992535
63,73,10.539838
63,80,13.532586
64,67,10.893957
64,73,11.998411
64,76,10.128631
65,74,7.4984813
66,68,7.9200306
66,70,12.383742
67,69,11.882393
67,76,13.156541
68,71,7.627504
69,78,13.154434
70,74,13.084869
70,77,8.584263
72,81,13.019785
72,85,14.370929
73,76,11.168854
73,80,9.807632
73,82,11.654727
74,77,12.310157
74,84,14.070191
74,88,13.051562
75,86,10.118923
77,84,7.056913
77,88,14.097906
78,83,11.114312
78,90,9.244328
80,81,8.885866
80,82,6.0284567
81,82,13.7309065
83,90,12.973878
83,96,14.96241
84,88,8.742744
84,99,12.674047
85,86,13.522845
85,97,10.182003
85,98,12.844256
86,95,9.420994
86,97,11.964045
87,93,7.282903
87,94,10.678181
88,105,14.815034
89,90,12.450457
89,96,13.976939
89,100,10.50489
90,96,6.332967
91,103,12.719727
92,95,14.697687
92,103,13.558338
93,94,4.6639276
93,111,14.940251
93,112,12.930756
94,109,13.392293
94,112,12.302529
95,97,12.208609
95,117,13.84558
96,100,14.089276
96,108,12.0498085
97,98,13.960586
97,110,13.10011
98,102,12.072035
98,110,11.27379
99,104,10.579536
99,105,6.1438413
99,113,10.89447
100,106,14.150409
100,116,10.795314
101,107,10.901106
104,111,5.8076577
105,113,5.452588
105,114,10.811446
105,126,14.920056
106,116,10.755132
106,127,13.319703
106,130,13.941067
107,108,13.528168
107,118,9.031538
108,118,12.3683605
109,112,9.68996
109,115,5.2039423
109,119,8.888469
110,123,9.07314
110,124,14.220023
111,112,11.658568
111,128,13.099264
111,134,14.809807
112,115,14.131957
112,119,7.2600017
112,128,14.090184
112,136,13.167945
113,114,7.1109886
113,126,10.143567
113,129,10.943009
114,126,13.117076
114,129,11.067917
114,131,11.950955
115,119,10.726991
116,130,11.010958
116,132,11.094233
117,121,8.177599
117,133,14.18406
118,135,7.751784
119,128,13.305373
119,136,7.5193443
119,142,13.625518
120,138,10.722759
120,143,11.729596
121,133,12.528766
121,137,10.814127
121,147,11.488565
122,125,6.444478
122,137,10.837549
122,146,11.191088
123,124,9.987494
123,133,11.127036
123,139,9.034894
123,141,6.986918
124,139,7.257927
124,141,12.977513
124,150,12.672565
125,146,10.048378
126,129,4.6834426
126,131,11.640916
126,134,12.247222
126,140,7.578941
127,130,6.9931526
127,131,11.317042
127,144,8.062189
128,134,10.113187
128,136,9.631808
128,142,5.940467
128,152,12.224654
129,131,6.9677553
129,140,10.893464
130,132,8.76574
130,144,8.868532
130,153,13.15482
131,144,13.949052
132,144,14.748765
132,153,12.020415
133,141,9.287569
133,147,10.916152
134,140,6.692007
134,142,14.084733
134,152,14.982829
135,145,13.870462
135,148,7.28089
136,142,7.030799
136,152,14.657975
137,146,13.532835
137,147,13.220178
137,151,9.7080555
137,156,12.63227
138,143,14.0772295
138,145,12.4400835
138,149,6.196426
139,141,7.4595895
139,150,9.879058
139,154,9.807606
141,154,9.763721
142,152,8.266
143,150,14.017604
143,162,14.379174
144,153,10.195469
144,159,11.2634535
145,148,12.863584
145,149,9.518112
145,157,11.002067
146,151,9.726944
147,155,7.2595377
147,156,12.561598
147,165,12.205593
148,161,14.492556
149,157,9.431474
150,154,11.968355
150,162,11.987155
150,164,10.347212
151,156,7.241674
151,171,14.989224
152,163,6.9507947
153,159,10.401089
153,160,9.747275
154,164,11.263172
154,167,12.340774
155,156,8.652273
155,165,5.5987563
155,169,13.435865
155,171,14.69972
155,174,12.896359
156,165,12.0068
156,171,10.56539
158,166,12.797787
158,170,8.840624
159,176,12.897934
160,161,10.695928
160,176,14.747046
161,178,12.996561
162,164,9.271259
162,172,10.052245
163,173,14.052631
163,175,13.129749
164,167,13.709331
165,169,8.050754
165,171,13.618764
165,174,7.4314322
166,170,12.407136
166,173,8.351375
166,182,13.28682
167,169,11.525174
167,179,10.825271
168,172,9.751108
169,174,4.978598
169,179,8.820629
171,174,13.556995
172,180,10.40682
173,182,13.168964
174,179,11.141133
176,183,14.344746
177,181,11.570306
177,184,14.206559
179,185,12.916913
179,191,14.287227
180,186,11.4552765
180,190,13.06094
181,184,12.876404
182,189,13.853221
182,192,12.939483
183,193,13.922591
183,200,10.644198
184,193,13.808761
184,202,14.047877
185,186,14.935467
185,191,7.1332603
186,190,11.934349
186,201,9.320879
186,205,14.719332
187,194,6.860665
187,197,9.147324
187,203,13.588125
187,211,13.73656
188,189,12.084425
188,196,7.510472
188,200,14.335325
188,204,11.658503
189,196,6.1060514
190,198,8.911345
190,201,10.416873
190,209,13.697419
190,212,14.146045
191,210,14.694772
193,202,9.461431
193,206,12.896592
194,195,11.51435
196,204,14.477817
197,203,5.0642242
197,211,13.28023
198,199,13.49078
198,209,9.049535
199,208,11.753929
200,204,8.012656
200,206,13.756649
200,207,9.255661
200,213,12.349232
201,205,10.366502
201,212,10.704588
201,216,13.031135
202,206,10.681691
203,211,12.61917
204,207,11.488112
204,213,9.548946
205,214,10.407012
205,216,8.531412
206,207,7.676003
206,213,13.966625
207,213,6.725886
209,212,9.261503
209,217,7.457513
210,214,11.760971
210,218,7.747066
210,222,13.652356
211,219,13.844809
212,216,12.783759
212,217,10.051914
214,216,12.256872
214,218,9.429053
214,222,9.353297
215,220,9.388399
215,221,13.521754
216,224,12.905359
217,226,11.014833
218,222,6.2097135
219,227,7.533358
219,229,11.408199
219,239,14.876963
220,225,8.260361
220,235,12.712653
220,240,14.405402
221,223,9.268216
221,232,11.8566265
221,233,10.646568
221,236,11.056644
222,234,14.903825
222,237,11.469383
222,241,13.805301
223,228,7.42293
223,231,13.347053
223,232,6.805036
223,236,11.532672
223,238,13.00986
224,234,12.475679
224,242,10.911026
225,229,12.174704
225,235,6.587743
225,240,13.226651
225,243,12.648801
226,230,7.6672363
227,229,5.946031
227,239,9.33464
228,231,7.348586
228,232,4.334491
228,236,10.861431
228,238,5.744662
228,247,12.731483
229,235,13.65144
229,239,13.432635
229,252,14.32976
231,232,11.603155
231,238,4.0078945
231,251,12.698643
232,233,14.100372
232,236,6.657904
232,238,9.269844
232,247,11.031707
233,236,8.110756
233,240,9.4534025
233,253,12.93661
233,254,12.761412
234,237,7.9771976
234,241,12.15311
234,242,10.729301
234,245,9.234568
234,257,14.852323
235,240,8.869836
235,243,6.397031
235,244,9.397473
236,238,14.752459
236,247,9.486009
236,253,11.004202
237,241,4.5670824
237,245,13.131997
238,247,12.608483
238,251,10.643438
239,246,7.42987
239,250,13.129389
240,243,10.86586
240,244,7.4905143
240,254,10.753517
241,263,13.977734
242,245,7.335192
242,257,8.60171
242,258,11.453948
242,262,14.5947075
243,244,6.1953397
243,252,11.381162
243,267,14.266654
244,254,10.367428
244,268,12.796015
245,257,5.822516
245,258,14.024843
245,262,8.480335
245,263,12.126585
245,273,14.277831
246,250,5.724046
246,270,14.634912
247,251,14.046912
247,253,8.254081
247,265,13.532674
247,274,14.762869
247,275,14.5421715
248,259,8.45951
248,260,12.9710655
248,271,11.620335
248,272,14.764242
249,251,10.530373
249,259,11.62145
249,264,8.278101
250,270,12.825671
251,264,12.424008
251,265,8.870441
252,266,9.918199
252,267,10.821259
252,277,12.998149
253,254,7.8871017
253,269,9.429554
253,274,11.234443
254,268,9.910703
254,269,9.8083
254,274,14.420991
255,276,11.803846
255,279,11.816974
256,258,10.465974
257,258,9.168333
257,262,6.8910933
257,263,12.976976
257,273,9.385835
258,273,12.414147
258,286,14.761246
259,264,10.474918
259,271,10.660007
259,278,13.448436
259,287,13.33879
260,271,13.943417
260,272,10.995007
262,263,6.547137
262,273,7.867908
262,282,12.969073
263,273,13.151573
263,282,10.451798
264,265,14.747093
264,278,7.764768
264,280,9.145034
264,290,14.03181
264,291,14.32747
265,275,6.939334
265,280,11.671702
266,267,11.483207
266,270,11.760606
266,277,6.7512164
267,277,7.720867
267,284,8.958119
268,269,9.439083
268,274,14.398845
268,284,13.473622
268,292,12.982325
269,274,5.2969937
269,285,11.674677
270,283,13.484551
270,293,11.423347
271,272,6.0348163
271,287,10.181948
271,288,11.500959
272,276,14.735146
272,287,14.61335
272,288,8.251896
273,282,13.735786
273,286,11.204047
273,295,13.322822
274,275,9.956511
274,285,7.0686913
275,285,8.822514
276,279,9.628008
276,288,14.911731
276,294,12.597355
277,284,11.470796
277,297,10.884852
278,280,6.5157723
278,287,11.691403
278,290,7.118476
278,291,6.602803
278,304,13.6253
279,289,10.242948
280,290,7.0312653
280,291,10.712037
281,289,10.181609
281,300,11.6502695
282,296,13.758071
283,293,13.201185
283,308,14.936553
284,292,8.684397
284,297,11.174706
284,305,12.142334
285,299,12.06063
285,302,10.173878
285,303,12.327083
286,295,7.839514
286,298,14.878032
286,309,14.615504
287,288,14.422963
287,291,9.781222
287,304,14.868482
287,306,14.116016
288,294,8.3198595
288,306,12.69948
289,300,10.685509
290,291,5.554849
290,304,8.567945
291,304,7.4300075
292,299,14.711193
292,301,8.330907
292,305,12.621848
292,310,11.103831
294,307,10.137579
294,313,11.268189
295,296,13.840073
295,309,8.560605
297,305,7.393598
298,300,13.605604
298,312,10.0173
299,301,7.2306223
299,302,7.1444697
299,303,14.575123
299,310,13.774016
299,315,11.079833
299,322,14.382985
300,312,9.574149
301,302,14.365429
301,310,7.86523
301,315,11.418001
302,303,7.4524593
302,311,14.759648
302,315,14.376676
302,319,14.891968
302,322,13.607307
303,311,8.25178
303,319,12.082423
304,314,10.662471
305,310,12.248946
306,313,12.884109
306,314,12.419889
306,316,9.853877
306,321,11.231153
307,313,9.710515
307,325,12.868056
308,317,8.857095
309,329,13.737907
310,315,10.509021
310,323,9.564707
311,319,8.33908
311,320,8.268518
311,326,14.709501
311,327,14.357807
313,316,8.804953
313,325,12.869769
314,321,8.656837
315,322,7.8412695
315,323,12.701151
315,334,13.920077
316,321,8.04377
316,331,9.487481
318,328,11.220072
319,320,7.41676
319,322,12.372227
319,326,13.911343
319,327,6.2826705
319,330,11.106752
319,336,12.743915
320,326,7.04198
320,327,10.128013
320,336,14.007544
320,338,12.707849
320,340,14.429567
321,331,10.716311
321,346,14.972117
322,327,11.828666
322,330,10.793018
322,334,14.332357
322,337,11.894087
322,343,13.506897
323,334,13.142621
323,339,11.596416
324,325,12.647346
324,333,14.264446
324,348,14.227298
325,332,6.8895435
326,327,14.1912565
326,336,14.967286
326,338,10.40848
326,340,8.912725
326,341,11.2669935
327,330,5.3428693
327,336,6.702266
327,338,10.827589
327,343,12.44053
327,350,13.37387
330,336,5.8348703
330,337,10.568697
330,338,12.326645
330,343,7.102593
330,350,9.943571
330,355,13.534793
331,344,7.3116784
331,346,11.420623
331,351,14.156042
332,344,13.816755
332,351,9.107901
332,353,10.122354
333,342,6.6368194
333,347,12.075356
333,348,13.190341
334,337,6.7578163
334,339,7.0070996
334,343,12.152846
334,352,8.92763
336,338,6.7387547
336,340,13.141418
336,343,10.16994
336,350,7.174348
336,355,13.021376
336,360,14.996583
337,339,13.430829
337,343,5.455585
337,350,13.987579
337,352,8.102186
337,355,12.132362
337,358,12.109327
338,340,6.403891
338,341,13.970682
338,350,10.939221
338,357,11.779861
338,360,13.24438
339,352,11.7612
340,341,7.626126
340,357,9.531243
340,359,13.702104
340,360,14.737379
341,345,7.550544
341,346,13.339398
341,357,12.944833
341,359,12.411293
342,347,5.4613805
342,354,11.531821
343,350,8.603727
343,352,10.176926
343,355,8.273383
343,358,10.966924
344,346,11.675405
344,351,8.122321
344,356,13.88141
345,346,5.83912
345,356,8.933636
345,359,13.386811
346,356,6.6056986
347,349,14.668563
347,354,6.387913
348,353,10.303263
349,354,10.89389
349,361,13.451522
349,363,11.233976
350,355,6.5005174
350,358,12.676829
350,360,10.748719
350,368,14.178712
351,353,9.618341
352,355,10.75098
352,358,6.5646157
352,362,10.821536
352,366,14.792648
352,367,12.670981
353,371,14.110906
354,372,12.32096
354,374,14.640418
355,358,6.2571445
355,360,13.804849
355,366,9.845067
355,367,12.270929
355,368,12.057211
356,359,14.23148
356,365,11.528093
357,359,7.7825885
357,360,7.9339104
357,373,14.639112
357,376,13.610142
358,362,10.234322
358,366,8.390501
358,367,7.758314
358,368,14.336588
358,378,14.073864
359,360,14.81692
359,365,9.374335
359,377,12.171424
360,368,10.1739025
360,373,8.525466
360,376,10.552154
361,363,6.534094
361,382,11.448418
362,364,12.91026
362,366,12.795193
362,367,7.583168
362,375,7.71153
363,372,12.299629
363,382,10.268809
364,370,11.568129
364,375,10.287482
364,380,10.528589
365,377,5.2496724
366,367,5.3912144
366,368,7.8112903
366,373,13.536426
366,378,5.817446
366,383,13.3052025
367,368,13.165709
367,375,12.332515
367,378,8.572277
368,373,5.754445
368,376,11.330132
368,378,8.133482
368,383,9.840503
370,380,7.4638863
371,379,11.794285
372,374,7.439741
373,376,5.5801063
373,378,12.608965
373,383,10.051959
373,384,12.687569
374,381,11.329556
375,380,14.093841
375,390,14.297433
376,383,12.742998
376,384,12.113468
377,387,12.512047
378,383,8.35889
378,386,13.7927065
378,388,11.691155
378,392,13.822321
379,381,11.6898365
379,391,11.204277
380,389,13.329821
381,391,14.091283
382,385,9.676417
383,384,7.1644235
383,388,10.081674
383,392,6.896171
384,388,13.579786
384,392,6.0530705
386,388,7.846581
386,390,8.956887
386,396,10.957428
387,394,10.676943
388,392,7.9282975
388,396,10.112771
389,397,10.922845
390,396,14.877656
391,395,13.555799
392,396,14.931482
395,402,14.065357
397,401,7.8562307
397,407,13.985212
398,402,12.216587
398,403,6.1285896
398,409,12.594474
399,401,11.685431
400,410,10.780879
401,407,8.682683
402,403,8.093387
402,409,11.974804
402,412,8.612344
403,409,7.2693024
403,412,11.582265
404,416,13.921878
405,411,7.8833227
405,413,11.340421
405,414,14.893306
406,407,10.327045
406,418,12.236093
406,422,12.720553
407,422,10.919052
408,419,11.067668
409,412,9.420204
410,414,13.667102
410,417,7.684209
410,423,9.650417
411,413,4.19525
412,420,11.39396
414,417,8.539107
415,416,7.4936047
415,425,11.959342
415,428,13.8369055
416,425,9.056705
416,427,11.356011
417,423,8.998063
418,422,13.580288
419,429,13.821213
419,432,11.882615
420,423,14.023673
421,424,13.406956
421,426,8.659927
422,434,14.122817
424,426,5.515477
424,437,13.01905
425,427,6.616703
425,428,9.660643
425,429,13.652777
425,435,10.297041
425,439,14.983337
426,437,13.912944
427,429,7.385191
427,435,11.142756
427,436,12.874847
427,439,12.101286
428,435,11.710422
428,440,14.331647
429,432,8.828391
429,435,13.275684
429,436,5.8879457
429,439,9.530733
429,443,13.595487
430,431,9.063387
430,433,12.076823
430,438,7.580221
430,441,14.531335
431,432,11.80049
431,438,10.1335535
431,441,11.023561
432,436,7.832039
432,443,12.642454
435,436,14.94933
435,439,7.466751
435,440,6.900788
436,439,8.455811
436,443,7.734757
437,442,6.1725826
437,446,14.703764
438,441,8.315949
439,440,10.767357
439,443,11.612773
439,445,12.09739
440,445,14.822732
440,449,14.772303
442,446,8.532163
443,445,11.594889
443,448,11.339278
444,447,11.616604
445,448,14.26957
446,451,13.450524
446,452,14.270001
447,455,12.675554
448,456,13.280223
449,450,9.308047
449,453,13.788007
450,453,9.069079
451,459,11.134111
452,463,14.690714
453,464,13.179835
454,455,11.151548
454,456,12.964884
454,462,10.054419
455,457,6.043233
455,458,10.625236
455,462,13.463065
455,465,11.598407
456,467,13.168443
457,458,5.387982
457,462,14.986045
457,465,8.532955
457,470,14.45745
457,472,12.0364485
458,465,12.113459
458,470,11.701256
458,472,12.384399
459,474,12.790106
461,466,14.249484
461,468,5.850906
461,473,8.952909
461,476,11.020549
462,465,10.115648
462,467,9.607531
462,475,7.894884
463,477,8.563578
464,471,11.152276
465,470,14.008296
465,472,7.5205784
465,475,13.873717
466,470,8.613554
466,473,10.513002
467,475,7.3480954
468,473,7.596513
468,476,5.2515354
470,472,7.531644
473,476,10.705739
474,477,10.326412
2,1,11.9321375
11,1,9.925682
16,1,11.100309
25,1,12.558164
7,2,12.625491
13,2,5.8047857
16,2,6.2335715
20,2,10.925231
7,3,14.585295
8,3,6.930441
19,3,10.969189
5,4,4.525752
24,4,12.448575
24,5,12.0903635
11,6,11.485338
22,6,8.344585
31,6,14.739637
8,7,8.0358515
13,7,8.06626
19,7,12.2033415
20,7,11.826811
19,8,7.3097663
15,9,11.797989
17,9,8.209393
21,9,9.069624
28,9,13.289957
17,10,10.9182005
22,11,13.006595
25,11,13.060874
15,12,11.893474
23,12,12.622116
16,13,7.744673
20,13,6.6276255
32,13,14.225409
18,14,9.591551
23,14,8.370804
21,15,8.47528
26,15,9.297987
20,16,8.336667
25,16,12.815801
30,16,10.071109
32,16,14.284481
21,17,13.747219
28,17,12.053728
23,18,14.009865
36,18,13.856511
30,20,11.741228
32,20,7.6316705
26,21,8.013308
28,21,8.963339
31,22,7.1468935
34,22,10.222512
37,23,13.871384
29,24,7.9567914
30,25,8.346596
28,26,14.086428
29,27,13.140137
35,27,7.0953555
33,28,12.70068
39,28,13.206746
32,30,11.560437
34,31,5.788128
40,31,12.109201
41,32,11.709423
44,32,12.862358
46,33,11.783571
40,34,8.188616
49,35,12.552463
42,36,12.753094
45,36,11.572155
41,38,11.569591
48,38,6.1626077
43,39,10.635745
46,39,13.887728
51,40,7.3397627
54,40,9.234818
44,41,9.055709
48,41,12.278442
53,41,14.635
45,42,13.747338
52,42,7.7894883
58,43,10.884253
47,44,7.434116
53,44,14.229469
52,45,10.76647
64,45,14.351189
67,45,14.800411
49,46,13.216807
55,46,9.535024
61,46,11.708858
57,47,13.607905
65,47,12.761916
55,49,9.249645
59,49,12.050087
54,51,4.988629
56,51,13.175085
60,51,11.840627
62,51,13.477054
66,51,11.321798
70,51,14.718528
67,52,11.211433
69,52,11.711693
79,53,12.962558
57,54,12.638036
60,54,14.963283
62,54,8.491048
66,54,11.634073
70,54,10.467886
61,55,11.054433
75,55,13.400602
60,56,3.4750323
66,56,11.175923
68,56,7.5894895
71,56,11.978778
62,57,5.7848663
65,57,9.899007
70,57,11.400306
74,57,12.691552
63,58,12.946611
72,58,10.181127
66,60,7.7246304
68,60,5.3838916
71,60,11.740602
72,61,13.085519
75,61,14.849645
65,62,13.669513
70,62,6.119304
74,62,13.267644
77,62,13.992535
73,63,10.539838
80,63,13.532586
67,64,10.893957
73,64,11.998411
76,64,10.128631
74,65,7.4984813
68,66,7.9200306
70,66,12.383742
69,67,11.882393
76,67,13.156541
71,68,7.627504
78,69,13.154434
74,70,13.084869
77,70,8.584263
81,72,13.019785
85,72,14.370929
76,73,11.168854
80,73,9.807632
82,73,11.654727
77,74,12.310157
84,74,14.070191
88,74,13.051562
86,75,10.118923
84,77,7.056913
88,77,14.097906
83,78,11.114312
90,78,9.244328
81,80,8.885866
82,80,6.0284567
82,81,13.7309065
90,83,12.973878
96,83,14.96241
88,84,8.742744
99,84,12.674047
86,85,13.522845
97,85,10.182003
98,85,12.844256
95,86,9.420994
97,86,11.964045
93,87,7.282903
94,87,10.678181
105,88,14.815034
90,89,12.450457
96,89,13.976939
100,89,10.50489
96,90,6.332967
103,91,12.719727
95,92,14.697687
103,92,13.558338
94,93,4.6639276
111,93,14.940251
112,93,12.930756
109,94,13.392293
112,94,12.302529
97,95,12.208609
117,95,13.84558
100,96,14.089276
108,96,12.0498085
98,97,13.960586
110,97,13.10011
102,98,12.072035
110,98,11.27379
104,99,10.579536
105,99,6.1438413
113,99,10.89447
106,100,14.150409
116,100,10.795314
107,101,10.901106
111,104,5.8076577
113,105,5.452588
114,105,10.811446
126,105,14.920056
116,106,10.755132
127,106,13.319703
130,106,13.941067
108,107,13.528168
118,107,9.031538
118,108,12.3683605
112,109,9.68996
115,109,5.2039423
119,109,8.888469
123,110,9.07314
124,110,14.220023
112,111,11.658568
128,111,13.099264
134,111,14.809807
115,112,14.131957
119,112,7.2600017
128,112,14.090184
136,112,13.167945
114,113,7.1109886
126,113,10.143567
129,113,10.943009
126,114,13.117076
129,114,11.067917
131,114,11.950955
119,115,10.726991
130,116,11.010958
132,116,11.094233
121,117,8.177599
133,117,14.18406
135,118,7.751784
128,119,13.305373
136,119,7.5193443
142,119,13.625518
138,120,10.722759
143,120,11.729596
133,121,12.528766
137,121,10.814127
147,121,11.488565
125,122,6.444478
137,122,10.837549
146,122,11.191088
124,123,9.987494
133,123,11.127036
139,123,9.034894
141,123,6.986918
139,124,7.257927
141,124,12.977513
150,124,12.672565
146,125,10.048378
129,126,4.6834426
131,126,11.640916
134,126,12.247222
140,126,7.578941
130,127,6.9931526
131,127,11.317042
144,127,8.062189
134,128,10.113187
136,128,9.631808
142,128,5.940467
152,128,12.224654
131,129,6.9677553
140,129,10.893464
132,130,8.76574
144,130,8.868532
153,130,13.15482
144,131,13.949052
144,132,14.748765
153,132,12.020415
141,133,9.287569
147,133,10.916152
140,134,6.692007
142,134,14.084733
152,134,14.982829
145,135,13.870462
148,135,7.28089
142,136,7.030799
152,136,14.657975
146,137,13.532835
147,137,13.220178
151,137,9.7080555
156,137,12.63227
143,138,14.0772295
145,138,12.4400835
149,138,6.196426
141,139,7.4595895
150,139,9.879058
154,139,9.807606
154,141,9.763721
152,142,8.266
150,143,14.017604
162,143,14.379174
153,144,10.195469
159,144,11.2634535
148,145,12.863584
149,145,9.518112
157,145,11.002067
151,146,9.726944
155,147,7.2595377
156,147,12.561598
165,147,12.205593
161,148,14.492556
157,149,9.431474
154,150,11.968355
162,150,11.987155
164,150,10.347212
156,151,7.241674
171,151,14.989224
163,152,6.9507947
159,153,10.401089
160,153,9.747275
164,154,11.263172
167,154,12.340774
156,155,8.652273
165,155,5.5987563
169,155,13.435865
171,155,14.69972
174,155,12.896359
165,156,12.0068
171,156,10.56539
166,158,12.797787
170,158,8.840624
176,159,12.897934
161,160,10.695928
176,160,14.747046
178,161,12.996561
164,162,9.271259
172,162,10.052245
173,163,14.052631
175,163,13.129749
167,164,13.709331
169,165,8.050754
171,165,13.618764
174,165,7.4314322
170,166,12.407136
173,166,8.351375
182,166,13.28682
169,167,11.525174
179,167,10.825271
172,168,9.751108
174,169,4.978598
179,169,8.820629
174,171,13.556995
180,172,10.40682
182,173,13.168964
179,174,11.141133
183,176,14.344746
181,177,11.570306
184,177,14.206559
185,179,12.916913
191,179,14.287227
186,180,11.4552765
190,180,13.06094
184,181,12.876404
189,182,13.853221
192,182,12.939483
193,183,13.922591
200,183,10.644198
193,184,13.808761
202,184,14.047877
186,185,14.935467
191,185,7.1332603
190,186,11.934349
201,186,9.320879
205,186,14.719332
194,187,6.860665
197,187,9.147324
203,187,13.588125
211,187,13.73656
189,188,12.084425
196,188,7.510472
200,188,14.335325
204,188,11.658503
196,189,6.1060514
198,190,8.911345
201,190,10.416873
209,190,13.697419
212,190,14.146045
210,191,14.694772
202,193,9.461431
206,193,12.896592
195,194,11.51435
204,196,14.477817
203,197,5.0642242
211,197,13.28023
199,198,13.49078
209,198,9.049535
208,199,11.753929
204,200,8.012656
206,200,13.756649
207,200,9.255661
213,200,12.349232
205,201,10.366502
212,201,10.704588
216,201,13.031135
206,202,10.681691
211,203,12.61917
207,204,11.488112
213,204,9.548946
214,205,10.407012
216,205,8.531412
207,206,7.676003
213,206,13.966625
213,207,6.725886
212,209,9.261503
217,209,7.457513
214,210,11.760971
218,210,7.747066
222,210,13.652356
219,211,13.844809
216,212,12.783759
217,212,10.051914
216,214,12.256872
218,214,9.429053
222,214,9.353297
220,215,9.388399
221,215,13.521754
224,216,12.905359
226,217,11.014833
222,218,6.2097135
227,219,7.533358
229,219,11.408199
239,219,14.876963
225,220,8.260361
235,220,12.712653
240,220,14.405402
223,221,9.268216
232,221,11.8566265
233,221,10.646568
236,221,11.056644
234,222,14.903825
237,222,11.469383
241,222,13.805301
228,223,7.42293
231,223,13.347053
232,223,6.805036
236,223,11.532672
238,223,13.00986
234,224,12.475679
242,224,10.911026
229,225,12.174704
235,225,6.587743
240,225,13.226651
243,225,12.648801
230,226,7.6672363
229,227,5.946031
239,227,9.33464
231,228,7.348586
232,228,4.334491
236,228,10.861431
238,228,5.744662
247,228,12.731483
235,229,13.65144
239,229,13.432635
252,229,14.32976
232,231,11.603155
238,231,4.0078945
251,231,12.698643
233,232,14.100372
236,232,6.657904
238,232,9.269844
247,232,11.031707
236,233,8.110756
240,233,9.4534025
253,233,12.93661
254,233,12.761412
237,234,7.9771976
241,234,12.15311
242,234,10.729301
245,234,9.234568
257,234,14.852323
240,235,8.869836
243,235,6.397031
244,235,9.397473
238,236,14.752459
247,236,9.486009
253,236,11.004202
241,237,4.5670824
245,237,13.131997
247,238,12.608483
251,238,10.643438
246,239,7.42987
250,239,13.129389
243,240,10.86586
244,240,7.4905143
254,240,10.753517
263,241,13.977734
245,242,7.335192
257,242,8.60171
258,242,11.453948
262,242,14.5947075
244,243,6.1953397
252,243,11.381162
267,243,14.266654
254,244,10.367428
268,244,12.796015
257,245,5.822516
258,245,14.024843
262,245,8.480335
263,245,12.126585
273,245,14.277831
250,246,5.724046
270,246,14.634912
251,247,14.046912
253,247,8.254081
265,247,13.532674
274,247,14.762869
275,247,14.5421715
259,248,8.45951
260,248,12.9710655
271,248,11.620335
272,248,14.764242
251,249,10.530373
259,249,11.62145
264,249,8.278101
270,250,12.825671
264,251,12.424008
265,251,8.870441
266,252,9.918199
267,252,10.821259
277,252,12.998149
254,253,7.8871017
269,253,9.429554
274,253,11.234443
268,254,9.910703
269,254,9.8083
274,254,14.420991
276,255,11.803846
279,255,11.816974
258,256,10.465974
258,257,9.168333
262,257,6.8910933
263,257,12.976976
273,257,9.385835
273,258,12.414147
286,258,14.761246
264,259,10.474918
271,259,10.660007
278,259,13.448436
287,259,13.33879
271,260,13.943417
272,260,10.995007
263,262,6.547137
273,262,7.867908
282,262,12.969073
273,263,13.151573
282,263,10.451798
265,264,14.747093
278,264,7.764768
280,264,9.145034
290,264,14.03181
291,264,14.32747
275,265,6.939334
280,265,11.671702
267,266,11.483207
270,266,11.760606
277,266,6.7512164
277,267,7.720867
284,267,8.958119
269,268,9.439083
274,268,14.398845
284,268,13.473622
292,268,12.982325
274,269,5.2969937
285,269,11.674677
283,270,13.484551
293,270,11.423347
272,271,6.0348163
287,271,10.181948
288,271,11.500959
276,272,14.735146
287,272,14.61335
288,272,8.251896
282,273,13.735786
286,273,11.204047
295,273,13.322822
275,274,9.956511
285,274,7.0686913
285,275,8.822514
279,276,9.628008
288,276,14.911731
294,276,12.597355
284,277,11.470796
297,277,10.884852
280,278,6.5157723
287,278,11.691403
290,278,7.118476
291,278,6.602803
304,278,13.6253
289,279,10.242948
290,280,7.0312653
291,280,10.712037
289,281,10.181609
300,281,11.6502695
296,282,13.758071
293,283,13.201185
308,283,14.936553
292,284,8.684397
297,284,11.174706
305,284,12.142334
299,285,12.06063
302,285,10.173878
303,285,12.327083
295,286,7.839514
298,286,14.878032
309,286,14.615504
288,287,14.422963
291,287,9.781222
304,287,14.868482
306,287,14.116016
294,288,8.3198595
306,288,12.69948
300,289,10.685509
291,290,5.554849
304,290,8.567945
304,291,7.4300075
299,292,14.711193
301,292,8.330907
305,292,12.621848
310,292,11.103831
307,294,10.137579
313,294,11.268189
296,295,13.840073
309,295,8.560605
305,297,7.393598
300,298,13.605604
312,298,10.0173
301,299,7.2306223
302,299,7.1444697
303,299,14.575123
310,299,13.774016
315,299,11.079833
322,299,14.382985
312,300,9.574149
302,301,14.365429
310,301,7.86523
315,301,11.418001
303,302,7.4524593
311,302,14.759648
315,302,14.376676
319,302,14.891968
322,302,13.607307
311,303,8.25178
319,303,12.082423
314,304,10.662471
310,305,12.248946
313,306,12.884109
314,306,12.419889
316,306,9.853877
321,306,11.231153
313,307,9.710515
325,307,12.868056
317,308,8.857095
329,309,13.737907
315,310,10.509021
323,310,9.564707
319,311,8.33908
320,311,8.268518
326,311,14.709501
327,311,14.357807
316,313,8.804953
325,313,12.869769
321,314,8.656837
322,315,7.8412695
323,315,12.701151
334,315,13.920077
321,316,8.04377
331,316,9.487481
328,318,11.220072
320,319,7.41676
322,319,12.372227
326,319,13.911343
327,319,6.2826705
330,319,11.106752
336,319,12.743915
326,320,7.04198
327,320,10.128013
336,320,14.007544
338,320,12.707849
340,320,14.429567
331,321,10.716311
346,321,14.972117
327,322,11.828666
330,322,10.793018
334,322,14.332357
337,322,11.894087
343,322,13.506897
334,323,13.142621
339,323,11.596416
325,324,12.647346
333,324,14.264446
348,324,14.227298
332,325,6.8895435
327,326,14.1912565
336,326,14.967286
338,326,10.40848
340,326,8.912725
341,326,11.2669935
330,327,5.3428693
336,327,6.702266
338,327,10.827589
343,327,12.44053
350,327,13.37387
336,330,5.8348703
337,330,10.568697
338,330,12.326645
343,330,7.102593
350,330,9.943571
355,330,13.534793
344,331,7.3116784
346,331,11.420623
351,331,14.156042
344,332,13.816755
351,332,9.107901
353,332,10.122354
342,333,6.6368194
347,333,12.075356
348,333,13.190341
337,334,6.7578163
339,334,7.0070996
343,334,12.152846
352,334,8.92763
338,336,6.7387547
340,336,13.141418
343,336,10.16994
350,336,7.174348
355,336,13.021376
360,336,14.996583
339,337,13.430829
343,337,5.455585
350,337,13.987579
352,337,8.102186
355,337,12.132362
358,337,12.109327
340,338,6.403891
341,338,13.970682
350,338,10.939221
357,338,11.779861
360,338,13.24438
352,339,11.7612
341,340,7.626126
357,340,9.531243
359,340,13.702104
360,340,14.737379
345,341,7.550544
346,341,13.339398
357,341,12.944833
359,341,12.411293
347,342,5.4613805
354,342,11.531821
350,343,8.603727
352,343,10.176926
355,343,8.273383
358,343,10.966924
346,344,11.675405
351,344,8.122321
356,344,13.88141
346,345,5.83912
356,345,8.933636
359,345,13.386811
356,346,6.6056986
349,347,14.668563
354,347,6.387913
353,348,10.303263
354,349,10.89389
361,349,13.451522
363,349,11.233976
355,350,6.5005174
358,350,12.676829
360,350,10.748719
368,350,14.178712
353,351,9.618341
355,352,10.75098
358,352,6.5646157
362,352,10.821536
366,352,14.792648
367,352,12.670981
371,353,14.110906
372,354,12.32096
374,354,14.640418
358,355,6.2571445
360,355,13.804849
366,355,9.845067
367,355,12.270929
368,355,12.057211
359,356,14.23148
365,356,11.528093
359,357,7.7825885
360,357,7.9339104
373,357,14.639112
376,357,13.610142
362,358,10.234322
366,358,8.390501
367,358,7.758314
368,358,14.336588
378,358,14.073864
360,359,14.81692
365,359,9.374335
377,359,12.171424
368,360,10.1739025
373,360,8.525466
376,360,10.552154
363,361,6.534094
382,361,11.448418
364,362,12.91026
366,362,12.795193
367,362,7.583168
375,362,7.71153
372,363,12.299629
382,363,10.268809
370,364,11.568129
375,364,10.287482
380,364,10.528589
377,365,5.2496724
367,366,5.3912144
368,366,7.8112903
373,366,13.536426
378,366,5.817446
383,366,13.3052025
368,367,13.165709
375,367,12.332515
378,367,8.572277
373,368,5.754445
376,368,11.330132
378,368,8.133482
383,368,9.840503
380,370,7.4638863
379,371,11.794285
374,372,7.439741
376,373,5.5801063
378,373,12.608965
383,373,10.051959
384,373,12.687569
381,374,11.329556
380,375,14.093841
390,375,14.297433
383,376,12.742998
384,376,12.113468
387,377,12.512047
383,378,8.35889
386,378,13.7927065
388,378,11.691155
392,378,13.822321
381,379,11.6898365
391,379,11.204277
389,380,13.329821
391,381,14.091283
385,382,9.676417
384,383,7.1644235
388,383,10.081674
392,383,6.896171
388,384,13.579786
392,384,6.0530705
388,386,7.846581
390,386,8.956887
396,386,10.957428
394,387,10.676943
392,388,7.9282975
396,388,10.112771
397,389,10.922845
396,390,14.877656
395,391,13.555799
396,392,14.931482
402,395,14.065357
401,397,7.8562307
407,397,13.985212
402,398,12.216587
403,398,6.1285896
409,398,12.594474
401,399,11.685431
410,400,10.780879
407,401,8.682683
403,402,8.093387
409,402,11.974804
412,402,8.612344
409,403,7.2693024
412,403,11.582265
416,404,13.921878
411,405,7.8833227
413,405,11.340421
414,405,14.893306
407,406,10.327045
418,406,12.236093
422,406,12.720553
422,407,10.919052
419,408,11.067668
412,409,9.420204
414,410,13.667102
417,410,7.684209
423,410,9.650417
413,411,4.19525
420,412,11.39396
417,414,8.539107
416,415,7.4936047
425,415,11.959342
428,415,13.8369055
425,416,9.056705
427,416,11.356011
423,417,8.998063
422,418,13.580288
429,419,13.821213
432,419,11.882615
423,420,14.023673
424,421,13.406956
426,421,8.659927
434,422,14.122817
426,424,5.515477
437,424,13.01905
427,425,6.616703
428,425,9.660643
429,425,13.652777
435,425,10.297041
439,425,14.983337
437,426,13.912944
429,427,7.385191
435,427,11.142756
436,427,12.874847
439,427,12.101286
435,428,11.710422
440,428,14.331647
432,429,8.828391
435,429,13.275684
436,429,5.8879457
439,429,9.530733
443,429,13.595487
431,430,9.063387
433,430,12.076823
438,430,7.580221
441,430,14.531335
432,431,11.80049
438,431,10.1335535
441,431,11.023561
436,432,7.832039
443,432,12.642454
436,435,14.94933
439,435,7.466751
440,435,6.900788
439,436,8.455811
443,436,7.734757
442,437,6.1725826
446,437,14.703764
441,438,8.315949
440,439,10.767357
443,439,11.612773
445,439,12.09739
445,440,14.822732
449,440,14.772303
446,442,8.532163
445,443,11.594889
448,443,11.339278
447,444,11.616604
448,445,14.26957
451,446,13.450524
452,446,14.270001
455,447,12.675554
456,448,13.280223
450,449,9.308047
453,449,13.788007
453,450,9.069079
459,451,11.134111
463,452,14.690714
464,453,13.179835
455,454,11.151548
456,454,12.964884
462,454,10.054419
457,455,6.043233
458,455,10.625236
462,455,13.463065
465,455,11.598407
467,456,13.168443
458,457,5.387982
462,457,14.986045
465,457,8.532955
470,457,14.45745
472,457,12.0364485
465,458,12.113459
470,458,11.701256
472,458,12.384399
474,459,12.790106
466,461,14.249484
468,461,5.850906
473,461,8.952909
476,461,11.020549
465,462,10.115648
467,462,9.607531
475,462,7.894884
477,463,8.563578
471,464,11.152276
470,465,14.008296
472,465,7.5205784
475,465,13.873717
470,466,8.613554
473,466,10.513002
475,467,7.3480954
473,468,7.596513
476,468,5.2515354
472,470,7.531644
476,473,10.705739
477,474,10.326412
