Object,Neighbor,Distance
1,5,10.120092
1,6,14.355331
1,10,6.878276
1,14,14.606265
2,15,9.922508
2,20,14.553128
3,5,10.563475
3,18,10.789562
3,20,13.778328
4,7,13.242704
4,9,6.97944
4,11,6.2312546
4,17,11.019477
5,10,13.637511
5,18,9.457953
6,7,12.039812
6,10,11.8724
6,13,10.484101
6,14,8.352393
7,9,10.50221
7,13,7.8512244
8,22,14.993687
9,11,5.9946647
9,13,13.576579
9,17,6.201613
10,14,8.606612
11,17,5.776667
12,19,10.919955
12,23,11.373139
13,14,10.220511
14,29,14.040991
15,20,12.100127
15,27,13.594638
15,28,10.888013
16,19,8.180251
16,22,13.23406
17,26,13.273903
18,20,11.863089
18,24,7.9922147
18,25,11.793525
19,23,13.415058
19,31,11.6303215
20,24,12.645023
20,25,8.065374
20,27,9.567088
21,23,7.516203
23,31,12.847
24,25,7.1705246
24,27,14.698626
24,32,9.938102
24,38,10.384198
25,27,7.559515
25,32,7.191908
25,36,13.116685
25,38,11.639369
26,30,13.373059
26,34,8.441878
27,28,9.585358
27,32,9.964172
27,36,8.065673
28,33,8.456534
28,36,11.231909
29,30,9.102412
29,37,11.208787
29,40,11.38545
30,34,9.183941
30,40,12.427863
30,49,13.811046
31,35,12.176852
31,39,12.290023
31,41,14.918773
31,50,14.746146
32,36,10.224353
32,38,6.043118
32,42,14.091621
32,45,13.462591
32,51,13.763653
33,36,12.816049
33,43,9.111191
34,44,10.052329
34,49,14.835185
35,41,7.165365
35,52,14.265682
36,43,11.780515
36,45,8.780665
37,40,9.643305
37,42,13.493769
37,46,10.052474
38,42,8.406529
38,51,11.999434
39,48,9.696758
40,46,9.340778
40,49,10.997809
40,55,11.100213
41,50,10.036965
41,52,7.462519
42,46,11.685538
42,51,10.745687
42,58,14.178644
43,45,11.314506
44,47,8.365967
45,51,9.257391
45,57,13.915163
45,60,13.5968485
46,55,9.310882
46,56,9.389729
46,58,13.351969
48,53,12.898892
48,54,8.055739
48,59,14.795562
49,55,11.430569
50,52,11.671686
50,62,11.868176
51,57,11.425612
51,64,14.605219
53,54,6.969542
53,63,11.128133
54,63,11.018176
55,56,7.215733
55,66,11.243633
56,58,8.155127
56,65,10.648031
56,66,13.101803
57,60,9.357916
57,64,7.021428
58,64,13.20397
58,65,10.719376
59,62,8.832973
59,74,13.651239
60,61,10.0768585
60,76,14.861586
61,73,12.185855
63,67,9.908368
64,77,12.468306
65,66,13.326746
65,77,14.584581
66,68,13.603749
66,70,8.92255
66,78,14.400034
68,69,9.748483
68,70,7.193426
68,79,13.312727
69,70,14.966931
69,72,9.32832
69,79,11.443521
69,83,14.94375
70,78,9.014465
70,79,12.340503
71,73,11.336003
71,75,13.717556
71,82,13.380029
72,83,10.469549
73,76,12.970849
73,82,11.409752
73,85,13.763256
73,87,13.340717
75,89,12.322741
76,81,8.728591
76,85,10.887137
78,79,10.62437
78,88,14.33017
78,96,14.425059
79,83,11.213907
79,88,8.935918
80,84,13.058741
81,85,8.322732
81,94,10.281753
81,97,13.47165
82,85,13.528011
82,87,7.6050997
82,95,9.5357485
82,97,14.26056
83,88,10.310912
84,90,8.391464
85,87,6.9196897
85,94,13.397382
85,97,7.5041685
86,89,12.883574
86,90,9.852349
86,98,8.841788
87,95,11.515923
87,97,6.941924
87,104,13.61426
88,99,7.7793117
89,107,12.722911
90,98,7.555741
90,106,14.700954
91,93,9.68536
91,94,13.600408
91,100,11.74115
92,101,7.4495077
92,102,13.680902
92,105,12.696434
93,100,5.7837896
93,111,14.116254
94,97,12.473175
95,97,14.613708
95,104,9.277323
95,110,11.336774
96,99,14.243166
96,108,10.292839
96,109,12.578872
97,104,11.732259
98,106,14.101288
99,109,11.093379
99,113,13.326775
100,111,8.729872
100,116,14.88381
101,102,8.253566
101,105,11.271757
101,112,12.003095
102,103,7.900441
102,114,11.822587
103,106,7.658468
103,114,11.149805
104,110,9.7288065
104,117,11.012674
105,112,7.226828
105,118,11.249322
105,120,14.401507
106,114,13.131616
106,127,14.829289
107,110,13.474717
107,115,9.087227
108,109,9.512814
108,116,10.562322
109,113,12.733712
110,115,12.967188
110,117,7.6043367
110,126,12.808394
111,116,11.046478
111,122,14.254674
111,124,11.589604
112,118,9.7725725
112,120,8.04649
112,121,12.822102
113,119,9.786236
114,125,9.416502
114,127,9.075555
115,123,6.434024
115,126,12.590707
116,124,10.131647
117,126,8.567577
118,120,8.989584
118,131,10.957902
119,132,13.420532
120,121,8.329112
120,131,13.375138
121,125,8.455885
121,134,14.7227745
121,138,13.241559
122,124,11.359234
122,130,14.824451
122,135,10.328657
123,126,9.003363
123,133,10.28455
125,127,10.881598
125,134,9.152116
125,142,14.946854
126,133,9.712307
126,137,13.788494
127,128,11.549138
127,134,11.827907
128,136,9.351632
128,141,14.612706
130,135,12.993845
130,145,14.4244585
133,137,14.649703
133,139,9.064921
133,143,10.878325
134,140,10.847866
134,142,6.97169
134,144,12.073046
136,140,12.174267
136,141,6.17504
136,149,14.1559725
137,143,10.279442
137,150,14.83026
138,144,9.729857
138,152,13.074369
138,153,13.751588
139,143,14.587912
139,148,13.409711
139,151,11.116936
140,141,8.25962
140,142,11.263921
140,149,13.141969
141,149,8.683954
142,144,6.9064207
142,153,13.854082
142,158,14.117212
143,150,10.395198
143,151,12.542932
144,153,8.958344
144,158,14.517775
145,156,11.598558
146,147,9.374491
146,159,14.21415
147,159,11.973611
148,151,14.324939
149,167,12.475023
150,156,12.719912
150,162,11.344474
152,153,11.554514
152,157,9.123682
152,165,10.222736
152,169,12.830733
153,158,10.861821
153,165,12.061597
153,173,11.765012
153,174,14.793228
154,166,14.596578
154,170,9.992776
155,166,8.004607
156,162,12.601755
157,165,13.865259
157,169,5.435242
157,178,14.106626
158,171,11.892642
158,173,13.742526
158,174,10.252779
159,164,8.525147
159,183,13.026389
160,164,10.516372
160,185,12.553227
161,167,13.739324
161,179,13.878837
162,182,10.815672
162,191,13.657259
163,168,6.6773663
163,172,7.634108
163,176,13.982185
163,193,14.306617
164,183,13.496441
165,169,13.428547
165,173,6.9814095
165,174,14.585
165,178,11.049445
165,190,13.5152
166,180,9.556527
167,177,9.050381
168,169,13.640636
168,172,13.697784
168,176,8.457069
168,193,12.927796
169,176,12.093719
169,178,9.619238
169,187,13.626584
170,181,7.549122
171,174,14.549582
171,177,9.52445
171,197,14.667596
172,175,13.329236
172,188,13.000086
172,198,14.174382
173,174,7.6358705
173,190,9.638975
173,196,14.986089
174,190,11.196444
175,186,5.6060395
175,188,8.371396
176,178,13.759675
176,187,7.5126457
176,193,9.461573
176,205,13.345903
177,197,13.70232
178,187,9.540605
178,196,11.186862
179,182,12.801399
179,199,10.092001
179,203,12.428572
180,189,10.667143
181,194,9.85894
181,200,11.869218
182,191,11.786465
182,199,11.28138
182,201,9.884997
183,195,12.581179
183,200,11.749252
183,202,9.267866
184,191,9.050581
184,192,11.141944
184,206,13.977979
185,192,9.70455
185,195,10.230933
185,207,14.506638
185,210,11.207824
186,188,6.9207644
186,204,11.672309
186,208,14.008414
187,193,13.258638
187,205,13.6257305
188,198,9.826667
188,208,10.796354
189,194,12.016611
189,213,12.45093
190,196,7.687401
190,209,10.955315
191,201,11.756323
191,206,13.923138
192,206,13.099967
192,210,10.144424
193,198,10.740764
193,205,6.409607
194,213,10.681529
195,202,9.255342
195,207,6.940282
195,210,11.030317
196,209,11.922104
196,211,9.289341
196,215,14.814868
197,212,11.726325
198,205,12.024921
198,208,11.425501
199,201,8.2097025
199,203,11.196862
199,228,14.530363
200,202,11.558809
201,219,12.612812
201,228,13.51044
202,207,10.5006695
203,221,14.677666
204,208,12.821338
204,214,8.822542
205,222,14.478555
206,235,13.49357
207,210,8.503743
207,216,8.768377
208,214,14.02405
208,231,13.283037
209,211,13.12466
209,215,9.41791
209,218,9.669654
210,216,8.925211
211,215,9.099886
212,220,9.155844
212,224,9.37274
213,217,8.693602
213,226,8.973182
214,231,10.935959
214,233,13.497411
214,234,9.19362
215,218,8.674658
216,236,13.424
217,226,6.915379
217,229,7.568639
218,227,12.674122
218,230,7.11179
218,242,12.952045
219,228,10.410224
219,238,13.174135
220,224,5.9279804
220,227,6.92775
220,230,12.337577
220,237,12.733847
220,245,13.823051
221,228,14.244229
221,232,8.503322
221,239,11.74598
221,249,14.34689
222,223,12.729809
223,244,11.556771
224,227,11.190578
224,237,8.189688
224,245,13.941897
225,229,10.14549
226,229,10.245119
227,230,6.05854
227,237,14.542455
227,245,9.839464
228,238,14.211251
228,239,14.216366
230,242,11.659675
230,245,12.946762
231,234,7.9087396
231,243,11.137637
232,240,7.7011595
232,249,10.973276
233,234,12.366527
233,241,11.219648
234,241,8.220863
234,243,14.852689
235,246,9.388302
235,247,11.500279
236,262,13.842266
237,245,10.931703
237,250,13.581943
238,247,10.429714
238,261,12.66113
239,249,12.261807
239,260,13.258472
240,249,7.904715
240,250,7.5876937
241,265,13.163848
242,248,8.050288
242,258,14.740145
244,255,12.44445
244,264,14.997049
245,258,10.278791
246,247,10.779711
246,254,10.749362
246,256,8.825119
247,254,10.407651
247,261,12.982572
248,271,14.325924
249,250,11.929421
249,260,8.70318
251,257,6.8988914
252,253,6.971277
252,263,6.756383
253,263,11.445336
254,256,8.703456
254,279,12.406173
255,264,12.433084
255,267,12.31712
255,272,12.153801
256,262,11.198535
258,268,9.615943
259,262,13.157528
259,274,11.144529
260,278,12.8242035
261,275,11.826064
262,274,11.950843
262,277,10.664565
264,269,11.067274
264,287,14.92987
265,270,13.765864
266,276,14.065044
266,284,14.368032
267,270,10.578829
267,272,7.0152297
268,271,14.649665
268,273,8.024853
269,271,9.819929
271,273,7.2955904
274,277,8.080488
274,288,13.056696
275,278,12.174867
275,281,13.074521
276,282,8.136859
276,284,8.283711
277,280,11.372331
277,288,8.412481
278,282,12.87429
278,286,8.325665
279,280,11.095102
279,281,9.110637
280,288,12.543857
282,284,12.507028
282,286,13.028901
283,290,13.518401
283,291,8.178324
285,295,8.689488
285,297,13.422879
286,294,7.985869
287,296,8.503113
288,292,14.390675
290,291,11.61741
292,303,14.388929
293,299,6.3054028
293,305,13.210117
293,309,14.299068
295,297,7.4761786
295,308,14.819635
296,306,14.636998
298,312,13.321427
299,305,8.648012
299,306,14.652798
299,309,8.184387
300,302,8.128959
300,303,8.185499
300,310,13.756077
300,313,9.819095
301,308,8.402191
301,314,12.142868
301,316,9.433759
301,317,14.186678
302,310,10.015182
303,313,7.404286
304,311,10.130439
304,315,11.822374
304,322,12.214361
305,306,6.8600783
305,309,10.302223
305,324,14.891731
306,324,13.087107
307,311,7.0065784
307,319,8.414535
308,316,9.54912
308,317,6.007061
309,315,11.292421
310,312,9.689038
310,313,14.9424095
311,319,11.792067
311,322,11.010044
312,321,9.895016
314,316,9.166043
315,329,14.569839
316,317,11.844694
317,332,14.965009
318,320,13.376838
318,326,11.108074
319,323,7.9043455
320,326,12.556465
320,327,9.969469
321,333,9.468051
322,329,10.982942
322,331,9.758361
322,339,12.589679
324,327,14.587932
324,340,12.700462
326,327,10.136216
326,344,11.300768
327,340,14.023788
328,329,13.365408
329,339,9.831758
330,343,9.762182
331,339,10.16897
331,342,7.867248
332,338,9.949226
333,351,14.578566
334,335,14.3529415
334,341,6.9823313
335,336,11.0782175
335,341,9.906726
336,338,14.361666
337,345,9.177769
337,349,9.862209
339,342,7.4101257
340,353,13.515772
342,347,12.93585
344,350,10.533195
344,352,13.7053385
345,349,7.242923
346,359,14.811307
348,351,11.934653
349,354,13.511606
349,355,14.103833
350,356,11.244793
352,361,14.273553
352,362,14.767017
354,355,6.603733
354,363,14.350369
354,367,12.190817
355,367,10.027544
355,371,14.244704
357,364,6.8646197
358,374,12.406389
359,370,9.876495
359,375,14.712502
360,366,7.7591524
361,362,9.633149
361,372,10.494049
361,377,11.033722
362,377,13.337256
363,367,6.671377
363,376,9.627352
367,376,6.365145
367,388,13.759506
368,379,11.630587
368,380,13.698122
369,381,13.641992
370,374,14.968097
370,375,6.2651234
371,373,14.389872
371,383,12.871104
372,377,9.576484
372,382,7.6636634
373,384,12.756414
373,386,8.282742
374,375,12.66035
374,387,10.785275
376,383,12.042767
376,388,7.3977356
377,382,10.194946
377,385,7.883556
378,381,8.896957
379,384,10.490304
380,389,7.984751
382,385,14.44904
383,388,9.066219
384,386,10.502789
5,1,10.120092
6,1,14.355331
10,1,6.878276
14,1,14.606265
15,2,9.922508
20,2,14.553128
5,3,10.563475
18,3,10.789562
20,3,13.778328
7,4,13.242704
9,4,6.97944
11,4,6.2312546
17,4,11.019477
10,5,13.637511
18,5,9.457953
7,6,12.039812
10,6,11.8724
13,6,10.484101
14,6,8.352393
9,7,10.50221
13,7,7.8512244
22,8,14.993687
11,9,5.9946647
13,9,13.576579
17,9,6.201613
14,10,8.606612
17,11,5.776667
19,12,10.919955
23,12,11.373139
14,13,10.220511
29,14,14.040991
20,15,12.100127
27,15,13.594638
28,15,10.888013
19,16,8.180251
22,16,13.23406
26,17,13.273903
20,18,11.863089
24,18,7.9922147
25,18,11.793525
23,19,13.415058
31,19,11.6303215
24,20,12.645023
25,20,8.065374
27,20,9.567088
23,21,7.516203
31,23,12.847
25,24,7.1705246
27,24,14.698626
32,24,9.938102
38,24,10.384198
27,25,7.559515
32,25,7.191908
36,25,13.116685
38,25,11.639369
30,26,13.373059
34,26,8.441878
28,27,9.585358
32,27,9.964172
36,27,8.065673
33,28,8.456534
36,28,11.231909
30,29,9.102412
37,29,11.208787
40,29,11.38545
34,30,9.183941
40,30,12.427863
49,30,13.811046
35,31,12.176852
39,31,12.290023
41,31,14.918773
50,31,14.746146
36,32,10.224353
38,32,6.043118
42,32,14.091621
45,32,13.462591
51,32,13.763653
36,33,12.816049
43,33,9.111191
44,34,10.052329
49,34,14.835185
41,35,7.165365
52,35,14.265682
43,36,11.780515
45,36,8.780665
40,37,9.643305
42,37,13.493769
46,37,10.052474
42,38,8.406529
51,38,11.999434
48,39,9.696758
46,40,9.340778
49,40,10.997809
55,40,11.100213
50,41,10.036965
52,41,7.462519
46,42,11.685538
51,42,10.745687
58,42,14.178644
45,43,11.314506
47,44,8.365967
51,45,9.257391
57,45,13.915163
60,45,13.5968485
55,46,9.310882
56,46,9.389729
58,46,13.351969
53,48,12.898892
54,48,8.055739
59,48,14.795562
55,49,11.430569
52,50,11.671686
62,50,11.868176
57,51,11.425612
64,51,14.605219
54,53,6.969542
63,53,11.128133
63,54,11.018176
56,55,7.215733
66,55,11.243633
58,56,8.155127
65,56,10.648031
66,56,13.101803
60,57,9.357916
64,57,7.021428
64,58,13.20397
65,58,10.719376
62,59,8.832973
74,59,13.651239
61,60,10.0768585
76,60,14.861586
73,61,12.185855
67,63,9.908368
77,64,12.468306
66,65,13.326746
77,65,14.584581
68,66,13.603749
70,66,8.92255
78,66,14.400034
69,68,9.748483
70,68,7.193426
79,68,13.312727
70,69,14.966931
72,69,9.32832
79,69,11.443521
83,69,14.94375
78,70,9.014465
79,70,12.340503
73,71,11.336003
75,71,13.717556
82,71,13.380029
83,72,10.469549
76,73,12.970849
82,73,11.409752
85,73,13.763256
87,73,13.340717
89,75,12.322741
81,76,8.728591
85,76,10.887137
79,78,10.62437
88,78,14.33017
96,78,14.425059
83,79,11.213907
88,79,8.935918
84,80,13.058741
85,81,8.322732
94,81,10.281753
97,81,13.47165
85,82,13.528011
87,82,7.6050997
95,82,9.5357485
97,82,14.26056
88,83,10.310912
90,84,8.391464
87,85,6.9196897
94,85,13.397382
97,85,7.5041685
89,86,12.883574
90,86,9.852349
98,86,8.841788
95,87,11.515923
97,87,6.941924
104,87,13.61426
99,88,7.7793117
107,89,12.722911
98,90,7.555741
106,90,14.700954
93,91,9.68536
94,91,13.600408
100,91,11.74115
101,92,7.4495077
102,92,13.680902
105,92,12.696434
100,93,5.7837896
111,93,14.116254
97,94,12.473175
97,95,14.613708
104,95,9.277323
110,95,11.336774
99,96,14.243166
108,96,10.292839
109,96,12.578872
104,97,11.732259
106,98,14.101288
109,99,11.093379
113,99,13.326775
111,100,8.729872
116,100,14.88381
102,101,8.253566
105,101,11.271757
112,101,12.003095
103,102,7.900441
114,102,11.822587
106,103,7.658468
114,103,11.149805
110,104,9.7288065
117,104,11.012674
112,105,7.226828
118,105,11.249322
120,105,14.401507
114,106,13.131616
127,106,14.829289
110,107,13.474717
115,107,9.087227
109,108,9.512814
116,108,10.562322
113,109,12.733712
115,110,12.967188
117,110,7.6043367
126,110,12.808394
116,111,11.046478
122,111,14.254674
124,111,11.589604
118,112,9.7725725
120,112,8.04649
121,112,12.822102
119,113,9.786236
125,114,9.416502
127,114,9.075555
123,115,6.434024
126,115,12.590707
124,116,10.131647
126,117,8.567577
120,118,8.989584
131,118,10.957902
132,119,13.420532
121,120,8.329112
131,120,13.375138
125,121,8.455885
134,121,14.7227745
138,121,13.241559
124,122,11.359234
130,122,14.824451
135,122,10.328657
126,123,9.003363
133,123,10.28455
127,125,10.881598
134,125,9.152116
142,125,14.946854
133,126,9.712307
137,126,13.788494
128,127,11.549138
134,127,11.827907
136,128,9.351632
141,128,14.612706
135,130,12.993845
145,130,14.4244585
137,133,14.649703
139,133,9.064921
143,133,10.878325
140,134,10.847866
142,134,6.97169
144,134,12.073046
140,136,12.174267
141,136,6.17504
149,136,14.1559725
143,137,10.279442
150,137,14.83026
144,138,9.729857
152,138,13.074369
153,138,13.751588
143,139,14.587912
148,139,13.409711
151,139,11.116936
141,140,8.25962
142,140,11.263921
149,140,13.141969
149,141,8.683954
144,142,6.9064207
153,142,13.854082
158,142,14.117212
150,143,10.395198
151,143,12.542932
153,144,8.958344
158,144,14.517775
156,145,11.598558
147,146,9.374491
159,146,14.21415
159,147,11.973611
151,148,14.324939
167,149,12.475023
156,150,12.719912
162,150,11.344474
153,152,11.554514
157,152,9.123682
165,152,10.222736
169,152,12.830733
158,153,10.861821
165,153,12.061597
173,153,11.765012
174,153,14.793228
166,154,14.596578
170,154,9.992776
166,155,8.004607
162,156,12.601755
165,157,13.865259
169,157,5.435242
178,157,14.106626
171,158,11.892642
173,158,13.742526
174,158,10.252779
164,159,8.525147
183,159,13.026389
164,160,10.516372
185,160,12.553227
167,161,13.739324
179,161,13.878837
182,162,10.815672
191,162,13.657259
168,163,6.6773663
172,163,7.634108
176,163,13.982185
193,163,14.306617
183,164,13.496441
169,165,13.428547
173,165,6.9814095
174,165,14.585
178,165,11.049445
190,165,13.5152
180,166,9.556527
177,167,9.050381
169,168,13.640636
172,168,13.697784
176,168,8.457069
193,168,12.927796
176,169,12.093719
178,169,9.619238
187,169,13.626584
181,170,7.549122
174,171,14.549582
177,171,9.52445
197,171,14.667596
175,172,13.329236
188,172,13.000086
198,172,14.174382
174,173,7.6358705
190,173,9.638975
196,173,14.986089
190,174,11.196444
186,175,5.6060395
188,175,8.371396
178,176,13.759675
187,176,7.5126457
193,176,9.461573
205,176,13.345903
197,177,13.70232
187,178,9.540605
196,178,11.186862
182,179,12.801399
199,179,10.092001
203,179,12.428572
189,180,10.667143
194,181,9.85894
200,181,11.869218
191,182,11.786465
199,182,11.28138
201,182,9.884997
195,183,12.581179
200,183,11.749252
202,183,9.267866
191,184,9.050581
192,184,11.141944
206,184,13.977979
192,185,9.70455
195,185,10.230933
207,185,14.506638
210,185,11.207824
188,186,6.9207644
204,186,11.672309
208,186,14.008414
193,187,13.258638
205,187,13.6257305
198,188,9.826667
208,188,10.796354
194,189,12.016611
213,189,12.45093
196,190,7.687401
209,190,10.955315
201,191,11.756323
206,191,13.923138
206,192,13.099967
210,192,10.144424
198,193,10.740764
205,193,6.409607
213,194,10.681529
202,195,9.255342
207,195,6.940282
210,195,11.030317
209,196,11.922104
211,196,9.289341
215,196,14.814868
212,197,11.726325
205,198,12.024921
208,198,11.425501
201,199,8.2097025
203,199,11.196862
228,199,14.530363
202,200,11.558809
219,201,12.612812
228,201,13.51044
207,202,10.5006695
221,203,14.677666
208,204,12.821338
214,204,8.822542
222,205,14.478555
235,206,13.49357
210,207,8.503743
216,207,8.768377
214,208,14.02405
231,208,13.283037
211,209,13.12466
215,209,9.41791
218,209,9.669654
216,210,8.925211
215,211,9.099886
220,212,9.155844
224,212,9.37274
217,213,8.693602
226,213,8.973182
231,214,10.935959
233,214,13.497411
234,214,9.19362
218,215,8.674658
236,216,13.424
226,217,6.915379
229,217,7.568639
227,218,12.674122
230,218,7.11179
242,218,12.952045
228,219,10.410224
238,219,13.174135
224,220,5.9279804
227,220,6.92775
230,220,12.337577
237,220,12.733847
245,220,13.823051
228,221,14.244229
232,221,8.503322
239,221,11.74598
249,221,14.34689
223,222,12.729809
244,223,11.556771
227,224,11.190578
237,224,8.189688
245,224,13.941897
229,225,10.14549
229,226,10.245119
230,227,6.05854
237,227,14.542455
245,227,9.839464
238,228,14.211251
239,228,14.216366
242,230,11.659675
245,230,12.946762
234,231,7.9087396
243,231,11.137637
240,232,7.7011595
249,232,10.973276
234,233,12.366527
241,233,11.219648
241,234,8.220863
243,234,14.852689
246,235,9.388302
247,235,11.500279
262,236,13.842266
245,237,10.931703
250,237,13.581943
247,238,10.429714
261,238,12.66113
249,239,12.261807
260,239,13.258472
249,240,7.904715
250,240,7.5876937
265,241,13.163848
248,242,8.050288
258,242,14.740145
255,244,12.44445
264,244,14.997049
258,245,10.278791
247,246,10.779711
254,246,10.749362
256,246,8.825119
254,247,10.407651
261,247,12.982572
271,248,14.325924
250,249,11.929421
260,249,8.70318
257,251,6.8988914
253,252,6.971277
263,252,6.756383
263,253,11.445336
256,254,8.703456
279,254,12.406173
264,255,12.433084
267,255,12.31712
272,255,12.153801
262,256,11.198535
268,258,9.615943
262,259,13.157528
274,259,11.144529
278,260,12.8242035
275,261,11.826064
274,262,11.950843
277,262,10.664565
269,264,11.067274
287,264,14.92987
270,265,13.765864
276,266,14.065044
284,266,14.368032
270,267,10.578829
272,267,7.0152297
271,268,14.649665
273,268,8.024853
271,269,9.819929
273,271,7.2955904
277,274,8.080488
288,274,13.056696
278,275,12.174867
281,275,13.074521
282,276,8.136859
284,276,8.283711
280,277,11.372331
288,277,8.412481
282,278,12.87429
286,278,8.325665
280,279,11.095102
281,279,9.110637
288,280,12.543857
284,282,12.507028
286,282,13.028901
290,283,13.518401
291,283,8.178324
295,285,8.689488
297,285,13.422879
294,286,7.985869
296,287,8.503113
292,288,14.390675
291,290,11.61741
303,292,14.388929
299,293,6.3054028
305,293,13.210117
309,293,14.299068
297,295,7.4761786
308,295,14.819635
306,296,14.636998
312,298,13.321427
305,299,8.648012
306,299,14.652798
309,299,8.184387
302,300,8.128959
303,300,8.185499
310,300,13.756077
313,300,9.819095
308,301,8.402191
314,301,12.142868
316,301,9.433759
317,301,14.186678
310,302,10.015182
313,303,7.404286
311,304,10.130439
315,304,11.822374
322,304,12.214361
306,305,6.8600783
309,305,10.302223
324,305,14.891731
324,306,13.087107
311,307,7.0065784
319,307,8.414535
316,308,9.54912
317,308,6.007061
315,309,11.292421
312,310,9.689038
313,310,14.9424095
319,311,11.792067
322,311,11.010044
321,312,9.895016
316,314,9.166043
329,315,14.569839
317,316,11.844694
332,317,14.965009
320,318,13.376838
326,318,11.108074
323,319,7.9043455
326,320,12.556465
327,320,9.969469
333,321,9.468051
329,322,10.982942
331,322,9.758361
339,322,12.589679
327,324,14.587932
340,324,12.700462
327,326,10.136216
344,326,11.300768
340,327,14.023788
329,328,13.365408
339,329,9.831758
343,330,9.762182
339,331,10.16897
342,331,7.867248
338,332,9.949226
351,333,14.578566
335,334,14.3529415
341,334,6.9823313
336,335,11.0782175
341,335,9.906726
338,336,14.361666
345,337,9.177769
349,337,9.862209
342,339,7.4101257
353,340,13.515772
347,342,12.93585
350,344,10.533195
352,344,13.7053385
349,345,7.242923
359,346,14.811307
351,348,11.934653
354,349,13.511606
355,349,14.103833
356,350,11.244793
361,352,14.273553
362,352,14.767017
355,354,6.603733
363,354,14.350369
367,354,12.190817
367,355,10.027544
371,355,14.244704
364,357,6.8646197
374,358,12.406389
370,359,9.876495
375,359,14.712502
366,360,7.7591524
362,361,9.633149
372,361,10.494049
377,361,11.033722
377,362,13.337256
367,363,6.671377
376,363,9.627352
376,367,6.365145
388,367,13.759506
379,368,11.630587
380,368,13.698122
381,369,13.641992
374,370,14.968097
375,370,6.2651234
373,371,14.389872
383,371,12.871104
377,372,9.576484
382,372,7.6636634
384,373,12.756414
386,373,8.282742
375,374,12.66035
387,374,10.785275
383,376,12.042767
388,376,7.3977356
382,377,10.194946
385,377,7.883556
381,378,8.896957
384,379,10.490304
389,380,7.984751
385,382,14.44904
388,383,9.066219
386,384,10.502789
