Object,Neighbor,Distance
1,5,7.308791
1,42,11.62048
1,44,13.972291
1,49,14.90573
2,12,10.305835
2,34,8.940196
3,13,7.6760287
3,27,12.002109
3,35,8.473952
4,18,11.906134
4,21,13.498422
4,36,11.536431
4,47,14.510174
5,42,12.41804
5,49,12.776887
6,45,13.51325
6,66,14.850218
7,37,8.30637
7,55,13.87001
8,15,12.439044
8,21,6.138526
8,43,10.276779
8,47,13.850665
9,20,8.451105
9,30,7.5692763
9,54,13.523018
10,32,6.4858794
10,38,11.569021
11,12,12.136988
11,31,6.6089234
11,50,14.108791
12,31,9.185776
12,34,7.749036
13,35,10.312833
13,58,13.210707
14,19,14.617871
14,33,11.877667
14,40,13.556757
14,52,10.412449
15,39,8.818938
15,43,12.116568
15,46,9.462469
16,28,7.8299794
17,28,10.846189
17,29,14.974081
18,36,13.964956
18,56,11.763219
19,40,6.25259
19,51,12.49212
19,63,14.085515
20,30,14.0440855
21,43,10.666482
21,47,8.167108
22,41,9.066862
22,44,8.916155
24,29,7.20077
24,45,9.09549
24,59,10.559911
25,48,7.6976686
26,27,14.307648
27,35,9.169891
27,81,14.383926
28,68,12.453122
29,59,13.604175
29,60,11.908382
30,54,7.8338037
30,57,9.8051
31,34,13.082333
31,50,13.158803
32,38,10.892645
32,67,11.153536
33,39,11.744368
33,52,13.208294
33,64,12.091222
34,76,13.021399
35,58,9.569092
36,47,10.70246
36,56,13.342671
37,55,7.0191097
37,69,11.013689
37,77,12.824371
38,61,8.816996
38,67,11.374909
39,43,14.173024
39,46,7.2747607
39,64,7.797697
40,51,9.987464
40,52,11.312296
40,63,7.943326
41,44,14.777256
41,73,12.806148
42,44,9.949575
42,49,5.520869
42,72,9.58667
42,94,14.912233
43,46,7.2779646
43,47,12.40389
43,71,8.616934
43,85,14.07647
44,72,10.266915
44,86,13.582483
45,59,8.904665
45,66,12.475376
46,64,10.610768
46,71,11.99397
46,85,13.283575
47,71,12.385577
48,73,14.659766
49,72,11.8703575
49,94,13.913034
50,57,13.058763
51,63,10.128109
51,70,12.052534
51,102,13.533524
52,63,9.930167
53,66,9.898965
53,79,9.460882
53,82,9.46012
54,57,8.788084
54,75,11.726431
54,83,8.733049
54,95,11.948812
55,69,12.537176
55,77,5.976596
56,98,13.318948
57,83,14.657042
57,95,13.23018
58,62,7.8724327
58,91,12.873221
58,106,14.979163
59,60,11.197074
59,89,9.506149
60,74,10.557836
60,89,12.160006
60,92,13.824949
61,67,9.847059
61,78,14.989519
61,97,14.5710125
61,100,14.105566
62,104,12.813593
63,102,10.945167
64,107,14.365828
65,88,12.43175
66,82,8.786324
66,115,13.996666
67,100,10.023807
68,74,11.774597
68,88,8.9371605
68,92,13.565354
68,110,12.054617
68,112,13.52104
69,77,14.817318
69,90,12.066022
69,96,8.265882
71,85,7.759217
72,86,7.949721
72,94,8.346361
72,108,9.314844
72,117,13.156988
73,93,11.30368
74,92,5.5916834
74,110,13.692874
74,113,11.5037365
75,79,10.343233
75,83,7.630696
75,95,14.658074
75,127,14.9579315
76,80,7.5232215
76,90,7.176559
76,111,9.389871
77,124,14.117663
78,87,13.053786
78,97,7.052682
78,128,12.579847
79,82,9.088086
79,127,12.991634
79,131,13.499486
80,90,13.409182
80,111,9.8646345
81,87,13.288385
81,91,14.0383215
81,103,9.392135
81,125,14.242477
82,115,9.542703
82,131,9.813116
82,143,14.292759
83,95,7.0723176
83,122,10.569857
84,101,8.3082485
85,126,14.858991
85,135,10.408408
85,137,13.738597
86,93,11.929291
86,94,11.730608
86,108,6.977178
86,117,12.090998
86,129,10.8264265
87,103,8.847056
88,110,10.223935
88,112,6.1190124
88,142,14.533645
89,118,9.681051
89,130,11.079725
90,96,9.1902075
90,111,8.64982
90,134,10.140046
91,106,8.941801
91,125,9.23311
92,110,10.094749
92,113,5.912637
92,130,13.503496
92,133,10.79769
92,147,13.7088175
93,138,10.639932
94,108,6.845456
94,117,6.933647
94,120,9.659462
94,129,11.792785
95,114,14.922997
95,122,9.309117
95,136,14.357828
96,134,9.616175
97,128,7.0277386
97,155,13.514261
98,157,12.36551
99,109,8.772688
99,121,6.8747525
99,141,12.53531
101,104,11.710467
101,168,14.839349
102,119,8.521134
103,125,14.137763
104,106,9.919812
104,154,11.558067
105,107,10.050555
105,145,11.888615
105,156,13.431696
106,125,13.62446
106,154,11.262179
107,126,13.024502
107,151,12.473477
107,156,14.733085
108,117,5.1260133
108,120,13.276969
108,129,6.0659842
109,121,10.548629
109,141,6.719331
109,142,14.340436
109,160,12.907547
109,172,14.580684
110,112,7.753584
110,113,9.030041
110,133,14.184974
110,147,10.757066
111,134,12.779436
111,139,9.827616
111,165,13.918774
112,142,9.620214
113,130,11.039463
113,133,5.8368254
113,147,7.997812
113,180,13.332969
114,123,11.419388
114,136,8.12676
114,144,5.431043
114,148,11.389756
115,131,7.027642
115,143,11.920256
115,164,13.411646
115,173,14.118381
116,137,10.901937
117,120,8.879878
117,129,5.8841143
117,162,12.220878
117,175,14.821174
118,130,14.378114
118,149,10.402652
119,140,11.927549
119,150,8.032187
119,184,14.376854
120,129,14.348155
120,153,10.531295
120,162,11.416179
120,163,8.494847
121,141,10.039651
121,153,9.241822
121,160,10.48687
121,163,14.892452
121,176,13.950916
122,127,13.9508295
122,191,10.705106
123,139,9.32155
123,144,6.067248
123,148,6.4734735
123,158,8.640126
123,165,12.573467
125,166,10.163904
125,167,11.947567
126,135,10.551538
126,151,11.297233
126,170,9.9152355
127,131,11.544644
127,143,8.010257
127,182,14.503522
127,183,12.307906
128,155,6.5264473
128,159,11.041152
128,181,13.7290535
129,161,11.660591
129,162,13.466331
129,175,11.000111
130,133,6.855129
130,147,14.556824
130,149,12.091442
130,180,12.403625
130,186,14.483573
131,143,5.2493587
131,164,10.528545
132,140,6.6910167
132,150,14.320523
132,169,10.799154
132,174,10.878907
133,147,7.7691703
133,180,8.628203
133,186,14.898365
133,197,14.548349
135,137,6.891377
136,144,11.809285
136,148,12.761851
136,196,12.983921
138,146,8.32979
138,161,10.038954
138,171,7.4967856
138,187,13.554162
139,148,12.122395
139,158,7.5285797
139,165,5.275925
140,150,7.6376605
140,169,14.727138
140,174,8.5173025
141,142,13.2275505
141,160,6.6464233
141,172,7.9011507
141,185,13.771626
141,194,12.585884
141,204,13.721599
142,172,14.949435
142,185,11.170279
142,199,13.03725
143,164,8.604205
143,182,11.3545685
143,183,13.355431
144,148,8.034633
144,158,13.314552
145,156,9.44934
145,178,9.5898485
146,152,9.129975
146,171,7.469099
146,187,8.131646
147,180,8.60669
147,197,9.141551
148,158,6.6005335
148,165,12.730727
149,186,10.98154
150,174,10.995764
150,184,8.977449
151,156,7.0579343
151,170,7.12784
151,193,9.1668825
151,205,12.676231
152,187,11.087086
153,160,12.147169
153,162,14.6433935
153,163,5.917831
153,176,7.3200727
153,194,13.107796
154,168,12.164988
154,189,8.177326
154,192,13.317081
154,207,13.36688
155,159,7.250655
155,181,10.9534445
155,195,9.270823
156,170,13.321913
156,193,12.7743225
156,205,11.381882
157,179,10.296135
157,206,12.620346
158,165,6.292687
159,195,12.93995
160,172,4.949236
160,176,10.27474
160,185,13.760152
160,194,6.130652
160,204,9.527499
160,219,13.672732
160,220,14.770644
161,171,11.218789
161,175,7.5713596
161,198,14.614335
162,163,8.73855
162,175,11.416519
162,198,9.471946
163,176,9.235597
163,214,13.729394
164,173,9.585554
164,182,8.654975
164,183,14.534204
164,212,11.827478
164,216,12.263542
165,235,14.661273
166,167,10.078883
166,188,12.3975115
166,192,7.4157863
166,207,14.6318
166,225,12.373186
167,188,7.3719587
168,169,14.17912
168,189,11.972131
168,190,8.858099
168,202,13.462103
168,208,10.398045
168,211,11.531242
169,174,11.012042
169,190,8.559426
169,202,8.673599
170,193,5.482683
170,205,13.035568
170,226,14.60554
171,187,7.1682405
171,213,10.228586
172,176,13.646463
172,185,8.894027
172,194,6.8532424
172,204,5.8210382
172,219,14.149845
172,220,10.906686
173,216,10.81894
174,184,14.794991
174,230,12.644698
175,198,7.38989
176,194,7.6653004
176,204,14.393212
176,214,9.947865
176,219,8.481544
177,181,11.716655
177,217,10.368165
178,184,11.222384
178,210,7.3350253
178,231,9.718527
179,206,10.888931
179,233,11.087037
180,186,8.953573
180,197,8.226562
180,215,14.860786
180,224,13.865044
181,195,8.79487
181,217,13.928464
182,183,6.80578
182,212,7.805938
182,216,14.412122
182,246,13.761755
183,191,11.018179
183,209,14.920329
183,212,13.16555
183,246,14.43777
184,210,9.182782
184,244,12.9846735
185,194,14.467781
185,199,10.020372
185,204,8.701327
185,220,9.951893
185,236,13.537203
186,224,11.718705
186,229,14.44274
187,213,9.402206
188,225,12.654167
189,192,11.014815
189,207,6.77607
189,208,14.918988
189,211,8.022697
189,218,7.352773
189,239,13.086549
189,242,13.504828
190,202,4.614727
190,208,6.8669415
190,211,13.823882
190,243,12.487245
191,196,13.229271
191,209,10.52187
192,207,7.2650585
192,218,13.759734
192,225,7.644594
192,239,12.899651
193,205,8.16672
193,226,9.372537
194,204,6.7886662
194,214,14.210906
194,219,7.6982207
194,220,11.140491
196,209,11.453791
196,234,7.188214
197,199,14.558551
197,215,7.1747055
197,224,13.178924
197,238,11.702571
199,215,11.301436
199,236,8.598892
200,222,6.963307
200,249,14.021043
201,249,14.581501
202,208,8.501104
202,243,11.375497
202,255,12.43779
203,223,10.908334
203,228,9.098365
204,219,11.308822
204,220,5.2572136
204,253,12.492143
204,257,12.550555
205,226,8.437813
205,232,9.156321
206,233,7.9562902
206,250,9.480623
207,211,10.9378195
207,218,6.5442934
207,225,9.477607
207,239,7.4358644
207,242,13.203055
207,261,12.914154
208,211,8.19012
208,218,13.335355
208,242,11.043412
208,243,7.1848054
208,267,14.516349
209,234,12.325357
209,248,10.172528
209,254,10.432357
210,231,7.0533037
210,244,10.956209
210,274,14.101079
211,218,5.2880692
211,239,12.90987
211,242,6.77933
211,243,11.922926
211,267,11.92708
212,216,9.027844
212,246,10.164141
212,251,7.462779
212,273,12.526528
213,245,11.054766
213,256,9.253481
213,263,11.595068
214,219,7.927282
214,247,7.125051
214,252,11.830785
215,224,12.98159
215,236,12.865196
215,238,6.5782866
215,264,11.735936
215,271,14.27151
216,251,9.274292
216,273,14.79326
217,241,12.584397
218,225,14.965701
218,239,7.7576118
218,242,6.884938
218,261,12.482361
218,267,11.500744
218,279,12.628134
219,220,12.737839
219,247,8.904668
219,252,8.523438
219,257,13.093747
220,252,13.6433
220,253,7.2433863
220,257,8.214832
221,234,13.695739
221,235,12.572206
221,260,11.520683
221,265,10.266159
221,290,14.4221
222,249,7.2059774
222,268,9.835771
222,281,11.966965
223,227,7.198166
223,228,13.819619
223,270,13.161796
224,238,9.099529
224,271,11.33295
224,272,11.186072
225,239,9.885175
225,261,12.525542
225,282,13.441584
226,232,13.430284
226,293,12.794436
227,270,9.478616
228,233,12.7628
228,258,7.784829
228,300,12.482138
229,289,13.896143
230,244,12.87124
230,255,10.632995
230,259,8.44482
230,285,11.700547
230,292,14.662931
231,232,8.809985
231,244,14.961455
231,274,13.571994
231,283,12.582604
232,283,12.132853
233,250,7.4990854
233,258,8.87697
233,286,13.66613
233,294,13.914603
234,254,10.624676
234,260,9.757562
235,265,12.819187
235,291,13.265785
236,253,13.421572
236,264,11.235193
236,278,6.7003
236,284,10.302484
237,240,6.8022237
237,262,9.730314
237,295,12.78513
238,264,8.658905
238,271,7.8085
238,301,13.953885
239,242,10.978726
239,261,5.5293856
239,267,12.903939
239,279,9.316861
239,282,13.286643
240,262,6.893649
240,295,11.881471
241,266,6.1541657
242,243,10.170608
242,261,13.18679
242,267,5.1897445
242,279,9.710559
242,287,11.963782
243,255,11.756948
243,267,10.8674345
243,280,12.036802
243,287,9.220262
244,259,10.418611
244,274,8.9429
244,285,14.856332
244,292,10.985115
245,256,8.9182
245,263,4.4775405
245,276,8.867221
245,310,14.083453
246,248,8.745519
246,251,11.014553
246,273,11.236533
246,288,10.934492
246,304,14.148733
247,252,6.2880554
247,257,14.801342
247,296,9.780857
247,298,14.456122
248,254,10.649589
248,288,8.549007
248,305,13.561087
249,268,8.719186
249,281,6.308727
249,303,11.010071
250,258,11.371821
250,286,7.248437
250,294,10.48232
251,273,5.8444047
251,304,13.391056
252,253,13.789175
252,257,8.545855
252,296,8.990333
252,323,13.725764
253,257,5.3004336
253,278,14.421052
253,284,10.753021
253,297,9.2022085
253,313,13.545347
254,260,12.683898
254,305,11.685534
254,325,13.964265
255,259,13.348472
255,280,6.9730687
255,285,12.452362
255,316,12.601878
256,263,5.6148577
256,277,8.131262
256,312,11.370928
257,296,14.393628
257,297,11.301243
257,313,12.461442
257,323,14.58418
258,286,12.89596
258,294,9.068405
258,300,11.883841
258,321,13.117747
259,274,14.963585
259,285,4.800735
259,292,6.378402
259,317,11.35972
260,265,12.413377
260,290,7.639706
260,306,9.846458
260,325,14.870513
261,267,12.88764
261,279,6.6116176
261,282,9.396214
262,295,5.1892185
262,326,13.1915455
263,276,9.791087
263,277,12.680844
263,310,12.359995
263,312,11.282001
263,322,13.385217
264,271,8.947178
264,278,7.660609
264,284,13.034344
264,301,9.019106
264,315,12.151827
265,290,8.835089
265,291,10.918126
265,302,7.586293
265,306,14.29856
266,307,13.845187
266,324,11.2157
267,279,7.2025676
267,287,8.26107
268,281,6.592186
268,303,12.988044
268,311,9.341142
269,308,8.091656
270,309,13.448568
271,272,12.38608
271,301,7.8202066
272,289,8.737754
273,288,14.484712
273,304,7.619089
274,283,12.565675
274,292,11.044839
274,319,9.729184
274,329,14.435016
275,277,14.821422
275,318,8.730213
276,310,7.6951966
276,322,14.49601
277,312,10.007751
277,322,14.6124
277,327,9.926331
278,284,5.8993225
278,297,13.317847
278,301,14.358943
278,315,10.853766
279,282,14.90056
279,287,14.242564
279,337,14.477939
280,285,13.3052025
280,287,10.85862
280,316,6.7370176
280,317,14.585578
280,320,9.745313
281,303,6.6303377
281,307,11.914767
281,311,13.3451395
281,339,13.262027
283,314,8.771877
283,329,11.318148
284,297,7.434591
284,313,14.917708
284,315,10.19777
284,330,11.897716
285,292,6.9485955
285,316,12.222566
285,317,6.88464
286,294,6.253921
286,321,13.59886
287,316,14.4798
287,320,9.995821
288,304,10.83315
288,305,10.701859
289,299,12.750143
289,349,14.364076
290,302,11.114604
290,306,5.548431
290,325,14.191896
290,343,13.057858
291,302,7.7336054
291,311,10.083356
291,333,10.342679
292,317,9.762679
292,319,10.941932
293,314,13.151915
294,300,14.035345
294,321,7.9551663
295,326,8.193461
296,298,12.936301
296,313,14.483926
296,323,7.7842927
296,332,9.547595
297,313,7.515727
297,315,14.153742
297,330,11.7397
297,355,13.546041
298,332,12.643159
300,309,9.218055
300,321,9.905423
300,328,8.419725
300,331,9.962445
300,345,12.931063
300,348,13.735338
301,315,10.470279
301,341,12.169894
301,358,12.531855
302,306,14.965039
302,333,11.5367155
303,307,5.4462
303,336,10.143534
303,339,9.314751
304,356,9.485202
305,325,9.010728
305,359,14.290112
306,325,8.970565
306,343,8.490012
307,324,9.962437
307,336,7.200616
307,339,10.57684
308,347,12.558354
309,328,11.168192
309,331,6.041523
309,348,11.428036
309,350,12.950748
310,312,11.203949
310,322,8.261621
310,369,14.3011055
311,333,9.385346
311,344,10.12484
312,322,4.604649
312,327,10.026748
313,323,8.088613
313,330,14.9580145
313,355,10.564307
314,329,10.515842
315,330,6.873951
315,341,6.6751575
315,358,13.122816
315,374,14.104363
316,317,10.147198
316,320,7.5666184
316,351,10.085306
317,351,12.8044
317,353,14.759974
317,377,12.516172
318,327,12.115386
318,346,12.74355
318,354,12.668208
318,364,13.207728
319,329,10.100422
319,353,10.250193
320,351,11.244901
320,366,14.855267
321,328,9.327202
321,345,7.3752546
321,363,12.787851
322,327,12.989524
322,369,12.776852
322,378,14.060287
323,332,9.728027
323,371,12.853785
324,336,10.62605
324,375,14.798339
325,343,9.922818
325,359,10.551507
326,361,7.863392
327,354,9.025583
328,331,6.738927
328,345,6.5076966
328,348,6.8088107
328,363,7.529101
328,370,13.368953
328,381,11.054939
330,341,7.721154
330,355,10.552252
330,374,12.30013
331,345,13.027792
331,348,5.420332
331,350,10.968081
331,363,11.898258
331,370,10.381428
331,381,11.708734
331,384,14.890266
332,362,7.9736743
332,371,10.9536705
333,344,12.504662
333,372,13.155379
333,398,14.345333
335,340,13.586019
335,347,11.455207
335,373,10.443938
335,376,10.380931
336,339,7.3840804
336,379,12.614155
337,342,10.886433
337,360,7.2638125
337,393,13.484239
338,350,7.415952
338,357,7.4014096
338,367,6.4795213
338,384,11.988774
338,387,14.90956
339,344,10.13468
339,379,8.61484
340,360,14.089929
340,376,14.85554
340,392,13.400291
341,358,7.5740204
341,374,7.5756845
341,402,14.414815
342,366,9.330356
343,359,11.025874
343,380,9.473951
343,383,13.707797
343,390,9.156565
344,372,7.856306
344,379,10.591936
344,397,12.727289
345,348,11.039523
345,363,5.5922904
345,381,11.914756
346,364,6.635006
346,386,14.059023
346,395,11.153417
347,373,7.11174
347,376,13.942253
347,391,10.667994
347,400,12.915387
348,350,11.037644
348,363,7.803517
348,370,6.574499
348,381,6.2887025
348,384,12.48126
348,407,13.156987
349,352,11.626002
349,365,6.4055576
349,389,14.098714
349,404,12.995047
350,357,12.476546
350,367,7.0666313
350,370,7.8490047
350,381,13.9752865
350,384,6.3692865
350,415,13.694787
351,377,11.363611
351,394,8.731836
352,365,7.1561866
352,389,10.437465
353,377,10.263781
354,364,13.374197
354,386,9.552837
354,401,10.505321
355,385,8.268645
355,388,9.014862
355,403,13.0561495
356,399,12.847749
357,367,6.356886
357,384,13.813434
357,387,8.165832
357,406,13.951109
358,374,7.852758
358,402,14.880114
358,410,11.068469
358,413,13.617553
359,368,12.586504
359,380,7.621804
359,383,5.2464805
359,390,14.271212
359,419,12.794801
360,393,9.356672
360,405,12.793594
361,418,13.080752
362,371,11.607518
362,382,12.0514145
362,396,8.675819
363,370,12.016078
363,381,6.485329
363,407,14.0859
364,386,7.4551578
364,395,7.0802817
364,401,13.800777
364,420,12.316401
364,421,12.700684
365,389,8.020621
365,404,11.925133
366,412,13.784795
367,370,12.850658
367,384,7.4936366
367,387,10.432385
367,415,12.146256
368,383,13.309423
368,411,10.626936
369,378,8.554275
369,408,8.489396
370,381,6.3982587
370,384,6.3000603
370,407,8.448792
370,415,11.435128
370,426,12.637513
371,385,10.804804
371,396,13.951841
371,409,8.305966
372,379,11.604202
372,397,8.9179325
372,398,7.73247
372,414,14.863802
373,376,7.403598
373,391,5.6180987
373,392,14.628619
373,400,12.042146
374,402,7.4322286
374,403,12.22844
374,410,8.74201
375,423,11.324611
375,425,11.889702
376,391,9.967173
376,392,7.368572
376,424,14.565532
376,431,14.401859
377,394,12.720494
378,408,10.276717
378,433,12.709313
379,397,6.838219
379,414,8.675407
379,436,14.901672
380,383,6.0258746
380,390,7.3873
380,419,11.307414
380,441,14.783415
381,384,12.277879
381,407,8.036608
381,426,14.501937
382,396,10.080545
383,390,13.387056
383,419,7.663555
384,407,10.237794
384,415,7.3755016
384,426,10.615148
385,388,6.89235
385,403,12.835348
385,409,9.488507
385,422,11.529839
385,439,13.948392
386,395,9.235977
386,401,6.3500853
386,420,10.989519
386,421,7.2355413
387,406,6.577166
387,417,11.761667
387,432,10.759304
388,402,12.109292
388,403,5.9435825
388,409,14.443428
388,422,6.13567
388,428,10.982224
388,439,12.660596
388,444,12.43914
389,404,11.981524
389,413,10.642003
389,446,12.045045
391,400,7.9450073
391,431,14.072159
392,405,12.001836
392,424,7.9254932
392,431,12.786396
393,405,12.025655
393,455,14.726002
395,401,14.0828085
395,418,12.202873
395,420,5.916022
395,421,9.688695
395,443,11.087137
397,398,13.773646
397,414,5.946313
397,435,14.372871
397,436,10.854127
397,449,14.660804
398,430,10.026561
398,449,14.696309
399,411,7.908364
399,427,8.282447
399,429,8.119118
399,434,13.1622305
400,448,13.080312
401,420,13.229787
401,421,6.5725675
401,437,9.39647
401,461,14.899017
402,403,6.462058
402,410,9.347075
402,422,11.297972
402,428,9.593336
402,444,14.520131
402,445,9.341272
403,422,5.533599
403,428,7.0655527
403,439,14.288434
403,444,10.715811
403,445,10.746731
404,416,12.163596
404,440,8.018341
404,446,14.460886
405,424,9.063445
405,455,11.316423
406,417,5.3552136
406,432,6.059756
406,451,14.501062
407,415,8.869956
407,426,6.7423635
408,433,13.4900465
408,452,13.2417555
409,439,12.027197
410,413,8.01555
410,445,13.411572
410,453,14.474582
411,427,13.776586
411,429,8.072205
411,434,7.1817164
413,446,13.927684
413,453,10.668369
414,435,8.450436
414,436,6.2287717
414,442,13.858723
415,426,4.4756327
415,438,9.046766
416,440,13.128844
416,459,12.012289
417,432,7.570094
417,451,10.191499
418,420,13.209078
418,443,13.4918995
419,441,12.561049
420,421,6.952059
420,443,5.6210775
420,461,11.834323
420,466,14.080693
421,437,11.873182
421,443,10.614056
421,461,10.428163
422,428,5.538892
422,439,8.762169
422,444,6.3478556
422,445,11.279394
423,425,11.860242
423,456,10.906655
424,431,10.85198
424,455,14.09084
424,472,13.839435
425,435,12.785662
425,442,8.274692
425,464,12.788936
426,438,9.477291
427,429,7.718076
427,467,12.750356
427,475,12.002174
428,439,11.47608
428,444,5.019647
428,445,5.8769565
428,458,14.311537
428,474,12.534765
429,434,7.700897
429,467,10.468551
429,475,14.635174
430,447,12.925794
430,449,9.2237
430,460,10.177052
430,476,10.5969925
432,438,14.613816
432,451,11.912472
432,469,10.50311
432,477,14.809204
432,481,12.829708
433,437,8.413313
433,452,5.0631824
433,478,13.9682455
434,467,13.705665
435,436,6.218064
435,442,5.797286
435,464,12.494879
436,442,11.833614
436,449,13.108496
437,452,12.355522
437,461,12.6280985
437,478,10.773253
438,477,9.110168
438,481,14.731775
439,444,7.3071284
439,458,13.041595
439,473,8.831227
439,491,12.8834
440,446,11.606747
440,459,14.986952
440,479,9.787935
440,485,13.561353
441,447,11.849439
442,464,8.091759
443,461,9.637949
443,466,8.506745
444,445,9.630223
444,458,10.4980135
444,473,10.09802
444,474,13.448075
444,491,14.675548
445,463,12.367703
445,474,8.396757
446,453,9.941313
446,484,10.219238
446,485,12.106704
447,460,6.4905853
447,476,12.970392
447,482,10.691202
448,456,12.085601
448,457,6.9265375
449,476,12.827922
449,487,10.379093
450,462,11.333159
450,471,6.890154
450,496,12.888937
451,469,10.313428
451,492,13.827668
452,478,14.085739
452,483,12.471579
453,463,10.417187
453,484,11.898736
454,468,8.496342
455,465,8.147978
455,472,9.424272
455,501,14.796761
456,457,14.1048155
456,488,8.366341
457,480,11.5128355
458,473,6.0410566
458,474,12.666227
458,491,7.8498507
458,500,12.190219
458,503,11.715491
458,524,12.466472
459,475,11.202207
459,479,11.9710045
459,507,13.176903
460,476,6.493936
460,482,8.11841
461,466,12.99965
461,478,11.78933
461,497,12.966139
462,471,13.071173
462,496,13.614139
463,474,8.168495
463,503,13.659071
463,504,14.574092
463,506,10.613203
463,515,13.99416
465,472,12.484422
465,489,11.70848
465,501,11.117625
466,497,9.121394
467,475,8.119961
467,493,6.421694
467,513,12.096885
468,490,8.510697
469,477,13.091599
469,481,6.6154757
469,494,7.4211817
469,495,10.357582
471,483,11.190829
471,496,6.841069
472,498,9.917826
472,501,10.084743
473,491,4.6212525
473,500,9.773696
474,503,8.762718
474,506,13.247811
474,515,12.397468
475,493,9.433777
475,507,12.823767
475,516,14.35814
476,482,10.566232
476,487,13.687825
477,481,7.0651774
477,494,13.62043
477,495,7.88134
478,499,7.6548553
478,510,14.590445
478,517,14.509386
479,485,9.081968
479,512,11.466329
479,523,14.424949
480,502,6.5710444
481,494,7.092773
481,495,4.680621
483,496,14.858066
483,510,14.548327
484,485,6.790559
484,504,9.861521
484,522,11.090076
485,512,14.410788
485,522,12.703174
485,523,12.993904
487,508,10.034626
487,527,14.429974
488,525,14.244015
489,505,14.717182
489,526,12.226602
490,534,14.432723
491,500,5.17594
491,521,11.737419
492,509,14.937776
492,514,9.824993
492,538,12.634996
493,513,6.0723314
493,516,12.365939
494,495,6.7838807
494,514,10.232817
494,531,10.297857
495,531,13.122013
496,520,8.953673
496,530,12.967427
497,517,14.696453
497,519,10.798455
497,532,13.1515665
498,501,9.961221
498,511,11.658308
498,533,9.19989
499,510,11.460539
499,517,7.565541
499,519,12.328932
499,528,10.836286
499,543,11.924992
500,521,6.642977
501,518,9.867091
502,511,11.937818
502,536,10.754811
503,506,10.805635
503,515,5.7217712
503,524,9.406818
503,539,10.390532
504,506,9.735283
504,522,7.8789544
504,535,8.912543
504,541,14.901117
506,515,6.647159
506,535,14.35368
506,539,14.36802
506,541,10.23406
507,512,11.140401
507,516,7.828882
508,527,10.457052
508,537,12.661356
509,545,10.802928
510,528,6.7956405
510,529,7.828263
510,548,10.815986
510,557,14.713475
511,533,11.033669
511,544,9.655215
512,523,6.489182
512,546,10.533043
513,516,11.749681
513,547,12.18123
514,531,8.753255
514,538,9.011194
514,555,11.002486
515,524,11.639258
515,539,8.387573
515,541,9.682001
515,567,14.984228
516,547,9.573819
517,519,5.654884
517,528,12.357225
517,543,6.4427385
517,550,9.455653
517,559,13.923712
517,569,13.132279
518,526,14.3117695
518,563,14.971538
519,543,9.693357
519,550,7.7932687
519,559,9.874296
519,569,13.969393
520,530,6.8363276
520,551,12.009311
520,564,14.200461
521,560,12.808394
521,572,13.897836
522,523,13.385074
522,535,6.3492618
522,553,10.595894
522,565,12.335947
523,546,10.450238
523,553,10.147032
524,539,7.4529047
524,552,9.103315
524,560,14.682468
524,567,14.377513
525,558,8.5502825
525,562,13.631173
526,563,10.355841
527,537,10.760033
527,549,6.148651
527,574,11.233673
528,529,9.423454
528,543,10.269852
528,548,6.738909
528,557,13.071287
528,568,10.730468
529,530,11.649487
529,548,7.394267
529,551,11.3919935
529,557,7.598762
529,581,14.794053
530,551,6.912873
530,557,12.645369
531,538,14.781568
531,555,12.412174
532,556,10.484043
532,559,12.291343
533,544,10.7980995
533,554,7.2964168
533,576,14.548119
534,579,12.8303175
535,541,12.605473
535,553,11.682755
535,565,7.2419996
536,544,14.653336
536,558,14.672061
536,566,10.564368
536,573,10.833625
537,549,14.334868
537,574,12.76698
538,545,14.218053
538,555,6.421777
539,541,10.475836
539,552,10.977884
539,567,8.105836
539,582,12.86456
540,570,10.055871
540,583,12.906939
540,588,14.273826
541,565,13.927783
541,567,10.8361225
542,549,11.350773
542,561,9.810176
543,548,13.900627
543,550,7.350435
543,559,13.2928295
543,568,10.10604
543,569,7.4067426
544,554,14.196953
544,587,12.082785
545,571,6.2545023
545,575,10.232313
545,584,11.753669
545,594,13.40726
546,553,14.512921
547,570,12.650732
547,578,11.952521
548,551,14.48726
548,557,6.8671203
548,568,8.260609
548,581,13.033952
548,598,14.998334
549,574,7.8488812
550,559,5.991958
550,569,6.9937882
550,589,12.619617
551,557,7.960131
551,581,8.905621
551,590,10.297542
552,560,7.033348
552,567,12.429764
552,582,9.204401
553,565,10.963024
553,586,10.757926
553,592,13.778887
554,576,7.3845644
556,577,7.0922713
556,593,11.582171
556,597,12.667484
557,568,13.214319
557,581,7.318179
557,590,12.809753
557,598,14.406642
558,562,12.371236
558,566,9.440817
559,569,11.670597
559,589,10.358936
560,572,10.2760515
560,582,13.239135
560,605,13.359074
560,607,14.549204
562,602,12.994569
564,572,14.697809
564,591,11.437356
564,604,12.573388
565,586,12.819199
565,592,9.317376
566,573,6.1621885
566,618,14.979788
567,582,7.794138
568,569,9.200702
568,598,11.533451
568,613,14.134736
569,589,12.550965
570,583,13.781305
570,588,6.870635
570,600,10.661937
570,609,14.140996
571,575,7.3452463
571,584,6.0918274
571,594,8.014172
571,610,12.558614
572,591,9.574582
572,604,14.9163065
572,607,11.407856
573,587,10.664701
573,618,11.938445
575,580,10.403874
575,584,11.558655
575,594,5.5875754
575,625,13.277997
576,611,8.950581
576,631,14.294614
577,593,10.203682
577,597,5.8420305
577,617,14.00474
578,599,10.032818
578,608,9.283698
579,580,14.022855
579,596,5.9800987
579,601,13.534363
579,603,9.422565
579,623,11.9299965
580,594,13.812483
580,603,9.725779
580,625,14.832041
580,629,13.746955
581,590,6.2480536
581,598,11.475565
581,606,13.151922
582,605,11.858127
583,588,10.780893
583,595,7.5308046
583,609,10.622074
583,612,13.482018
584,594,8.8152
584,610,7.19505
584,632,14.932126
585,595,9.60079
585,612,10.538032
585,624,9.551385
586,592,6.98325
586,614,13.715393
587,618,13.178787
587,627,11.349639
588,600,6.159165
588,609,7.3345184
588,615,13.146884
589,593,12.887967
589,617,14.778824
589,619,10.482053
590,606,11.671149
591,604,5.344471
591,607,11.753983
591,630,10.021568
591,633,10.977763
592,640,13.156632
593,597,10.326226
593,617,6.894811
593,619,10.247486
594,610,10.349912
594,625,9.662967
594,629,14.020934
594,632,9.983901
595,609,13.131321
595,612,6.2906394
595,624,13.10068
596,601,10.770205
596,603,7.441484
596,623,6.241388
596,648,14.05788
597,617,10.872137
597,635,10.149775
598,606,12.104454
598,613,8.348292
598,646,14.847111
599,600,10.739594
599,608,6.729604
599,615,7.4429917
599,641,14.43316
599,647,12.861269
600,609,8.826271
600,615,6.9932003
600,641,10.752329
600,647,14.469943
601,623,13.435971
601,628,10.5568695
601,648,14.30641
602,621,8.759164
602,626,11.2995615
603,623,7.562309
603,629,12.692965
603,643,13.3687525
604,620,11.780135
604,630,10.561553
604,633,6.998636
604,649,14.991676
605,607,8.684726
605,637,8.985923
606,668,14.486767
607,630,7.2688074
607,637,10.440057
608,615,12.216133
608,647,13.912142
608,655,13.904465
609,615,13.8301325
609,641,12.756666
610,625,14.608564
610,632,10.451221
611,622,11.891148
611,631,7.5664783
611,642,8.452995
611,652,12.311925
612,624,8.583578
613,646,8.505688
614,659,14.940133
614,664,13.772259
615,641,7.120329
615,647,7.959915
615,667,14.864609
616,624,14.940558
617,619,6.555966
617,635,11.1675005
617,639,10.883194
618,626,14.4038
618,627,13.915328
618,638,9.6997175
618,650,10.323805
619,639,6.473847
619,645,11.396199
620,633,8.56639
620,649,10.991449
621,634,10.000322
621,654,12.437101
622,628,13.161461
622,652,13.893118
623,643,13.1340685
623,648,9.372704
625,629,5.5404353
625,632,5.403555
625,643,12.092602
625,644,6.1844916
626,669,14.648675
627,631,11.060275
627,638,7.652063
627,642,14.40127
627,662,10.366327
628,653,8.798663
629,632,10.571964
629,643,7.0542927
629,644,7.4789786
630,633,8.779252
630,637,12.605639
630,649,12.458371
630,670,14.456945
631,642,4.362409
631,652,12.020467
632,644,6.7572503
633,649,7.993562
634,654,8.918206
634,656,13.292431
635,657,8.685906
635,666,13.392991
636,640,10.756716
636,671,11.400388
636,680,13.356931
637,658,7.6976447
637,661,13.710122
638,650,7.6340704
638,662,8.321724
639,645,6.4354362
639,660,13.980911
639,666,12.437606
640,677,12.459127
640,678,13.002242
641,647,6.592359
641,665,14.575604
641,667,8.532411
642,652,7.801698
642,681,14.158719
643,644,10.546979
643,673,13.134687
645,660,7.64001
645,687,13.580636
646,660,13.321014
646,663,7.2152643
646,674,11.422913
647,655,14.892906
647,665,8.256235
647,667,9.076958
648,673,13.096869
649,670,9.109715
649,684,8.412974
650,662,12.334395
650,672,11.600855
650,698,14.709277
651,686,11.466515
652,682,14.574678
653,682,13.275999
653,699,14.474059
654,656,14.45911
654,676,9.314499
654,689,12.680169
655,664,11.534953
655,665,8.297979
655,694,13.795355
656,689,12.571031
656,692,13.885367
656,695,12.149252
657,666,6.4499397
657,683,6.6009326
657,701,14.508625
658,661,12.325872
658,670,10.820662
658,685,7.7602015
658,696,11.456503
659,664,9.0314865
659,677,14.587158
659,678,7.7793365
659,688,8.540084
659,693,14.633788
660,663,10.815559
660,687,6.723468
661,671,14.221438
661,706,12.720674
661,709,14.714201
662,681,11.06382
662,698,13.7554655
663,674,7.830525
663,687,10.235107
663,704,10.968004
664,688,12.377702
664,694,11.511206
665,667,12.705866
665,702,12.951394
666,683,7.2516756
666,701,11.053269
667,690,10.072216
669,672,9.895369
669,676,13.031837
670,684,8.393167
670,685,7.3860364
670,696,14.381321
670,711,14.221823
671,680,6.653574
671,697,14.637813
671,712,14.500383
672,705,13.111101
672,707,11.378778
673,700,12.931281
674,704,9.4186125
674,718,14.597665
675,679,14.7437
675,691,5.841399
675,710,14.241282
675,717,14.434353
676,689,12.752499
676,714,12.5090275
677,678,6.9785075
677,680,9.025553
677,688,13.984385
677,693,7.324985
677,697,6.946288
677,716,13.630219
678,688,8.250994
678,693,7.8606367
678,697,12.425519
679,710,9.794944
680,693,14.153372
680,697,8.167113
680,712,12.218251
680,716,14.190881
682,703,10.653362
682,719,12.807513
683,701,8.707135
684,685,13.85411
684,720,11.107222
685,696,7.0765224
685,706,14.686784
685,711,10.267387
686,692,9.396346
686,727,14.923973
687,704,12.747549
687,708,13.473875
687,729,14.903933
688,693,9.742456
688,694,14.416041
689,695,7.615042
689,724,10.951616
690,713,9.966119
691,717,12.807233
692,695,7.736351
693,697,7.112179
693,716,9.920698
695,724,10.992775
695,733,14.280687
696,706,8.1980715
696,711,9.300928
697,712,11.609117
697,716,7.1290092
698,705,8.100913
698,732,13.170043
699,700,8.67919
699,715,7.066662
699,719,12.086475
699,722,9.575809
699,731,11.620498
700,715,12.957747
700,722,8.291784
700,731,14.545174
701,708,12.843752
701,728,9.932322
701,734,13.800615
702,738,12.799601
703,719,13.126751
703,726,10.123573
704,718,10.08832
704,729,14.967647
705,707,8.066036
705,721,13.912398
705,725,9.644854
705,732,9.525196
705,740,14.703211
706,709,6.934093
706,736,12.753149
707,721,6.782239
707,723,11.76338
707,725,7.008276
707,732,14.138748
707,740,12.153169
708,728,10.284315
708,729,12.451759
709,712,12.588707
709,736,10.564074
709,742,13.374474
710,717,7.547342
711,735,13.972
712,716,10.391701
712,737,14.930916
712,742,12.985531
713,743,14.656913
714,721,12.745545
714,723,7.0778904
714,745,11.025762
715,719,7.564089
715,722,8.191369
715,731,5.5354977
715,739,11.67441
715,747,12.667165
716,737,9.744028
719,731,11.073747
719,739,8.656241
719,746,13.719932
719,747,13.504177
720,735,11.19353
721,723,5.833866
721,725,6.8689537
721,740,9.124434
722,731,6.929971
723,725,12.52472
723,740,13.293261
723,745,12.690647
724,733,10.059394
725,732,9.750037
725,740,5.4827337
725,750,10.800461
726,730,13.892435
726,746,9.543734
726,748,13.189513
726,755,10.698908
728,734,12.286095
728,751,10.013733
729,752,12.442923
729,760,13.265908
730,741,11.543744
730,748,9.258014
730,753,10.372276
731,739,10.762243
731,747,8.742669
732,740,11.42128
732,741,10.195893
732,750,9.686996
733,766,12.514068
734,751,11.841505
734,762,11.979593
736,742,7.509431
736,744,9.262139
736,756,9.196337
737,754,13.561281
737,757,11.389236
738,764,14.060097
739,746,7.9716053
739,747,6.6875095
740,750,7.210153
740,763,10.650948
741,748,14.855907
741,753,7.700836
742,756,6.2601686
742,757,9.197338
743,759,9.27799
743,761,9.467621
744,756,13.898523
744,772,12.580123
745,770,10.276712
746,747,13.078426
746,755,9.395167
746,768,12.213682
748,753,8.320391
748,755,8.734585
748,767,7.0424943
748,768,12.202256
749,764,12.194866
749,773,7.8131814
749,782,14.767919
750,763,11.234384
750,779,14.363036
751,762,12.632489
751,769,11.14321
752,760,9.7421875
753,767,10.267948
755,767,9.848831
755,768,5.711961
756,757,10.322332
756,772,13.45054
756,777,10.370818
757,777,11.859771
759,761,11.8557625
759,774,9.22811
760,769,11.025457
761,774,11.177828
761,775,12.080545
761,783,8.5633135
762,787,9.312501
763,792,14.150331
764,773,12.060272
764,782,14.31407
764,784,11.410054
765,778,14.529455
766,778,9.995314
767,768,9.506821
770,785,12.361188
771,789,7.4209814
772,788,12.5019045
772,804,13.3756
773,776,10.392391
773,782,7.076978
773,784,11.533531
773,798,14.707549
774,783,10.274694
774,806,14.7147
775,781,7.119902
775,783,7.268009
775,800,12.226209
776,780,8.702948
776,782,11.605117
776,798,13.893094
777,788,7.904577
778,802,12.691145
779,786,7.0141435
781,783,13.883993
781,800,11.66592
782,784,7.068381
782,798,8.15918
783,800,13.230459
784,790,10.927092
784,798,11.779348
785,794,8.2436075
785,797,7.901066
787,795,8.580791
787,799,8.091403
788,804,10.321943
789,803,9.630941
790,808,10.408941
791,829,13.169573
792,809,10.107478
793,796,13.2364025
794,797,9.431559
794,811,13.711153
795,799,7.064378
795,812,12.186327
795,822,11.716314
796,820,12.956134
797,811,9.322341
797,815,14.744056
798,805,14.277816
798,826,13.783974
799,812,8.826673
799,822,12.44223
800,814,11.311084
800,825,14.458464
801,807,11.739566
801,816,13.428532
801,817,8.325082
802,819,12.153547
802,823,9.879687
803,821,11.089624
803,830,10.417065
804,821,10.859377
807,817,11.629054
807,824,7.9204297
808,818,12.3295765
808,827,8.264535
808,832,12.743734
809,815,11.810003
810,813,12.23891
810,831,10.507464
811,815,12.00566
811,828,14.007115
812,822,6.8316817
812,836,9.452595
812,840,13.701809
813,831,9.165315
813,837,12.996348
814,825,12.107223
814,835,11.36936
814,838,13.00633
816,817,10.847292
816,822,10.358954
816,833,10.244656
816,840,14.020875
816,843,13.04486
817,824,10.624112
817,833,9.382316
818,827,11.997749
818,832,9.453065
819,823,12.390347
819,828,7.2112308
819,841,10.873607
820,834,7.5496893
820,847,14.3643265
821,830,8.958793
822,836,10.704473
822,840,9.926741
822,843,14.909245
823,838,11.832997
823,841,12.504626
823,842,10.206642
824,844,9.324708
825,835,6.5566673
825,855,11.298075
826,845,9.69274
826,854,14.407432
827,832,6.154168
827,845,14.968342
827,851,9.445862
828,841,11.108991
829,839,10.778804
829,848,8.963425
830,853,9.533244
831,837,12.653463
831,849,8.246408
832,851,8.553108
833,843,8.848842
833,844,13.884973
833,852,7.890633
834,847,9.687618
834,850,9.873277
835,855,8.79544
835,857,12.769621
836,840,8.375865
836,856,7.023812
836,859,13.020995
837,849,14.484419
837,854,14.847154
838,842,10.544647
838,857,9.331344
839,847,11.469427
839,848,12.256291
840,843,7.789338
840,856,7.282183
840,859,6.881881
841,842,8.196152
843,852,10.567756
843,856,13.19539
843,859,7.166943
844,850,12.989139
844,852,10.659104
845,851,12.139928
845,854,11.504544
846,855,14.462772
849,858,10.227971
856,859,7.5225
5,1,7.308791
42,1,11.62048
44,1,13.972291
49,1,14.90573
12,2,10.305835
34,2,8.940196
13,3,7.6760287
27,3,12.002109
35,3,8.473952
18,4,11.906134
21,4,13.498422
36,4,11.536431
47,4,14.510174
42,5,12.41804
49,5,12.776887
45,6,13.51325
66,6,14.850218
37,7,8.30637
55,7,13.87001
15,8,12.439044
21,8,6.138526
43,8,10.276779
47,8,13.850665
20,9,8.451105
30,9,7.5692763
54,9,13.523018
32,10,6.4858794
38,10,11.569021
12,11,12.136988
31,11,6.6089234
50,11,14.108791
31,12,9.185776
34,12,7.749036
35,13,10.312833
58,13,13.210707
19,14,14.617871
33,14,11.877667
40,14,13.556757
52,14,10.412449
39,15,8.818938
43,15,12.116568
46,15,9.462469
28,16,7.8299794
28,17,10.846189
29,17,14.974081
36,18,13.964956
56,18,11.763219
40,19,6.25259
51,19,12.49212
63,19,14.085515
30,20,14.0440855
43,21,10.666482
47,21,8.167108
41,22,9.066862
44,22,8.916155
29,24,7.20077
45,24,9.09549
59,24,10.559911
48,25,7.6976686
27,26,14.307648
35,27,9.169891
81,27,14.383926
68,28,12.453122
59,29,13.604175
60,29,11.908382
54,30,7.8338037
57,30,9.8051
34,31,13.082333
50,31,13.158803
38,32,10.892645
67,32,11.153536
39,33,11.744368
52,33,13.208294
64,33,12.091222
76,34,13.021399
58,35,9.569092
47,36,10.70246
56,36,13.342671
55,37,7.0191097
69,37,11.013689
77,37,12.824371
61,38,8.816996
67,38,11.374909
43,39,14.173024
46,39,7.2747607
64,39,7.797697
51,40,9.987464
52,40,11.312296
63,40,7.943326
44,41,14.777256
73,41,12.806148
44,42,9.949575
49,42,5.520869
72,42,9.58667
94,42,14.912233
46,43,7.2779646
47,43,12.40389
71,43,8.616934
85,43,14.07647
72,44,10.266915
86,44,13.582483
59,45,8.904665
66,45,12.475376
64,46,10.610768
71,46,11.99397
85,46,13.283575
71,47,12.385577
73,48,14.659766
72,49,11.8703575
94,49,13.913034
57,50,13.058763
63,51,10.128109
70,51,12.052534
102,51,13.533524
63,52,9.930167
66,53,9.898965
79,53,9.460882
82,53,9.46012
57,54,8.788084
75,54,11.726431
83,54,8.733049
95,54,11.948812
69,55,12.537176
77,55,5.976596
98,56,13.318948
83,57,14.657042
95,57,13.23018
62,58,7.8724327
91,58,12.873221
106,58,14.979163
60,59,11.197074
89,59,9.506149
74,60,10.557836
89,60,12.160006
92,60,13.824949
67,61,9.847059
78,61,14.989519
97,61,14.5710125
100,61,14.105566
104,62,12.813593
102,63,10.945167
107,64,14.365828
88,65,12.43175
82,66,8.786324
115,66,13.996666
100,67,10.023807
74,68,11.774597
88,68,8.9371605
92,68,13.565354
110,68,12.054617
112,68,13.52104
77,69,14.817318
90,69,12.066022
96,69,8.265882
85,71,7.759217
86,72,7.949721
94,72,8.346361
108,72,9.314844
117,72,13.156988
93,73,11.30368
92,74,5.5916834
110,74,13.692874
113,74,11.5037365
79,75,10.343233
83,75,7.630696
95,75,14.658074
127,75,14.9579315
80,76,7.5232215
90,76,7.176559
111,76,9.389871
124,77,14.117663
87,78,13.053786
97,78,7.052682
128,78,12.579847
82,79,9.088086
127,79,12.991634
131,79,13.499486
90,80,13.409182
111,80,9.8646345
87,81,13.288385
91,81,14.0383215
103,81,9.392135
125,81,14.242477
115,82,9.542703
131,82,9.813116
143,82,14.292759
95,83,7.0723176
122,83,10.569857
101,84,8.3082485
126,85,14.858991
135,85,10.408408
137,85,13.738597
93,86,11.929291
94,86,11.730608
108,86,6.977178
117,86,12.090998
129,86,10.8264265
103,87,8.847056
110,88,10.223935
112,88,6.1190124
142,88,14.533645
118,89,9.681051
130,89,11.079725
96,90,9.1902075
111,90,8.64982
134,90,10.140046
106,91,8.941801
125,91,9.23311
