Object,CD66b,CD20,CD28,CD16,CD163,CD11b,CD45,CD4,CD31,CD279,CD68,Foxp3,CK7,Ki67,CD8,Collagen,CD3,CD138,HLADR,GranzymeB,Ir191,Ir193
1,0.0,0.0,0.0,0.0,0.0,0.0,0.0,0.25,0.0,0.0,0.0,0.0,0.0,0.0,0.0,44.5,0.0,13.0,0.0,0.0,13.875,21.375
2,0.0,0.0,0.0,0.0,0.0,0.0,0.0,0.0,0.0,0.0,0.0,0.0,0.0,0.0,0.0,29.75,0.0,12.535714285714286,0.0,0.0,18.357142857142858,30.5
3,1.1929824561403508,0.0,0.0,0.0,0.0,0.0,0.0,4.964912280701754,0.0,0.0,0.0,0.0,0.0,0.0,1.3859649122807018,52.92982456140351,0.2807017543859649,7.5964912280701755,0.0,0.7894736842105263,21.210526315789473,39.6140350877193
4,0.0,0.0,0.0,0.0,0.0,0.0,0.0,2.129032258064516,0.0,0.0,0.0,0.0,0.0,0.0,0.8387096774193549,35.45161290322581,0.0,2.4838709677419355,0.0,0.0,15.580645161290322,28.258064516129032
5,0.0,0.0,0.0,0.0,0.0,0.0,0.0,0.0,0.0,0.0,0.0,0.0,0.0,0.0,0.018518518518518517,5.685185185185185,0.0,1.3703703703703705,0.0,0.0,24.24074074074074,43.888888888888886
6,64.125,0.0,1.025,1.5,0.0,0.0,1.85,1.35,0.0,2.875,0.0,0.0,2.3,0.0,0.1,6.7,0.5,3.575,3.325,0.0,2.75,5.925
7,0.0,0.0,0.0,1.075268817204301,0.5806451612903226,0.0,0.0,1.2473118279569892,0.0,0.0,0.0,0.0,0.0,0.0,0.0,36.956989247311824,0.0,17.43010752688172,0.0,0.0,16.698924731182796,28.161290322580644
8,0.0,0.0,0.0,0.0,0.0,0.0,0.0,1.0333333333333334,0.0,0.0,0.0,0.0,0.0,0.0,0.2833333333333333,24.85,0.0,4.3,0.0,0.0,18.066666666666666,33.4
9,0.0,0.0,0.0,0.0,0.0,0.0,0.0,0.0,0.0,0.0,0.0,0.0,0.0,0.0,0.0,27.681818181818183,0.0,0.0,0.0,0.0,10.772727272727273,18.818181818181817
10,0.0,0.3695652173913043,0.0,0.0,0.0,0.0,0.0,2.4347826086956523,0.0,0.0,0.0,0.0,0.0,0.0,1.0869565217391304,39.54347826086956,0.0,0.30434782608695654,0.0,0.0,11.934782608695652,21.130434782608695
11,0.21739130434782608,0.0,0.0,0.0,0.0,0.0,0.0,2.6956521739130435,0.0,0.0,0.0,0.0,0.0,0.0,0.7391304347826086,31.347826086956523,0.34782608695652173,4.521739130434782,0.0,0.0,10.304347826086957,17.608695652173914
12,0.0,0.0,0.0,0.0,0.0,0.0,0.0,1.391304347826087,0.0,0.0,0.0,0.0,0.0,0.0,1.0,35.30434782608695,0.0,3.5652173913043477,0.0,0.0,13.652173913043478,19.26086956521739
13,0.0,0.2553191489361702,0.0,0.0,0.0,0.0,0.0,2.265957446808511,0.0,0.0,0.0,0.0,0.0,0.0,0.6170212765957447,32.255319148936174,0.3191489361702128,1.7553191489361701,0.0,0.0,20.73404255319149,35.92553191489362
14,0.0,0.0,0.0,0.0,0.0,0.0,0.0,2.232876712328767,0.0,0.0,0.0,0.0,0.0,0.0,0.1095890410958904,11.876712328767123,0.0,3.547945205479452,0.0,0.0,26.45205479452055,45.95890410958904
15,0.12444444444444444,0.0,0.0,0.04,0.0,0.0,0.0,1.6711111111111112,0.0,0.0,0.0,0.0,0.0,0.0,0.6133333333333333,19.066666666666666,0.15555555555555556,3.088888888888889,0.0,0.0,21.884444444444444,38.382222222222225
16,0.028169014084507043,0.04225352112676056,0.0,0.0,0.0,0.0,0.0,0.8732394366197183,0.0,0.0,0.0,0.0,0.0,0.0,0.647887323943662,17.52112676056338,0.04225352112676056,0.7183098591549296,0.0,0.0,26.732394366197184,47.014084507042256
17,0.0,0.0,0.0,0.0,0.0,0.0,0.0,0.0,0.0,0.0,0.0,0.0,0.0,0.0,0.0,11.727272727272727,0.0,16.90909090909091,0.0,0.0,11.378787878787879,17.242424242424242
18,0.0,0.0,0.0,0.0,0.0,0.0,0.0,0.21739130434782608,0.0,0.0,0.0,0.0,0.0,0.0,0.0,18.08695652173913,0.0,13.826086956521738,0.0,0.0,3.6956521739130435,8.195652173913043
19,0.10614525139664804,0.0,0.0,0.0,0.0,0.0,0.0,0.6201117318435754,0.0,0.0,0.0,0.0,0.0,0.0,0.4860335195530726,16.92737430167598,0.10614525139664804,3.88268156424581,0.0,0.0,18.262569832402235,30.6536312849162
20,0.29838709677419356,0.0,0.0,0.0,0.0,0.0,0.0,1.3709677419354838,0.0,0.0,0.0,0.0,0.0,0.0,0.12903225806451613,11.629032258064516,0.08870967741935484,2.8870967741935485,0.0,0.9758064516129032,26.661290322580644,46.274193548387096
21,0.0,0.0,0.0,0.0,0.0,0.0,0.0,1.825,0.0,0.0,0.0,0.0,0.0,0.0,0.5333333333333333,25.691666666666666,0.0,2.1083333333333334,0.0,0.0,25.25,44.93333333333333
22,0.78,0.38,0.0,0.0,0.0,0.0,0.0,4.78,0.0,0.0,0.0,0.0,0.0,0.0,1.44,45.0,0.82,2.58,0.0,0.0,17.58,29.12
23,0.6835443037974683,0.0,0.0,0.0,0.0,0.0,0.0,0.22784810126582278,0.0,0.16455696202531644,0.0,0.0,0.0,0.0,0.0,18.49367088607595,0.05063291139240506,8.075949367088608,0.0,0.0,12.037974683544304,24.253164556962027
24,0.8918918918918919,0.7567567567567568,0.0,0.0,0.0,0.0,0.0,5.0,0.0,0.0,0.0,0.0,0.0,0.0,2.72972972972973,46.21621621621622,0.7837837837837838,1.1891891891891893,0.0,0.0,26.72972972972973,46.86486486486486
25,0.0,0.0,0.0,0.0,0.0,0.0,0.0,0.9318181818181818,0.0,0.0,34.47727272727273,0.0,0.0,0.0,0.0,13.795454545454545,0.045454545454545456,3.7045454545454546,5.840909090909091,0.0,10.409090909090908,21.363636363636363
26,0.0,0.0,0.0,0.0,0.0,0.0,0.0,0.14285714285714285,0.0,0.0,0.0,0.0,0.0,0.0,0.0,14.857142857142858,0.0,4.5,0.0,0.0,7.357142857142857,13.5
27,47.91566265060241,0.46987951807228917,0.8674698795180723,1.144578313253012,0.0,0.0,1.2650602409638554,0.963855421686747,0.0,1.855421686746988,0.0,0.0,2.253012048192771,0.0,0.7831325301204819,5.807228915662651,0.5542168674698795,3.1325301204819276,2.5903614457831323,0.0,2.855421686746988,6.662650602409639
28,0.0,0.0,0.0,0.0,0.0,0.0,0.0,0.037037037037037035,0.0,0.0,0.0,0.0,0.0,0.0,0.0,28.14814814814815,0.0,17.40740740740741,0.0,0.0,16.48148148148148,30.444444444444443
29,0.0,0.0,0.0,0.0,0.0,0.0,0.0,2.2222222222222223,0.0,0.0,0.0,0.0,0.0,0.0,0.0,11.511111111111111,0.0,3.6,0.0,0.0,7.622222222222222,12.622222222222222
30,0.0,0.0,0.0,0.0,0.0,0.0,0.0,4.037037037037037,0.0,0.0,0.0,0.0,0.0,0.0,0.7777777777777778,37.96296296296296,0.0,5.037037037037037,0.0,0.0,18.444444444444443,26.555555555555557
31,0.3617021276595745,0.6808510638297872,0.0,0.0,0.0,0.0,0.0,2.723404255319149,0.0,0.0,0.0,0.0,0.0,0.0,1.553191489361702,51.723404255319146,0.2127659574468085,7.8936170212765955,0.0,0.0,17.25531914893617,28.51063829787234
32,0.0,0.0,0.0,0.0,0.0,0.0,0.0,0.24742268041237114,0.0,0.0,0.0,0.0,0.0,0.0,0.1134020618556701,7.77319587628866,0.05154639175257732,1.2268041237113403,0.0,0.0,23.95876288659794,41.134020618556704
33,0.0,0.0,0.0,0.10476190476190476,0.3047619047619048,0.0,0.0,0.7333333333333333,0.0,0.0,0.0,0.0,0.0,0.0,0.1619047619047619,17.095238095238095,0.0,1.7523809523809524,0.0,0.0,20.066666666666666,33.55238095238095
34,0.0,0.0,0.0,3.4767441860465116,22.569767441860463,0.0,0.0,0.1511627906976744,0.0,0.0,18.093023255813954,0.0,0.0,0.0,0.0,8.744186046511627,0.0,9.406976744186046,0.0,0.0,11.651162790697674,21.22093023255814
35,0.0,0.0,0.0,0.0,0.0,0.0,0.0,0.0,0.0,0.0,0.0,0.0,0.0,0.0,0.0,27.94736842105263,0.15789473684210525,6.157894736842105,0.0,0.0,4.842105263157895,10.105263157894736
36,0.0,0.0,0.0,0.0,0.0,0.0,0.0,0.13725490196078433,0.0,0.0,1.6862745098039216,0.0,0.0,0.0,0.0,33.03921568627451,0.0,6.078431372549019,0.8235294117647058,0.0,17.235294117647058,27.705882352941178
37,0.0,0.0,0.0,0.0,0.0,0.0,0.0,0.5581395348837209,0.0,0.0,0.0,0.0,0.0,0.0,0.0,15.779069767441861,0.0,11.593023255813954,0.0,0.0,22.546511627906977,38.36046511627907
38,0.0,0.0,0.0,0.0,0.0,0.0,0.0,3.4347826086956523,0.0,0.0,0.0,0.0,0.0,0.0,0.0,14.847826086956522,0.0,3.9130434782608696,0.0,0.0,8.717391304347826,13.608695652173912
39,0.24324324324324326,0.1891891891891892,0.0,0.0,0.0,0.0,0.0,3.8378378378378377,0.0,0.0,0.0,0.0,0.0,0.0,0.8108108108108109,18.2972972972973,0.08108108108108109,0.08108108108108109,0.0,0.0,14.27027027027027,24.243243243243242
40,0.29333333333333333,0.0,0.0,0.0,0.0,0.0,0.0,0.44,0.0,0.0,0.0,0.0,0.0,0.0,0.17333333333333334,10.093333333333334,0.10666666666666667,0.8,0.05333333333333334,0.0,18.92,33.81333333333333
41,0.6111111111111112,0.0,0.0,0.0,0.0,0.0,0.0,2.4444444444444446,0.0,0.0,0.0,0.0,0.0,0.0,1.0277777777777777,67.25,0.027777777777777776,0.4166666666666667,0.0,0.0,20.11111111111111,39.94444444444444
42,0.13559322033898305,0.0,0.0,0.0,0.059322033898305086,0.0,0.0,1.0338983050847457,0.0,0.0,0.13559322033898305,0.0,0.0,0.0,0.3220338983050847,13.991525423728813,0.1864406779661017,1.9322033898305084,0.0,0.0,17.610169491525422,28.60169491525424
43,0.0,0.0,0.0,0.0,0.0,0.0,0.0,1.4482758620689655,0.0,0.0,0.0,0.0,0.0,0.0,1.0,31.689655172413794,0.0,0.4827586206896552,0.0,0.0,17.482758620689655,28.379310344827587
44,0.8783783783783784,0.0,0.0,1.2567567567567568,7.121621621621622,0.0,0.0,1.027027027027027,0.0,0.28378378378378377,0.0,0.0,0.0,0.0,0.0,15.256756756756756,0.44594594594594594,5.27027027027027,0.0,0.0,16.60810810810811,29.04054054054054
45,0.0,0.0,0.0,0.04081632653061224,0.08163265306122448,0.0,0.0,1.9183673469387754,0.0,0.0,0.0,0.0,0.0,0.0,0.0,7.010204081632653,0.0,2.0,0.0,0.0,14.86734693877551,27.020408163265305
46,0.0,0.0,0.0,0.0,0.25675675675675674,0.0,0.0,0.918918918918919,0.0,0.0,0.0,0.0,0.0,0.0,0.0,18.594594594594593,0.0945945945945946,4.081081081081081,0.0,0.0,6.675675675675675,12.58108108108108
47,0.0,0.0,0.0,0.0,0.0,0.0,0.0,2.0285714285714285,0.0,0.0,0.0,0.0,0.0,0.0,0.4857142857142857,47.114285714285714,0.02857142857142857,0.08571428571428572,0.0,0.0,15.0,30.742857142857144
48,0.45454545454545453,0.0,0.0,0.0,0.18181818181818182,0.0,0.0,1.4545454545454546,0.0,0.0,0.0,0.0,0.0,0.0,0.9545454545454546,41.97727272727273,0.2727272727272727,0.7954545454545454,0.4090909090909091,0.0,18.045454545454547,33.86363636363637
49,0.0,0.0,0.0,0.0,0.0,0.0,0.0,4.553846153846154,0.0,0.0,0.0,0.0,0.0,0.0,2.0,54.69230769230769,0.4461538461538462,0.7846153846153846,0.0,0.0,33.323076923076925,62.323076923076925
50,0.6261682242990654,0.1588785046728972,0.0,0.0,0.0,0.0,0.0,3.532710280373832,0.0,0.0,0.0,0.0,0.0,0.0,1.2710280373831775,31.38317757009346,0.22429906542056074,0.6635514018691588,0.0,0.0,22.69158878504673,37.495327102803735
51,0.0,0.0,0.0,0.09433962264150944,0.0,0.0,0.0,2.509433962264151,0.0,0.0,0.0,0.0,0.0,0.0,0.32075471698113206,17.77358490566038,0.0,5.188679245283019,0.0,0.0,8.773584905660377,15.547169811320755
52,0.0,0.0,0.0,0.0,0.0,0.0,0.0,2.111111111111111,0.0,0.0,0.0,0.0,0.0,0.0,0.7111111111111111,58.733333333333334,0.0,0.4666666666666667,0.13333333333333333,0.0,20.68888888888889,37.8
53,0.0,0.0,0.0,0.02857142857142857,0.0,0.0,0.0,1.2857142857142858,0.0,0.0,0.0,0.0,0.0,0.0,0.0,9.0,0.0,2.3714285714285714,0.0,0.0,3.942857142857143,8.457142857142857
54,0.0,0.0,0.0,0.0,0.0,0.0,0.0,0.0,0.0,0.0,12.078947368421053,0.0,0.0,0.0,0.0,34.5,0.0,2.517543859649123,6.508771929824562,0.0,15.885964912280702,30.105263157894736
55,0.4883720930232558,0.0,0.0,0.0,0.0,0.0,0.0,4.023255813953488,0.0,0.0,0.0,0.0,0.0,0.0,0.627906976744186,45.2093023255814,0.0,6.534883720930233,0.0,0.0,9.69767441860465,18.348837209302324
56,0.0,0.0,0.0,0.0,0.0,0.0,0.0,1.9240506329113924,0.0,0.0,0.0,0.0,0.0,0.0,0.46835443037974683,27.78481012658228,0.08860759493670886,4.329113924050633,0.0,0.0,9.025316455696203,16.848101265822784
57,0.1888111888111888,0.0,0.0,0.0,0.0,0.0,0.0,2.06993006993007,0.0,0.0,0.0,0.0,0.0,0.0,0.4755244755244755,16.713286713286713,0.0979020979020979,2.160839160839161,0.0,0.0,19.09090909090909,33.55944055944056
58,0.0,0.0,0.0,0.0,0.0,0.0,0.0,2.627450980392157,0.0,0.0,0.0,0.0,0.0,0.0,0.7843137254901961,37.23529411764706,0.11764705882352941,0.19607843137254902,0.0,0.0,14.901960784313726,28.686274509803923
59,0.0,0.0,0.0,0.0,0.0,0.0,0.0,2.272727272727273,0.0,0.0,0.0,0.0,0.0,0.0,0.8484848484848485,39.45454545454545,0.0,1.8181818181818181,0.5757575757575758,0.0,13.303030303030303,26.272727272727273
60,0.0,0.0,0.0,0.03879310344827586,0.008620689655172414,0.0,0.0,0.3879310344827586,0.0,0.0,0.0,0.0,0.0,0.0,0.0,16.232758620689655,0.0,3.689655172413793,0.0,0.0,22.09051724137931,40.125
61,0.0,0.0,0.0,9.008849557522124,37.14159292035398,0.37168141592920356,0.0,0.9734513274336283,0.0,0.0,43.9646017699115,0.0,0.0,0.0,0.0,5.823008849557522,0.0,1.336283185840708,4.04424778761062,0.0,8.690265486725664,18.02654867256637
62,0.0,0.0,0.0,0.797752808988764,5.213483146067416,0.0,0.0,0.39325842696629215,0.0,0.0,1.6292134831460674,0.0,0.0,0.0,0.0,20.426966292134832,0.0,11.438202247191011,0.0,0.0,12.797752808988765,23.146067415730336
63,0.0,0.0,0.0,0.21551724137931033,0.1724137931034483,0.0,0.0,1.4051724137931034,0.0,0.0,0.0,0.0,0.0,0.0,0.0,9.75,0.0,8.568965517241379,0.0,0.0,7.474137931034483,13.75
64,0.0,0.0,0.0,0.0,0.0,0.0,0.0,7.882352941176471,0.0,0.0,0.0,0.0,0.0,0.0,0.9411764705882353,23.5,0.14705882352941177,1.7647058823529411,0.0,0.0,14.323529411764707,24.647058823529413
65,0.0,0.0,0.0,0.0,0.0,0.0,0.0,1.1442307692307692,0.0,0.0,0.0,0.0,0.0,0.0,0.10576923076923077,10.173076923076923,0.09615384615384616,1.1057692307692308,0.0,0.0,12.913461538461538,24.384615384615383
66,0.0,0.0,0.0,6.682926829268292,31.634146341463413,0.0,0.0,0.0975609756097561,0.0,0.0,54.75609756097561,0.0,0.0,0.0,0.0,8.951219512195122,0.0,10.0,0.0,0.0,4.804878048780488,10.024390243902438
67,0.09574468085106383,0.0,0.0,0.0,0.0,0.0,0.0,2.0531914893617023,0.0,0.0,0.0,0.0,0.0,0.0,0.0,12.159574468085106,0.0,3.925531914893617,0.0,0.0,2.2127659574468086,3.393617021276596
68,0.0,0.0,0.0,1.5625,10.625,0.0,0.0,0.0,0.0,0.0,18.05,0.0,0.0,0.0,0.0,12.95,0.0,9.575,16.9125,0.0,10.425,22.25
69,0.0,0.0,0.0,0.0,0.0,0.0,0.0,0.42424242424242425,0.0,0.0,0.0,0.0,0.0,0.0,0.36363636363636365,22.015151515151516,0.030303030303030304,5.681818181818182,0.0,0.0,5.212121212121212,10.757575757575758
70,0.0,0.0,0.0,0.0,0.0,0.0,0.0,0.0,0.0,0.0,20.46153846153846,0.0,0.0,0.0,0.0,36.92307692307692,0.0,12.961538461538462,18.423076923076923,0.0,7.269230769230769,15.192307692307692
71,0.0,0.0,0.0,0.0,0.0,0.0,0.0,1.7,0.0,0.0,0.0,0.0,0.0,0.0,0.0,10.133333333333333,0.0,5.566666666666666,0.0,0.0,6.3,10.8
72,0.0,0.0,0.0,0.0,0.0,0.0,0.0,1.6206896551724137,0.0,0.0,0.0,0.0,0.0,0.0,0.06896551724137931,9.89655172413793,0.10344827586206896,4.379310344827586,0.0,0.0,9.517241379310345,15.068965517241379
73,0.0,0.0,0.0,0.0,0.0,0.0,0.0,0.5652173913043478,0.0,0.0,0.0,0.0,0.0,0.0,0.0,6.521739130434782,0.0,0.9347826086956522,0.0,0.0,5.065217391304348,9.195652173913043
74,0.0,0.0,0.0,1.358974358974359,7.333333333333333,0.0,0.0,0.0,0.0,0.0,15.820512820512821,0.0,0.0,0.0,0.0,14.35897435897436,0.0,2.923076923076923,11.692307692307692,0.0,8.897435897435898,16.333333333333332
75,0.03597122302158273,0.0,0.0,0.45323741007194246,0.3597122302158273,0.0,0.0,1.1798561151079137,0.0,0.0,0.0,0.0,0.0,0.0,0.0,14.597122302158274,0.04316546762589928,11.93525179856115,0.0,0.0,21.467625899280577,38.78417266187051
76,0.5737704918032787,0.0,0.0,0.0,0.0,0.0,0.0,3.6885245901639343,0.0,0.0,0.0,0.0,0.0,0.0,0.9016393442622951,42.73770491803279,0.3442622950819672,0.7540983606557377,0.0,0.0,20.19672131147541,34.19672131147541
77,0.0,0.0,0.0,0.0,0.0,0.0,0.0,0.0,0.0,0.0,38.142857142857146,0.0,0.0,0.0,0.0,51.57142857142857,0.0,1.9642857142857142,9.785714285714286,0.0,15.142857142857142,26.214285714285715
78,0.0,0.0,0.0,0.0,0.0,0.0,0.0,1.131578947368421,0.0,0.0,0.0,0.0,0.0,0.0,0.0,5.552631578947368,0.0,1.9473684210526316,0.0,0.0,4.7894736842105265,9.842105263157896
79,0.0,0.0,0.0,4.204545454545454,18.238636363636363,0.0,0.0,0.23863636363636365,0.0,0.0,48.17045454545455,0.0,0.0,0.0,0.0,2.977272727272727,0.0,8.227272727272727,0.0,0.0,7.568181818181818,16.693181818181817
80,0.10416666666666667,0.0,0.0,0.0,0.0,0.0,0.0,3.5833333333333335,0.0,0.0,0.0,0.0,0.0,0.0,0.9375,38.708333333333336,0.0,3.6875,0.0,0.0,19.5625,35.0625
81,0.0,0.0,0.0,0.0,0.0,0.0,0.0,0.0,0.0,0.0,0.0,0.0,0.0,0.0,0.0,14.620689655172415,0.0,3.4827586206896552,0.8275862068965517,0.0,16.448275862068964,26.344827586206897
82,0.0,0.0,0.0,0.0,0.0,0.0,0.0,0.7894736842105263,0.0,0.0,0.0,0.0,0.0,0.0,0.2631578947368421,21.105263157894736,0.02631578947368421,2.263157894736842,0.0,0.0,6.131578947368421,12.710526315789474
83,0.0,0.0,0.0,0.0,0.0,0.0,0.0,1.921875,0.0,0.0,1.5,0.0,0.0,0.0,0.0,42.09375,0.0,1.0,0.0,0.0,17.109375,32.46875
84,0.0,0.0,0.0,0.0,0.0,0.0,0.0,1.846774193548387,0.0,0.0,0.0,0.0,0.0,0.0,0.25806451612903225,11.451612903225806,0.0,2.2419354838709675,0.0,0.0,13.516129032258064,22.137096774193548
85,0.0,0.0,0.0,0.0,0.0,0.0,0.0,2.6470588235294117,0.0,0.0,0.0,0.0,0.0,0.0,0.0,11.705882352941176,0.0,1.3235294117647058,0.0,0.0,9.941176470588236,18.852941176470587
86,0.0,0.0,0.0,0.0,0.0,0.0,0.0,0.24271844660194175,0.0,0.0,0.0,0.0,0.0,0.0,0.0,5.640776699029126,0.0,4.262135922330097,0.0,0.0,14.097087378640778,24.281553398058254
87,0.0,0.0,0.0,0.0,0.0,0.0,0.0,0.7510204081632653,0.0,0.0,0.37142857142857144,0.0,0.0,0.0,0.0,11.840816326530613,0.0,5.204081632653061,0.0,0.0,13.66938775510204,24.710204081632654
88,0.0,0.0,0.0,0.0,0.0,0.0,0.0,3.0,0.0,0.0,0.0,0.0,0.0,0.0,0.0,12.541666666666666,0.0,0.9166666666666666,0.0,0.0,10.604166666666666,18.645833333333332
89,0.0,0.0,0.0,0.018018018018018018,0.02702702702702703,0.0,0.0,0.7927927927927928,0.0,0.0,0.0,0.0,0.0,0.0,0.0,4.558558558558558,0.0,2.7117117117117115,0.0,0.0,18.63963963963964,31.495495495495497
90,0.03125,0.0,0.0,0.0,0.0,0.0,0.0,0.15625,0.0,0.0,0.0,0.0,0.0,0.0,0.0078125,26.7578125,0.109375,4.7890625,0.0,0.0,14.2578125,26.765625
91,0.0,0.0,0.0,0.0,0.0,0.0,0.0,0.5047619047619047,0.0,0.0,0.0,0.0,0.0,0.0,0.0,6.819047619047619,0.0,1.457142857142857,0.0,0.0,22.733333333333334,39.42857142857143
92,0.0,0.0,0.0,0.0,0.0,0.0,0.0,0.509090909090909,0.0,0.0,0.0,0.0,0.0,0.0,0.0,1.9272727272727272,0.0,2.5272727272727273,0.0,0.0,8.4,13.090909090909092
93,0.0,0.0,0.0,0.12121212121212122,0.26262626262626265,0.0,0.0,0.2727272727272727,0.0,0.0,0.0,0.0,0.0,0.0,0.0,11.202020202020202,0.0,1.9898989898989898,0.36363636363636365,0.0,9.222222222222221,16.282828282828284
94,0.0,0.0,0.0,0.0,0.0,0.0,0.0,2.4444444444444446,0.0,0.0,0.0,0.0,0.0,0.0,0.4444444444444444,25.444444444444443,0.0,0.0,0.0,0.0,10.333333333333334,16.037037037037038
95,0.0,0.0,0.0,0.0,0.0,0.0,0.0,2.8,0.0,0.0,0.0,0.0,0.0,0.0,0.0,32.233333333333334,0.0,2.6333333333333333,0.0,0.0,10.733333333333333,20.716666666666665
96,0.0,0.0,0.0,0.0,0.03125,0.0,0.0,1.1875,0.0,0.0,0.0,0.0,0.0,0.0,0.0,4.546875,0.0,1.0,0.0,0.0,6.625,12.71875
97,0.0,0.0,0.0,0.0,0.0,0.0,0.0,1.4411764705882353,0.0,0.0,3.088235294117647,0.0,0.0,0.0,0.0,20.176470588235293,0.0,2.235294117647059,0.0,0.0,12.617647058823529,23.647058823529413
98,0.0,0.0,0.0,0.0,0.0,0.0,0.0,0.0,0.0,0.0,0.0,0.0,0.0,0.0,0.0,24.7,0.0,4.45,0.0,0.0,3.65,7.25
99,0.0,0.0,0.0,0.0,0.0,0.0,0.0,0.8787878787878788,0.0,0.0,0.0,0.0,0.0,0.0,0.0,21.666666666666668,0.0,3.3333333333333335,0.0,0.0,9.121212121212121,16.181818181818183
100,0.3258426966292135,0.0,0.0,0.0,0.0,0.0,0.0,1.6292134831460674,0.0,0.0,0.0,0.0,0.0,0.0,0.3202247191011236,10.438202247191011,0.0,4.707865168539326,0.0,0.0,19.573033707865168,32.98314606741573
101,0.0,0.0,0.0,0.10344827586206896,0.0,0.0,0.0,1.5,0.0,0.0,0.0,0.0,0.0,0.0,0.25862068965517243,17.137931034482758,0.3103448275862069,2.3275862068965516,0.0,0.0,8.775862068965518,12.172413793103448
102,0.6417910447761194,0.3283582089552239,0.0,0.0,0.0,0.0,0.0,3.044776119402985,0.0,0.0,0.0,0.0,0.0,0.0,1.0149253731343284,52.26865671641791,0.417910447761194,1.537313432835821,0.0,0.0,16.65671641791045,30.776119402985074
103,0.0,0.0,0.0,0.0,0.0,0.0,0.0,0.37423312883435583,0.0,0.0,0.0,0.0,0.0,0.0,0.018404907975460124,14.0920245398773,0.0,1.4478527607361964,0.0,0.0,17.58282208588957,31.067484662576685
104,0.0,0.0,0.0,0.0,1.6428571428571428,0.0,0.0,0.0,0.0,0.0,26.142857142857142,0.0,0.0,0.0,0.0,31.142857142857142,0.0,2.357142857142857,0.35714285714285715,0.0,6.714285714285714,12.214285714285714
105,0.0,0.0,0.0,1.1866666666666668,4.226666666666667,0.0,0.0,0.9333333333333333,0.0,0.0,0.0,0.0,0.0,0.0,0.0,14.08,0.0,11.346666666666666,0.0,0.0,6.746666666666667,13.68
106,0.0,0.0,0.0,0.13333333333333333,0.0,0.0,0.0,0.09333333333333334,0.0,0.0,0.0,0.0,0.0,0.0,0.0,5.1866666666666665,0.0,3.6,0.0,0.0,2.52,6.133333333333334
107,0.0,0.0,0.0,0.0,0.0,0.0,0.0,2.7837837837837838,0.0,0.0,0.0,0.0,0.0,0.0,0.0,3.108108108108108,0.0,0.0,0.0,0.0,6.486486486486487,11.405405405405405
108,0.0,0.0,0.0,3.3466666666666667,13.666666666666666,0.0,0.0,0.25333333333333335,0.0,0.0,44.85333333333333,0.0,0.0,0.0,0.0,7.16,0.0,9.626666666666667,0.0,0.0,7.293333333333333,14.653333333333334
109,0.1527777777777778,0.06944444444444445,0.0,0.0,0.0,0.0,0.0,2.5277777777777777,0.0,0.0,0.0,0.0,0.0,0.0,0.6527777777777778,25.76388888888889,0.0,1.5,0.0,0.0,11.777777777777779,20.541666666666668
110,0.0,0.0,0.0,0.0,0.0,0.0,0.0,0.8591549295774648,0.0,0.0,0.0,0.0,0.0,0.0,0.0,20.098591549295776,0.0,1.8309859154929577,0.0,0.0,7.915492957746479,12.732394366197184
111,0.0,0.0,0.0,0.7555555555555555,12.6,0.0,0.0,0.0,0.0,0.0,49.0,0.0,0.0,0.0,0.0,6.288888888888889,0.0,4.111111111111111,4.933333333333334,0.0,3.5555555555555554,8.644444444444444
112,0.0,0.0,0.0,1.0873015873015872,14.031746031746032,0.0,0.0,0.10317460317460317,0.0,0.0,49.11904761904762,0.0,0.0,0.0,0.8809523809523809,4.444444444444445,0.0,9.317460317460318,0.36507936507936506,0.0,8.26984126984127,15.761904761904763
113,0.0,0.0,0.0,0.0,0.0,0.0,0.0,4.213114754098361,0.0,0.0,0.0,0.0,0.0,0.0,0.4098360655737705,20.065573770491802,0.0,3.19672131147541,0.0,0.0,7.868852459016393,13.573770491803279
114,0.0,0.0,0.0,0.3333333333333333,0.0,0.0,0.0,0.41025641025641024,0.0,0.0,0.0,0.0,0.0,0.0,0.0,10.58974358974359,0.0,7.243589743589744,0.0,0.0,15.833333333333334,27.602564102564102
115,0.0,0.0,0.0,2.56,7.92,0.0,0.0,0.0,0.0,0.0,13.14,0.0,0.0,0.0,0.0,1.6,0.0,0.0,2.88,0.0,4.86,8.64
116,0.0,0.0,0.0,0.0,0.0,0.0,0.0,0.640625,0.0,0.0,0.0,0.0,0.0,0.0,0.0,11.0625,0.0,1.796875,0.0,0.0,3.5625,7.796875
117,1.2,0.25,0.0,0.0,0.0,0.0,0.0,5.1,0.0,0.0,0.0,0.0,0.0,0.0,1.75,70.6,0.35,0.0,0.0,0.0,21.95,39.5
118,0.0,0.0,0.0,0.4666666666666667,2.066666666666667,0.0,0.0,0.30833333333333335,0.0,0.0,1.175,0.0,0.0,0.0,0.0,6.866666666666666,0.0,3.2416666666666667,0.225,0.0,6.641666666666667,12.133333333333333
119,0.0,0.0,0.0,0.0,0.0,0.0,0.0,0.0,0.0,0.0,0.0,0.0,0.0,0.0,0.0,3.8780487804878048,0.0,2.292682926829268,0.0,0.0,4.414634146341464,7.073170731707317
120,0.0,0.0,0.0,1.725,17.6,0.0,0.0,0.0,0.0,0.0,108.225,0.0,0.0,0.0,0.0,13.8,0.0,2.025,7.05,0.0,3.875,7.125
121,0.0,0.0,0.0,3.372093023255814,14.108527131782946,0.0,0.0,0.7209302325581395,0.0,0.0,35.968992248062015,0.0,0.0,0.0,0.0,3.0697674418604652,0.0,6.054263565891473,2.131782945736434,0.0,7.589147286821706,16.54263565891473
122,0.0,0.0,0.0,1.392156862745098,10.303921568627452,0.0,0.0,0.0,0.0,0.0,45.94117647058823,0.0,0.0,0.0,0.0,6.147058823529412,0.0,0.5686274509803921,8.22549019607843,0.0,5.637254901960785,13.07843137254902
123,0.0,0.0,0.0,0.0,0.0,0.0,0.0,0.0,0.0,0.0,0.0,0.0,0.0,0.0,0.0,15.538461538461538,0.0,0.6153846153846154,0.0,0.0,9.35897435897436,16.82051282051282
124,0.18333333333333332,0.0,0.0,0.225,0.30833333333333335,0.0,0.0,1.0916666666666666,0.0,0.0,0.0,0.0,0.0,0.0,0.26666666666666666,24.091666666666665,0.0,3.8833333333333333,0.0,0.0,15.65,29.533333333333335
125,0.0,0.0,0.0,0.0,0.0,0.0,0.0,0.10416666666666667,0.0,0.0,0.0,0.0,0.0,0.0,0.0,7.1875,0.0,4.739583333333333,0.0,0.0,19.208333333333332,33.729166666666664
126,0.0,0.0,0.0,0.0,0.0,0.0,0.0,3.212121212121212,0.0,0.0,0.0,0.0,0.0,0.0,1.3434343434343434,46.77777777777778,0.0,1.404040404040404,0.0,0.0,21.828282828282827,36.676767676767675
127,0.2073170731707317,0.0,0.0,0.0,0.0,0.0,0.0,0.5121951219512195,0.0,0.0,0.0,0.0,0.0,0.0,0.2804878048780488,30.085365853658537,0.24390243902439024,5.670731707317073,0.0,0.0,6.060975609756097,12.512195121951219
128,0.0,0.0,0.0,0.0,0.018018018018018018,0.0,0.0,0.0,0.0,0.0,0.0,0.0,0.0,0.0,0.0,2.6576576576576576,0.0,4.8558558558558556,0.0,0.0,16.45945945945946,30.045045045045047
129,0.0,0.0,0.0,0.5,0.0,0.0,0.0,0.0,0.0,0.0,0.0,0.0,0.0,0.0,0.0,4.285714285714286,0.0,6.571428571428571,0.0,0.0,4.214285714285714,9.142857142857142
130,0.0,0.0,0.0,0.15254237288135594,0.0,0.0,0.0,0.15254237288135594,0.0,0.0,0.0,0.0,0.0,0.0,0.0,5.423728813559322,0.0,3.5084745762711864,0.0,0.0,10.440677966101696,17.06779661016949
131,0.0,0.0,0.0,0.0,0.0,0.0,0.0,0.10526315789473684,0.0,0.0,0.0,0.0,0.0,0.0,0.0,4.842105263157895,0.0,4.052631578947368,0.0,0.0,1.3157894736842106,7.105263157894737
132,0.0,0.0,0.0,0.0,0.0,0.0,0.0,0.7,0.0,0.0,0.0,0.0,0.0,0.0,0.0,4.292857142857143,0.0,1.5714285714285714,0.0,0.0,8.45,15.9
133,0.0,0.0,0.0,0.0,0.0,0.0,0.0,0.0,0.0,0.0,0.0,0.0,0.0,0.0,0.0,43.65384615384615,0.0,4.346153846153846,0.0,0.0,2.0384615384615383,6.961538461538462
134,0.0,0.0,0.0,0.0,0.0,0.0,0.0,0.36470588235294116,0.0,0.0,0.0,0.0,0.0,0.0,0.0,15.670588235294117,0.0,3.6470588235294117,0.43529411764705883,0.0,22.55294117647059,37.258823529411764
135,0.0,0.0,0.0,0.0,0.0,0.0,0.0,0.28125,0.0,0.0,0.0,0.0,0.0,0.0,0.14583333333333334,6.739583333333333,0.0,0.7916666666666666,0.0,0.0,24.239583333333332,41.447916666666664
136,0.0,0.0,0.0,0.0136986301369863,0.0,0.0,0.0,0.0136986301369863,0.0,0.0,0.0,0.0,0.0,0.0,0.0273972602739726,4.7534246575342465,0.0,2.0547945205479454,0.0,0.0,23.52054794520548,37.84931506849315
137,0.0,0.0,0.0,0.01020408163265306,0.0,0.0,0.0,0.1836734693877551,0.0,0.0,0.0,0.0,0.0,0.0,0.0,3.877551020408163,0.0,2.061224489795918,0.0,0.0,15.23469387755102,25.285714285714285
138,0.0,0.0,0.0,0.0,0.0,0.0,0.0,0.2,0.0,0.0,0.0,0.0,0.0,0.0,0.0,6.233333333333333,0.0,4.333333333333333,0.0,0.0,6.4,10.366666666666667
139,0.05714285714285714,0.0,0.0,0.0,0.0,0.0,0.0,1.4476190476190476,0.0,0.0,0.0,0.0,0.0,0.0,0.08095238095238096,9.128571428571428,0.0,3.704761904761905,0.0,0.0,9.466666666666667,16.633333333333333
140,0.5384615384615384,0.0,0.0,0.0,0.0,0.0,0.0,1.8846153846153846,0.0,0.0,0.0,0.0,0.0,0.0,0.0,6.1923076923076925,0.0,1.4615384615384615,0.0,0.0,9.0,15.884615384615385
141,0.0,0.0,0.0,0.0,0.0,0.0,0.0,0.6666666666666666,0.0,0.0,0.0,0.0,0.0,0.0,0.0,8.64102564102564,0.0,4.333333333333333,0.0,0.0,3.9743589743589745,8.666666666666666
142,0.0,0.0,0.0,0.0,0.0,0.0,0.0,0.0,0.0,0.0,0.0,0.0,0.0,0.0,0.44,6.533333333333333,0.0,2.72,0.0,0.0,27.373333333333335,44.14666666666667
143,0.0,0.0,0.0,0.0,0.0,0.0,0.0,1.8,0.0,0.0,0.0,0.0,0.0,0.0,0.0,16.285714285714285,0.0,0.42857142857142855,0.0,0.0,11.885714285714286,22.2
144,0.0,0.0,0.0,0.7745098039215687,3.843137254901961,0.0,0.0,0.0,0.0,0.0,5.647058823529412,0.0,0.0,0.0,0.0,8.686274509803921,0.0,9.352941176470589,1.6470588235294117,0.0,14.833333333333334,26.362745098039216
145,0.0,0.0,0.0,0.0,0.0,0.0,0.0,2.1951219512195124,0.0,0.0,0.0,0.0,0.0,0.0,0.0,4.682926829268292,0.0,3.1951219512195124,0.0,0.0,6.634146341463414,11.585365853658537
146,0.1282051282051282,0.0,0.0,0.0,0.0,0.0,0.0,1.064102564102564,0.0,0.0,0.0,0.0,0.0,0.0,0.0,4.397435897435898,0.0,1.5128205128205128,0.0,0.0,5.371794871794871,9.474358974358974
147,0.0,0.0,0.0,0.0,0.0,0.0,0.0,0.896551724137931,0.0,0.0,0.0,0.0,0.0,0.0,0.6896551724137931,18.310344827586206,0.20689655172413793,3.689655172413793,0.0,0.0,10.120689655172415,18.75862068965517
148,0.0,0.0,0.0,2.328767123287671,9.349315068493151,0.0,0.0,0.4589041095890411,0.0,0.0,47.19178082191781,0.0,0.0,0.0,0.0,7.7465753424657535,0.0,0.3835616438356164,7.972602739726027,0.0,12.86986301369863,25.34931506849315
149,0.0,0.0,0.0,0.0,0.0,0.0,0.0,0.2,0.0,0.0,0.0,0.0,0.0,0.0,0.02857142857142857,9.628571428571428,0.0,5.0,0.0,0.0,6.371428571428571,10.857142857142858
150,0.0,0.0,0.0,0.0,0.0,0.0,0.0,2.129032258064516,0.0,0.0,0.0,0.0,0.0,0.0,0.0,26.612903225806452,0.0,2.193548387096774,0.0,0.0,5.935483870967742,9.612903225806452
151,0.0,0.0,0.0,0.0,0.0,0.0,0.0,0.9105691056910569,0.0,0.0,0.0,0.0,0.0,0.0,0.16260162601626016,6.788617886178862,0.0,1.853658536585366,0.0,0.0,13.073170731707316,25.13821138211382
152,0.27848101265822783,0.0,0.0,0.012658227848101266,0.0,0.0,0.0,1.3037974683544304,0.0,0.0,0.0,0.0,0.0,0.0,0.3037974683544304,19.468354430379748,0.0189873417721519,2.7341772151898733,0.0,0.0,19.968354430379748,34.29113924050633
153,0.0,0.0,0.0,0.0,0.0,0.0,0.0,1.7142857142857142,0.0,0.0,0.0,0.0,0.0,0.0,0.0,6.591836734693878,0.0,0.6938775510204082,0.0,0.0,9.244897959183673,16.46938775510204
154,0.0,0.0,0.0,0.0,0.0,0.0,0.0,0.0,0.0,0.0,0.0,0.0,0.0,0.0,0.0,16.4,0.0,4.2,0.0,0.0,2.4,6.0
155,0.6097560975609756,0.0,0.0,0.0,0.0,0.0,0.0,1.5121951219512195,0.0,0.0,0.0,0.0,0.0,0.0,0.2926829268292683,14.24390243902439,0.0,0.6341463414634146,0.0,0.0,10.414634146341463,18.0
156,0.04918032786885246,0.0,0.0,0.01639344262295082,0.0,0.0,0.09836065573770492,1.2950819672131149,0.0,0.0,0.0,0.0,0.0,0.0,0.0,26.491803278688526,0.0,1.278688524590164,0.0,0.0,9.754098360655737,16.508196721311474
157,0.0,0.0,0.0,0.6106194690265486,0.0,0.0,0.0,0.8053097345132744,0.0,0.0,0.0,0.0,0.0,0.0,0.09734513274336283,4.123893805309734,0.0,3.725663716814159,0.0,0.0,16.495575221238937,28.079646017699115
158,0.26490066225165565,0.0,0.0,0.09933774834437085,1.2847682119205297,0.0,0.0,0.8211920529801324,0.0,0.0,0.0,0.0,0.0,0.0,0.0,6.3509933774834435,0.0,2.9271523178807946,0.0,0.0,16.966887417218544,30.165562913907284
159,0.3,0.0,0.0,0.0,0.0,0.0,0.0,1.625,0.0,0.0,0.0,0.0,0.0,0.0,0.0,4.225,0.0,1.325,0.0,0.0,7.125,14.875
160,0.0,0.0,0.0,0.4868421052631579,7.131578947368421,0.0,0.0,0.4473684210526316,0.0,0.0,4.197368421052632,0.0,0.0,0.0,0.0,5.473684210526316,0.0,2.1315789473684212,2.6447368421052633,0.0,5.894736842105263,12.907894736842104
161,0.0,0.0,0.0,0.38095238095238093,0.0,0.0,0.0,0.07142857142857142,0.0,0.0,0.0,0.0,0.0,0.0,0.0,2.261904761904762,0.011904761904761904,2.9166666666666665,0.0,0.0,16.333333333333332,27.11904761904762
162,0.03305785123966942,0.0,0.0,0.0,0.0,0.0,0.0,1.9586776859504131,0.0,0.0,0.0,0.0,0.0,0.0,0.0,21.52892561983471,0.0,0.4380165289256198,0.0,0.0,14.090909090909092,27.132231404958677
163,2.8076923076923075,0.0,0.0,1.2692307692307692,0.0,0.0,0.0,4.269230769230769,0.0,0.0,0.0,0.0,0.0,0.0,0.0,30.807692307692307,0.0,8.615384615384615,0.0,0.0,5.384615384615385,8.153846153846153
164,0.0,0.0,0.0,0.0,0.0,0.0,0.0,2.1129032258064515,0.0,0.0,0.0,0.0,0.0,0.0,0.7016129032258065,21.282258064516128,0.0,0.3709677419354839,0.0,0.0,21.370967741935484,35.20967741935484
165,0.0,0.0,0.0,0.07741935483870968,0.06451612903225806,0.0,0.0,0.7806451612903226,0.0,0.0,0.0,0.0,0.0,0.0,0.0,8.129032258064516,0.0,4.974193548387097,0.10967741935483871,0.0,5.896774193548387,10.63225806451613
166,0.0,0.0,0.0,0.05673758865248227,1.0921985815602837,0.0,0.0,0.5035460992907801,0.0,0.0,0.0,0.0,0.0,0.0,0.11347517730496454,10.539007092198581,0.04964539007092199,2.1631205673758864,0.0,0.0,16.56028368794326,30.50354609929078
167,0.0,0.0,0.0,2.2421052631578946,4.010526315789473,0.0,0.0,2.294736842105263,0.0,0.0,5.136842105263158,0.0,0.0,0.5789473684210527,0.0,8.357894736842105,0.0,0.37894736842105264,2.168421052631579,0.0,11.157894736842104,22.610526315789475
168,0.0,0.0,0.0,0.0,0.0,0.0,0.0,1.7328244274809161,0.0,0.0,0.0,0.0,0.0,0.0,0.0,13.389312977099237,0.0,0.022900763358778626,0.0,0.0,12.458015267175572,23.793893129770993
169,0.17073170731707318,0.0,0.0,0.32926829268292684,0.0,0.0,0.0,0.47560975609756095,0.0,0.0,0.0,0.0,0.0,0.0,0.0,11.963414634146341,0.0,7.060975609756097,0.0,0.0,7.804878048780488,13.670731707317072
170,0.0,0.0,0.0,0.0,0.0,0.0,0.0,0.54,0.0,0.0,0.0,0.0,0.0,0.0,0.0,3.32,0.0,5.92,0.0,0.0,8.34,14.24
171,0.0,0.0,0.0,0.0,0.0,0.0,0.0,1.0978260869565217,0.0,0.0,0.0,0.0,0.0,0.0,0.07608695652173914,5.858695652173913,0.0,0.4891304347826087,0.0,0.0,14.91304347826087,27.16304347826087
172,0.21348314606741572,0.0,0.0,0.0,0.0,0.0,0.011235955056179775,0.9887640449438202,0.0,0.0,0.0,0.0,0.0,0.0,0.4044943820224719,12.786516853932584,0.0,1.7865168539325842,0.0,0.0,10.370786516853933,19.48314606741573
173,0.0,0.0,0.0,1.3873873873873874,3.1981981981981984,0.0,0.0,1.3063063063063063,0.0,0.0,6.072072072072072,0.0,0.0,0.0,0.0,10.63963963963964,0.0,3.6036036036036037,0.8648648648648649,0.0,8.162162162162161,16.90990990990991
174,0.29411764705882354,0.0,0.0,5.623529411764705,8.035294117647059,0.0,0.0,1.188235294117647,0.0,0.0,14.505882352941176,0.0,0.0,0.0,0.0,17.211764705882352,0.0,6.482352941176471,5.470588235294118,0.0,5.423529411764706,11.541176470588235
175,0.0,0.0,0.0,0.9315068493150684,2.3972602739726026,0.0,0.0,0.5205479452054794,0.0,0.0,0.3561643835616438,0.0,0.0,0.0,0.0,9.164383561643836,0.0,4.506849315068493,0.0,0.0,3.0273972602739727,5.013698630136986
176,0.0,0.0,0.0,0.0,0.0,0.0,0.0,0.0,0.0,0.0,0.0,0.0,0.0,0.0,0.0,7.7368421052631575,0.05263157894736842,2.8421052631578947,0.0,0.0,2.6842105263157894,7.7894736842105265
177,0.0,0.0,0.0,0.0,0.1717171717171717,0.0,0.0,0.30303030303030304,0.0,0.0,0.9292929292929293,0.0,0.0,0.0,0.0,4.707070707070707,0.0,2.5454545454545454,0.0,0.0,7.01010101010101,11.808080808080808
178,0.0,0.0,0.0,3.150442477876106,0.0,0.0,0.0,0.25663716814159293,0.0,0.0,0.0,0.0,0.0,0.0,0.0,5.84070796460177,1.0884955752212389,2.725663716814159,0.0,2.0088495575221237,11.52212389380531,19.442477876106196
179,0.04878048780487805,0.0,0.0,0.10569105691056911,0.0,0.0,0.0,1.2113821138211383,0.0,0.0,0.16260162601626016,0.0,0.0,0.0,0.0,5.178861788617886,0.0,3.016260162601626,0.07317073170731707,0.0,14.390243902439025,26.951219512195124
180,0.0,0.0,0.0,1.4615384615384615,0.0,0.0,0.0,1.0,0.0,0.0,0.0,0.0,0.0,0.0,0.0,13.0,0.0,3.769230769230769,1.0,0.0,9.461538461538462,16.23076923076923
181,0.0,0.0,0.0,0.3333333333333333,0.0,0.0,0.0,1.7,0.0,0.0,0.0,0.0,0.0,0.0,3.1666666666666665,11.044444444444444,1.1333333333333333,11.144444444444444,0.0,0.0,15.944444444444445,28.41111111111111
182,0.05660377358490566,0.0,0.0,0.0,0.36792452830188677,0.0,0.0,2.056603773584906,0.0,0.0,2.0754716981132075,0.0,0.0,0.0,0.660377358490566,24.38679245283019,0.0,2.207547169811321,0.0,0.0,14.226415094339623,26.42452830188679
183,0.0,0.0,0.0,0.8375,4.7375,0.0,0.0,0.175,0.0,0.0,13.3875,0.0,0.0,0.0,0.0,10.6625,0.0,4.0375,0.0,0.0,12.6125,21.9625
184,0.0,0.0,0.0,2.88,18.66,0.0,0.0,0.0,0.0,0.0,11.74,0.0,0.0,0.0,0.0,9.96,0.0,1.66,0.0,0.0,11.0,20.68
185,0.07296137339055794,0.0,0.0,0.0,0.0,0.0,0.0,1.9184549356223175,0.0,0.0,0.0,0.0,0.0,0.0,0.0,11.841201716738198,0.0,0.51931330472103,0.0,0.0,15.695278969957082,27.240343347639485
186,0.0,0.0,0.0,0.0,0.0761904761904762,0.0,0.0,0.3142857142857143,0.0,0.0,0.0,0.0,0.0,0.0,0.0,11.266666666666667,0.0,3.9047619047619047,0.0,0.0,13.428571428571429,21.409523809523808
187,0.0,0.0,0.0,0.0,0.0,0.0,0.0,0.0,0.0,0.0,0.0,0.0,0.0,0.0,0.0,2.6666666666666665,0.0,1.2222222222222223,0.0,0.0,4.277777777777778,6.666666666666667
188,0.17204301075268819,0.0,0.0,0.0,0.0,0.0,0.0,1.0,0.0,0.0,0.0,0.0,0.0,0.0,0.0,8.516129032258064,0.0,1.6666666666666667,0.0,0.0,6.010752688172043,10.827956989247312
189,0.0,0.0,0.0,2.3466666666666667,9.493333333333334,0.0,0.0,0.0,0.0,0.0,34.42666666666667,0.0,0.0,0.0,0.0,4.986666666666666,0.0,0.5733333333333334,0.0,0.0,3.1866666666666665,6.986666666666666
190,0.0,0.0,0.0,0.0,0.0,0.0,0.0,0.8454545454545455,0.0,0.0,0.0,0.0,0.0,0.0,0.0,5.5181818181818185,0.0,2.0545454545454547,0.0,0.0,11.863636363636363,22.1
191,0.0,0.0,0.0,0.0,0.0,0.0,0.0,0.7272727272727273,0.0,0.0,0.0,0.0,0.0,0.0,0.0,10.727272727272727,0.0,4.181818181818182,0.0,0.0,4.090909090909091,8.909090909090908
192,0.0,0.0,0.0,0.0,0.0,0.0,0.0,1.2237762237762237,0.0,0.0,0.0,0.0,0.0,0.0,0.0,13.363636363636363,0.0,2.076923076923077,0.0,0.0,12.636363636363637,23.93006993006993
193,0.1267605633802817,0.0,0.0,0.0,0.0,0.0,0.0,3.4225352112676055,0.0,0.0,0.0,0.0,0.0,0.0,0.7183098591549296,16.014084507042252,0.0,0.23943661971830985,0.0,0.0,18.859154929577464,29.661971830985916
194,0.10714285714285714,0.0,0.0,0.0,0.0,0.0,0.0,1.25,0.0,0.0,0.0,0.0,0.0,0.0,0.0,6.071428571428571,0.0,0.25,0.0,0.0,8.0,14.964285714285714
195,0.0,0.0,0.0,0.0625,0.0,0.0,0.0,0.0,0.0,0.0,0.0,0.0,0.0,0.0,0.234375,6.859375,0.0,2.375,0.0,0.0,8.46875,16.125
196,0.0,0.0,0.0,0.23684210526315788,0.0,0.0,0.0,0.6710526315789473,0.0,0.0,0.0,0.0,0.0,0.0,0.0,10.06578947368421,0.0,8.644736842105264,0.0,0.0,4.118421052631579,8.105263157894736
197,0.0,0.0,0.0,2.2962962962962963,8.101851851851851,0.0,0.0,0.0,0.0,0.0,10.212962962962964,0.0,0.0,0.0,0.0,5.462962962962963,0.0,5.62962962962963,2.0462962962962963,0.0,6.611111111111111,12.444444444444445
198,0.2608695652173913,0.0,0.0,0.0,0.0,0.0,0.0,3.5652173913043477,0.0,0.0,0.0,0.0,0.0,0.0,0.0,7.565217391304348,0.0,0.4782608695652174,0.0,0.0,10.173913043478262,18.217391304347824
199,0.0,0.0,0.0,0.0,1.4482758620689655,0.0,0.0,0.0,0.0,0.0,3.0,0.0,0.0,0.0,0.0,7.482758620689655,0.0,3.5172413793103448,0.0,0.0,8.724137931034482,16.724137931034484
200,0.1375,0.0,0.0,0.0,0.0,0.0,0.0,4.35,0.0,0.0,0.0,0.0,0.0,0.0,0.0,7.45,0.0,0.1125,0.0,0.0,11.2875,21.3125
201,0.0,0.0,0.0,0.11842105263157894,0.11842105263157894,0.0,0.0,0.4342105263157895,0.0,0.0,0.0,0.0,0.0,0.0,0.0,13.197368421052632,0.0,10.776315789473685,0.0,0.0,12.763157894736842,22.07894736842105
202,0.43312101910828027,0.0,0.0,0.0,0.0,0.0,0.0,0.6305732484076433,0.0,0.0,0.0,0.0,0.0,0.0,0.3885350318471338,16.471337579617835,0.0,1.624203821656051,0.0,0.0,12.86624203821656,24.89171974522293
203,0.0,0.0,0.0,0.0,0.0,0.0,0.0,0.3577981651376147,0.0,0.0,0.7247706422018348,0.0,0.0,0.0,0.0,6.871559633027523,0.0,3.1009174311926606,0.0,0.0,8.972477064220184,17.119266055045873
204,0.8596491228070176,0.0,0.0,0.0,0.0,0.0,0.0,0.543859649122807,0.0,0.0,0.0,0.0,0.0,0.0,0.0,3.43859649122807,0.0,1.9649122807017543,0.0,0.0,9.807017543859649,21.228070175438596
205,0.0,0.0,0.0,0.0,0.0,0.0,0.0,0.23880597014925373,0.0,0.0,0.0,0.0,0.0,0.0,0.0,4.08955223880597,0.0,1.5671641791044777,0.0,0.0,9.126865671641792,15.58955223880597
206,0.08163265306122448,0.0,0.0,0.0,0.0,0.0,0.0,0.6326530612244898,0.0,0.0,0.0,0.0,0.0,0.0,0.0,6.591836734693878,0.0,1.9183673469387754,0.0,0.0,9.89795918367347,17.408163265306122
207,0.0,0.0,0.0,2.2962962962962963,14.981481481481481,0.0,0.46296296296296297,1.2592592592592593,0.0,0.0,20.77777777777778,0.0,0.0,0.0,0.0,3.425925925925926,1.4074074074074074,0.42592592592592593,0.0,0.0,26.62962962962963,48.425925925925924
208,0.0,0.0,0.0,0.0,0.0,0.0,0.0,1.4375,0.0,0.0,0.0,0.0,0.0,0.0,1.25,21.6875,0.0,0.21875,0.0,0.0,25.8125,48.96875
209,0.0,0.0,0.0,2.700854700854701,16.017094017094017,0.0,0.0,0.24786324786324787,0.0,0.0,30.34188034188034,0.0,0.0,0.0,0.42735042735042733,10.136752136752136,0.6324786324786325,2.905982905982906,0.06837606837606838,0.0,12.256410256410257,22.743589743589745
210,0.0,0.0,0.0,0.0,0.0,0.0,0.0,1.0078740157480315,0.0,0.0,2.921259842519685,0.0,0.0,0.0,0.0,12.716535433070867,0.0,0.2677165354330709,0.0,0.0,17.078740157480315,32.79527559055118
211,0.0,0.0,0.0,0.0,0.0,0.0,0.0,0.45535714285714285,0.0,0.0,0.0,0.0,0.0,0.0,0.0,8.785714285714286,0.0,3.0982142857142856,0.0,0.0,5.473214285714286,10.455357142857142
212,0.0,0.0,0.0,0.0,0.0,0.0,0.0,0.15267175572519084,0.0,0.0,0.0,0.0,0.0,0.0,0.0,4.6183206106870225,0.0,3.312977099236641,0.0,0.0,22.923664122137403,40.0
213,0.0,0.0,0.0,0.014634146341463415,0.0,0.0,0.0,0.7902439024390244,0.0,0.0,0.12682926829268293,0.0,0.0,0.0,0.0,6.639024390243902,0.004878048780487805,2.478048780487805,0.0,0.0,5.590243902439024,11.590243902439024
214,0.009174311926605505,0.0,0.0,0.0,0.0,0.0,0.0,1.311926605504587,0.0,0.0,0.0,0.0,0.0,0.0,0.14678899082568808,11.458715596330276,0.07339449541284404,1.4495412844036697,0.0,0.0,18.724770642201836,32.330275229357795
215,0.2808988764044944,0.0,0.0,0.0,0.0,0.0,0.0,1.3258426966292134,0.0,0.0,1.146067415730337,0.0,0.0,0.0,0.0,10.415730337078651,0.0,0.25842696629213485,0.0,0.0,11.314606741573034,23.314606741573034
216,0.0,0.0,0.0,2.5625,5.3046875,0.0,0.0,1.015625,0.0,0.0,8.703125,0.0,0.0,0.0,0.0,6.1015625,0.0,3.890625,0.0,0.0,11.2265625,20.5078125
217,0.0,0.0,0.0,0.0,0.0,0.0,0.0,0.422680412371134,0.0,0.0,0.0,0.0,0.0,0.0,0.10309278350515463,10.268041237113403,0.0,2.3711340206185567,0.0,0.0,20.278350515463917,34.25773195876289
218,0.028368794326241134,0.0,0.0,0.0,0.0,0.0,0.0,0.3546099290780142,0.0,0.0,0.0,0.0,0.0,0.0,0.0,2.723404255319149,0.0,1.7375886524822695,0.0,0.0,20.858156028368793,35.46808510638298
219,0.17692307692307693,0.0,0.0,0.0,0.03076923076923077,0.0,0.0,0.14615384615384616,0.0,0.0,0.0,0.0,0.0,0.0,0.0,5.1692307692307695,0.0,3.453846153846154,0.0,0.0,14.761538461538462,25.3
220,0.0,0.0,0.0,0.0,0.18947368421052632,0.0,0.0,1.063157894736842,0.0,0.0,0.0,0.0,0.0,0.0,0.0,5.515789473684211,0.0,0.9473684210526315,0.0,0.0,7.473684210526316,14.115789473684211
221,0.0,0.0,0.0,0.0,0.0,0.0,0.0,0.0,0.0,0.0,0.0,0.0,0.0,0.0,0.0,17.32608695652174,0.0,1.3478260869565217,0.0,0.0,3.0869565217391304,7.934782608695652
222,0.0,0.0,0.0,0.0,0.0,0.0,0.0,0.6126760563380281,0.0,0.0,0.0,0.0,0.0,0.0,0.0,18.1056338028169,0.0,3.3028169014084505,0.0,0.0,13.69718309859155,24.6056338028169
223,0.0,0.0,0.0,3.5476190476190474,18.095238095238095,0.0,0.19047619047619047,0.35714285714285715,0.0,0.0,35.904761904761905,0.0,0.0,0.0,0.0,9.714285714285714,0.023809523809523808,8.428571428571429,0.0,0.0,9.547619047619047,20.333333333333332
224,0.0,0.0,0.0,0.16,0.0,0.0,0.0,1.48,0.0,0.0,4.0,0.0,0.0,0.0,0.0,12.84,0.0,6.68,0.0,0.0,5.08,7.76
225,0.0,0.0,0.0,0.08737864077669903,1.4951456310679612,0.0,0.0,1.4368932038834952,0.0,0.0,0.6990291262135923,0.0,0.0,0.0,0.0,4.12621359223301,0.0,2.766990291262136,0.0,0.0,10.388349514563107,17.398058252427184
226,0.5925925925925926,0.0,0.0,0.0,0.0,0.0,0.0,2.3333333333333335,0.0,0.0,0.0,0.0,0.0,0.0,0.0,3.4074074074074074,0.0,0.5185185185185185,0.0,0.0,7.407407407407407,11.851851851851851
227,0.0,0.0,0.0,0.056179775280898875,0.0898876404494382,0.0,0.0,0.0,0.0,0.0,0.0,0.0,0.0,0.0,0.0,4.752808988764045,0.0,1.8314606741573034,0.0,0.0,13.741573033707866,24.528089887640448
228,0.0,0.0,0.0,1.7672955974842768,3.2264150943396226,0.0,0.0,0.8553459119496856,0.0,0.0,6.314465408805032,0.0,0.0,0.0,0.0,4.352201257861635,0.0,6.0062893081761,0.0,0.0,10.842767295597485,20.761006289308177
229,0.0,0.0,0.0,1.3125,0.0,0.0,0.0,1.5416666666666667,0.0,0.0,0.0,0.0,0.0,0.0,0.0,7.916666666666667,0.0,4.083333333333333,0.0,0.0,6.229166666666667,10.979166666666666
230,0.0,0.0,0.0,0.0,0.0,0.0,0.0,2.156862745098039,0.0,0.0,0.0,0.0,0.0,0.0,0.0,3.627450980392157,0.0,2.0392156862745097,0.0,0.0,6.627450980392157,13.529411764705882
231,0.0,0.0,0.0,0.0,0.0,0.0,0.0,0.0,0.0,0.0,0.0,0.0,0.0,0.0,0.0,20.5,0.0,9.5,0.0,0.0,5.0,9.75
232,0.9090909090909091,0.0,0.0,0.0,0.0,0.0,0.0,2.212121212121212,0.0,0.0,0.0,0.0,0.0,0.0,1.121212121212121,55.57575757575758,0.0,0.0,0.0,0.0,17.727272727272727,30.696969696969695
233,0.32608695652173914,0.0,0.0,0.0,0.0,0.0,0.0,0.0,0.0,0.0,0.0,0.0,0.0,0.0,0.0,5.913043478260869,0.0,0.7391304347826086,0.0,0.0,4.369565217391305,8.23913043478261
234,0.0,0.0,0.0,0.0,0.0,0.0,0.0,0.029850746268656716,0.0,0.0,0.0,0.0,0.0,0.0,0.0,5.208955223880597,0.0,8.223880597014926,0.0,0.0,1.537313432835821,5.91044776119403
235,0.0,0.0,0.0,0.2549019607843137,3.8137254901960786,0.0,0.0,0.0,0.0,0.0,9.117647058823529,0.0,0.0,0.0,0.0,6.7254901960784315,0.0,7.166666666666667,0.0,0.0,10.117647058823529,19.480392156862745
236,0.0,0.0,0.0,0.0,1.3333333333333333,0.0,0.0,0.0,0.0,0.0,1.3333333333333333,0.0,0.0,0.0,0.0,13.166666666666666,0.0,12.222222222222221,0.0,0.0,4.777777777777778,10.166666666666666
237,0.35714285714285715,0.0,0.0,0.0,0.0,0.0,0.0,2.7857142857142856,0.0,0.0,0.0,0.0,0.0,0.0,0.7857142857142857,18.071428571428573,0.42857142857142855,2.0714285714285716,0.0,0.0,10.857142857142858,20.035714285714285
238,0.0,0.0,0.0,0.0,0.0,0.0,0.0,0.08823529411764706,0.0,0.0,0.0,0.0,0.0,0.0,0.0,6.25,0.0,1.9411764705882353,0.0,0.0,5.0,9.544117647058824
239,0.0,0.0,0.0,0.0,3.5,0.0,0.0,1.662162162162162,0.0,0.0,9.432432432432432,0.0,0.0,0.0,0.0,17.445945945945947,0.0,8.527027027027026,0.0,0.0,7.418918918918919,15.14864864864865
240,0.0,0.0,0.0,0.0,0.0,0.0,0.0,1.9166666666666667,0.0,0.0,0.0,0.0,0.0,0.0,0.0,10.683333333333334,0.0,2.3,0.0,0.0,7.833333333333333,13.416666666666666
241,0.0,0.0,0.0,0.0,5.347222222222222,0.0,0.0,0.2916666666666667,0.0,0.0,11.347222222222221,0.0,0.0,0.0,0.0,3.3333333333333335,0.0,2.986111111111111,0.0,0.0,4.5,9.76388888888889
242,0.0,0.0,0.0,0.0,0.3333333333333333,0.0,0.0,0.8333333333333334,0.0,0.0,0.0,0.0,0.0,0.0,0.0,6.111111111111111,0.0,2.1666666666666665,0.0,0.0,6.888888888888889,11.055555555555555
243,0.0,0.0,0.0,0.0,2.282608695652174,0.0,0.0,0.0,0.0,0.0,1.934782608695652,0.0,0.0,0.0,0.0,5.934782608695652,0.0,4.456521739130435,0.0,0.0,7.565217391304348,15.782608695652174
244,0.0,0.0,0.0,0.0051813471502590676,0.0,0.0,0.0,0.7046632124352331,0.0,0.0,0.42487046632124353,0.0,0.0,0.0,0.0,7.082901554404145,0.0,1.1554404145077721,0.0,0.0,14.336787564766839,26.71502590673575
245,0.0,0.0,0.0,0.0,0.0,0.0,0.0,0.0,0.0,0.0,0.0,0.0,0.0,0.0,0.0,8.666666666666666,0.0,0.0,0.0,0.0,11.28888888888889,19.533333333333335
246,0.0,0.0,0.0,1.6813186813186813,5.329670329670329,0.0,0.0,1.1758241758241759,0.0,0.0,2.076923076923077,0.0,0.0,0.0,0.0,9.395604395604396,0.0,5.758241758241758,1.3956043956043955,0.0,7.549450549450549,14.142857142857142
247,0.0,0.0,0.0,0.0,0.0,0.0,0.0,0.0,0.0,0.0,0.0,0.0,0.0,0.0,0.0,2.9,0.0,0.6,0.0,0.0,2.0,7.5
248,0.5161290322580645,0.0,0.0,0.0,0.0,0.0,0.0,3.4731182795698925,0.0,0.0,0.0,0.0,0.0,0.0,0.5591397849462365,15.397849462365592,0.0,5.559139784946237,0.0,0.0,9.688172043010752,18.946236559139784
249,0.5476190476190477,0.0,0.0,0.0,0.0,0.0,0.0,2.869047619047619,0.0,0.0,0.0,0.0,0.0,0.0,0.7142857142857143,41.035714285714285,0.21428571428571427,0.21428571428571427,0.0,0.0,15.44047619047619,26.0
250,0.0,0.0,0.0,1.6732673267326732,5.257425742574258,0.0,0.0,0.0,0.0,0.0,15.96039603960396,0.0,0.0,0.0,0.0,2.00990099009901,0.0,3.396039603960396,0.0,0.0,7.267326732673268,16.217821782178216
251,0.0,0.0,0.0,0.0,0.0,0.0,0.0,0.3023255813953488,0.0,0.0,0.0,0.0,0.0,0.0,0.0,8.883720930232558,0.0,0.4883720930232558,0.0,0.0,10.372093023255815,17.790697674418606
252,0.0,0.0,0.0,0.0,0.0,0.0,0.0,0.038461538461538464,0.0,0.0,0.0,0.0,0.0,0.0,0.0,7.5,0.0,3.8653846153846154,0.0,0.0,2.6346153846153846,8.115384615384615
253,0.0,0.0,0.0,0.0,0.0,0.0,0.0,0.0,0.0,0.0,0.0,0.0,0.0,0.0,0.0,5.846153846153846,0.0,0.358974358974359,0.0,0.0,24.153846153846153,44.97435897435897
254,0.0,0.0,0.0,0.0,0.0,0.0,0.0,1.1232876712328768,0.0,0.0,0.0,0.0,0.0,0.0,0.0,19.136986301369863,0.0,2.0136986301369864,0.0,0.0,5.438356164383562,10.123287671232877
255,0.0,0.0,0.0,0.0,0.0,0.0,0.0,0.9318181818181818,0.0,0.0,0.0,0.0,0.0,0.0,0.0,19.25,0.0,0.7045454545454546,0.0,0.0,10.431818181818182,17.34090909090909
256,0.0,0.0,0.0,0.0,0.0,0.0,0.0,0.7454545454545455,0.0,0.0,0.0,0.0,0.0,0.0,0.0,3.2,0.0,0.12727272727272726,0.0,0.0,20.545454545454547,35.58181818181818
257,0.0,0.0,0.0,0.0,0.0,0.0,0.0,0.0,0.0,0.0,0.0,0.0,0.0,0.0,0.0,7.052631578947368,0.0,4.052631578947368,0.0,0.0,4.105263157894737,7.526315789473684
258,0.0,0.0,0.0,0.0,0.0,0.0,0.0,0.6829268292682927,0.0,0.0,6.7073170731707314,0.0,0.0,0.0,0.0,30.024390243902438,0.0,0.0,0.0,0.0,31.585365853658537,59.048780487804876
259,0.0,0.0,0.0,0.0,0.0,0.0,0.0,0.5789473684210527,0.0,0.0,0.0,0.0,0.0,0.0,0.0,4.140350877192983,0.0,1.9649122807017543,0.0,0.0,5.543859649122807,11.280701754385966
260,0.0,0.0,0.0,0.0,0.0,0.0,0.0,1.0384615384615385,0.0,0.0,0.0,0.0,0.0,0.0,0.0,11.346153846153847,0.0,1.25,0.0,0.0,12.057692307692308,22.615384615384617
261,0.4888888888888889,0.0,0.0,0.0,0.0,0.0,0.0,1.6,0.0,0.0,0.0,0.0,0.0,0.0,0.0,16.844444444444445,0.0,0.0,0.0,0.0,12.644444444444444,22.68888888888889
262,0.0,0.0,0.0,0.0,20.129032258064516,0.0,0.0,0.0,0.0,0.0,29.451612903225808,0.0,0.0,0.0,0.0,5.064516129032258,0.0,8.0,0.0,0.0,1.2903225806451613,3.903225806451613
263,0.0,0.0,0.0,0.0,0.0,0.0,0.0,1.575,0.0,0.0,0.0,0.0,0.0,0.0,0.0,7.783333333333333,0.0,0.8583333333333333,0.0,0.0,8.483333333333333,14.933333333333334
264,0.0,0.0,0.0,5.766666666666667,19.466666666666665,0.0,0.0,0.0,0.0,0.0,18.616666666666667,0.0,0.0,0.0,0.0,3.533333333333333,0.0,2.35,0.0,0.0,3.933333333333333,9.083333333333334
265,0.046511627906976744,0.0,0.0,2.558139534883721,4.534883720930233,0.0,0.0,1.430232558139535,0.0,0.0,1.2209302325581395,0.0,0.0,0.0,0.0,8.511627906976743,0.0,3.941860465116279,0.0,0.0,9.825581395348838,17.511627906976745
266,0.0,0.0,0.0,0.06481481481481481,0.16666666666666666,0.0,0.06481481481481481,0.0,0.0,0.0,1.0925925925925926,0.0,0.0,0.0,0.0,5.166666666666667,0.0,2.8703703703703702,0.16666666666666666,0.0,7.092592592592593,13.935185185185185
267,0.34210526315789475,0.0,0.0,0.0,0.0,0.0,0.0,0.18421052631578946,0.0,0.0,0.0,0.0,0.0,0.0,0.0,39.10526315789474,0.0,12.763157894736842,0.0,0.0,7.657894736842105,15.263157894736842
268,0.0,0.0,0.0,0.0,0.0,0.0,0.0,0.42424242424242425,0.0,0.0,0.0,0.0,0.0,0.0,0.0,8.121212121212121,0.0,0.6363636363636364,0.0,0.0,10.121212121212121,18.666666666666668
269,0.36220472440944884,0.0,0.0,0.0,0.0,0.0,0.0,0.6850393700787402,0.0,0.0,0.0,0.0,0.0,0.0,0.0,8.377952755905511,0.0,1.984251968503937,0.0,0.0,5.818897637795276,11.559055118110237
270,0.0,0.0,0.0,0.06,9.8,0.0,0.0,0.22,0.0,0.0,84.61,0.0,0.0,0.0,0.0,7.16,0.0,11.91,5.75,0.0,10.8,21.85
271,0.0,0.0,0.0,0.0,0.0,0.0,0.0,0.2037037037037037,0.0,0.0,0.0,0.0,0.0,0.0,0.0,9.592592592592593,0.0,2.685185185185185,0.0,0.0,16.74074074074074,29.064814814814813
272,0.31386861313868614,0.0,0.0,0.0,0.0,0.0,0.0,0.31386861313868614,0.0,0.0,0.0,0.0,0.0,0.0,0.0,2.6715328467153285,0.0,1.4014598540145986,0.0,0.0,18.394160583941606,31.474452554744527
273,0.0,0.0,0.0,0.2,0.11515151515151516,0.0,0.10303030303030303,0.23030303030303031,0.0,0.0,0.0,0.0,0.0,0.0,0.0,3.9454545454545453,0.0,1.0121212121212122,0.0,0.0,13.26060606060606,23.042424242424243
274,0.0,0.0,0.0,0.0,0.0,0.0,0.0,1.0,0.0,0.0,0.0,0.0,0.0,0.0,0.0,8.485981308411215,0.0,3.5700934579439254,0.0,0.0,16.747663551401867,26.14018691588785
275,0.0,0.0,0.0,0.0,0.0,0.0,0.0,0.32142857142857145,0.0,0.0,2.0357142857142856,0.0,0.0,0.0,0.0,8.982142857142858,0.0,0.19642857142857142,0.0,0.0,15.803571428571429,32.75
276,0.0,0.0,0.0,0.0,0.0,0.0,0.0,0.6573426573426573,0.0,0.0,0.0,0.0,0.0,0.0,0.0,4.265734265734266,0.0,2.13986013986014,0.0,0.0,9.713286713286713,17.405594405594407
277,0.13333333333333333,0.0,0.0,0.0,0.0,0.0,0.0,0.0,0.0,0.0,0.0,0.0,0.0,0.0,0.0,15.222222222222221,0.0,7.555555555555555,0.0,0.0,4.777777777777778,8.71111111111111
278,0.0,0.0,0.0,0.01020408163265306,0.35714285714285715,0.0,0.19387755102040816,0.0,0.0,0.0,0.0,0.0,0.0,0.0,0.0,9.36734693877551,0.0,4.959183673469388,0.24489795918367346,0.0,8.010204081632653,14.63265306122449
279,0.06060606060606061,0.0,0.0,0.0,0.0,0.0,0.0,0.15151515151515152,0.0,0.0,0.0,0.0,0.0,0.0,0.0,4.193939393939394,0.0,2.066666666666667,0.0,0.0,18.26060606060606,30.509090909090908
280,0.0,0.0,0.0,0.0,0.0,0.0,0.0,0.13636363636363635,0.0,0.0,0.0,0.0,0.0,0.0,0.0,1.2272727272727273,0.0,0.0,0.0,0.0,4.681818181818182,10.590909090909092
281,0.0,0.0,0.0,0.0,0.0,0.0,0.0,0.4074074074074074,0.0,0.0,1.8148148148148149,0.0,0.0,0.0,0.0,11.75925925925926,0.0,0.0,0.0,0.0,19.185185185185187,36.48148148148148
282,0.0,0.0,0.0,4.647058823529412,7.715686274509804,0.0,0.28431372549019607,0.28431372549019607,0.0,0.0,15.941176470588236,0.0,0.0,0.0,1.6568627450980393,4.666666666666667,0.0,3.343137254901961,1.9901960784313726,0.0,9.696078431372548,20.274509803921568
283,0.144,0.0,0.0,0.0,0.0,0.0,0.0,0.552,0.0,0.0,0.0,0.0,0.0,0.0,0.0,5.976,0.0,1.224,0.0,0.0,18.2,29.752
284,0.0,0.0,0.0,0.0,0.0,0.0,0.0,0.0,0.0,0.0,0.0,0.0,0.0,0.0,0.0,15.181818181818182,0.0,2.272727272727273,0.0,0.0,1.6363636363636365,5.818181818181818
285,0.0,0.0,0.0,0.0,0.0,0.0,0.0,1.1846153846153846,0.0,0.0,0.0,0.0,0.0,0.0,0.0,20.0,0.0,6.461538461538462,0.0,0.0,7.7384615384615385,14.23076923076923
286,0.0,0.0,0.0,2.3958333333333335,18.1875,0.0,0.0,0.0,0.0,0.0,47.645833333333336,0.0,0.0,0.0,0.0,2.3541666666666665,0.0,0.16666666666666666,3.0833333333333335,0.0,3.125,8.354166666666666
287,0.0,0.0,0.0,0.19047619047619047,17.095238095238095,0.0,0.0,0.0,0.0,0.0,116.0,0.0,0.0,0.0,0.0,9.80952380952381,0.0,0.0,2.761904761904762,0.0,1.5714285714285714,5.285714285714286
288,0.0,0.0,0.0,0.0,0.05,0.0,0.0,0.0,0.0,0.0,0.0,0.0,0.0,0.0,0.0,4.21,0.0,2.3,0.0,0.0,3.92,9.46
289,0.0,0.0,0.0,0.0,0.0,0.0,0.0,0.08247422680412371,0.0,0.0,0.0,0.0,0.0,0.0,0.0,5.144329896907217,0.0,0.9896907216494846,0.0,0.0,12.618556701030927,21.391752577319586
290,0.0,0.0,0.0,0.0,0.0,0.0,0.0,0.189873417721519,0.0,0.0,0.0,0.0,0.0,0.0,0.0,5.949367088607595,0.0,4.30379746835443,0.0,0.0,4.063291139240507,8.291139240506329
291,0.29357798165137616,0.0,0.0,0.9908256880733946,0.30275229357798167,0.0,0.0,1.110091743119266,0.0,0.0,0.0,0.0,0.0,0.0,0.0,14.53211009174312,0.0,3.5596330275229358,0.0,0.0,7.504587155963303,13.807339449541285
292,0.0,0.0,0.0,0.0,0.0,0.0,0.0,0.2903225806451613,0.0,0.0,0.0,0.0,0.0,0.0,0.0,21.516129032258064,0.0,4.967741935483871,0.0,0.0,7.258064516129032,13.580645161290322
293,0.0,0.0,0.0,0.0,0.08695652173913043,0.0,0.0,0.5108695652173914,0.0,0.0,0.0,0.0,0.0,0.0,0.0,8.423913043478262,0.0,0.4673913043478261,0.0,0.0,5.521739130434782,10.26086956521739
294,0.0,0.0,0.0,0.3717948717948718,0.0,0.0,0.0,0.6923076923076923,0.0,0.0,0.0,0.0,0.0,0.0,0.0,7.128205128205129,0.0,2.4743589743589745,0.0,0.0,5.871794871794871,11.628205128205128
295,0.358974358974359,0.0,0.0,0.0,0.0,0.0,0.0,3.58974358974359,0.0,0.0,0.0,0.0,0.0,0.0,0.0,20.17948717948718,0.0,1.641025641025641,0.0,0.0,17.256410256410255,27.897435897435898
296,0.0,0.0,0.0,0.0,0.0,0.0,0.0,0.3939393939393939,0.0,0.0,0.0,0.0,0.0,0.0,0.0,6.515151515151516,0.0,0.696969696969697,0.0,0.0,5.696969696969697,11.818181818181818
297,0.0,0.0,0.0,1.0241935483870968,3.032258064516129,0.0,0.0,0.3387096774193548,0.0,0.0,1.3225806451612903,0.0,0.0,0.0,0.0,10.887096774193548,0.0,7.830645161290323,0.0,0.0,8.5,15.588709677419354
298,0.1282051282051282,0.0,0.0,0.0,0.0,0.0,0.0,0.0,0.0,0.0,0.0,0.0,0.0,0.0,0.0,2.128205128205128,0.0,5.0,0.0,0.0,3.230769230769231,7.615384615384615
299,0.9349593495934959,0.0,0.0,0.04065040650406504,0.08130081300813008,0.0,0.0,0.3333333333333333,0.0,0.0,0.0,0.0,0.0,0.0,0.0,9.609756097560975,0.0,7.617886178861789,0.0,0.0,11.308943089430894,21.601626016260163
300,0.20689655172413793,0.0,0.0,0.0,0.0,0.0,0.0,1.1724137931034482,0.0,0.0,0.0,0.0,0.0,0.0,0.0,15.879310344827585,0.0,1.896551724137931,0.0,0.0,9.758620689655173,17.844827586206897
301,0.0,0.0,0.0,0.0,0.0,0.0,0.0,0.13793103448275862,0.0,0.0,0.0,0.0,0.0,0.0,0.0,6.0,0.0,1.6551724137931034,0.0,0.0,3.7586206896551726,6.586206896551724
302,0.8205128205128205,0.0,0.0,0.0,0.0,0.0,0.0,1.9230769230769231,0.0,0.0,0.0,0.0,0.0,0.0,0.0,19.743589743589745,0.0,0.6666666666666666,0.0,0.0,14.64102564102564,25.94871794871795
303,0.04411764705882353,0.0,0.0,3.4705882352941178,4.5,0.0,0.0,0.8823529411764706,0.0,0.0,5.764705882352941,0.0,0.0,0.0,0.0,7.544117647058823,0.0,6.485294117647059,0.0,0.0,5.382352941176471,10.808823529411764
304,0.0,0.0,0.0,1.0909090909090908,1.6103896103896105,0.0,0.0,0.15584415584415584,0.0,0.0,18.68831168831169,0.0,0.0,0.0,0.0,1.155844155844156,0.0,0.8051948051948052,8.090909090909092,0.0,11.519480519480519,23.792207792207794
305,0.0,0.0,0.0,0.13432835820895522,0.0,0.0,0.0,0.16417910447761194,0.0,0.0,0.0,0.0,0.0,0.0,0.0,5.044776119402985,0.0,1.6865671641791045,0.07462686567164178,0.0,10.671641791044776,20.55223880597015
306,0.0,0.0,0.0,0.0,0.8888888888888888,0.0,0.0,0.0,0.0,0.0,0.0,0.0,0.0,0.0,0.0,4.611111111111111,0.0,3.4444444444444446,0.0,0.0,3.5555555555555554,6.777777777777778
307,0.234375,0.0,0.0,0.0,0.0,0.0,0.0,0.25,0.0,0.0,0.0,0.0,0.0,0.0,0.0,5.109375,0.0,1.0859375,0.0,0.0,14.203125,25.15625
308,0.32786885245901637,0.0,0.0,0.0,0.0,0.0,0.0,1.0819672131147542,0.0,0.0,0.0,0.0,0.0,0.0,0.0,7.065573770491803,0.0,1.8524590163934427,0.0,0.0,8.80327868852459,16.901639344262296
309,0.0,0.0,0.0,1.37012987012987,15.668831168831169,0.0,0.0,0.0,0.0,0.0,77.53246753246754,0.0,0.0,0.0,0.0,4.194805194805195,0.0,2.3896103896103895,3.675324675324675,0.0,5.746753246753247,13.012987012987013
310,0.0,0.0,0.0,2.6666666666666665,10.034188034188034,0.0,0.0,0.23931623931623933,0.0,0.0,31.931623931623932,0.0,0.0,0.0,0.0,7.47008547008547,0.0,4.726495726495727,4.068376068376068,0.0,3.9572649572649574,8.786324786324787
311,0.0,0.0,0.0,0.0,1.6,0.0,0.0,0.0,0.0,0.0,0.3,0.0,0.0,0.0,0.0,17.666666666666668,0.0,5.4,0.0,0.0,3.7333333333333334,7.066666666666666
312,0.0,0.0,0.0,0.0,2.066666666666667,0.0,0.0,0.5238095238095238,0.0,0.0,5.780952380952381,0.0,0.0,0.0,0.0,4.857142857142857,0.0,2.0476190476190474,0.0,0.0,9.971428571428572,17.895238095238096
313,0.0,0.0,0.0,0.0,0.0,0.0,0.0,0.0,0.0,0.0,0.0,0.0,0.0,0.0,0.0,6.4423076923076925,0.0,3.1153846153846154,0.0,0.0,6.9423076923076925,13.51923076923077
314,0.0,0.0,0.0,0.0,0.0,0.0,0.0,0.07407407407407407,0.0,0.0,0.0,0.0,0.0,0.0,0.0,3.037037037037037,0.0,0.0,0.0,0.0,3.6666666666666665,5.37037037037037
315,0.0,0.0,0.0,0.008771929824561403,0.05263157894736842,0.0,0.0,0.5,0.0,0.0,11.298245614035087,0.0,0.0,0.0,0.0,30.25438596491228,0.0,0.2543859649122807,0.0,0.0,25.903508771929825,46.71052631578947
316,0.0,0.0,0.0,0.0,0.0,0.0,0.0,0.23529411764705882,0.0,0.0,0.0,0.0,0.0,0.0,0.0,2.211764705882353,0.0,1.8941176470588235,0.0,0.0,6.647058823529412,14.08235294117647
317,0.0,0.0,0.0,0.9,1.0,0.0,0.0,2.1142857142857143,0.0,0.0,8.814285714285715,0.0,0.0,0.0,0.0,7.785714285714286,0.0,6.457142857142857,0.0,0.0,6.871428571428571,14.742857142857142
318,0.5666666666666667,0.0,0.0,0.0,0.0,0.0,0.0,0.8,0.0,0.0,0.0,0.0,0.0,0.0,0.0,7.633333333333334,0.0,0.8333333333333334,0.0,0.0,7.3,12.766666666666667
319,0.0,0.0,0.0,0.0,0.0,0.0,0.0,0.07272727272727272,0.0,0.0,0.0,0.0,0.0,0.0,0.0,1.9454545454545455,0.0,2.1272727272727274,0.0,0.0,10.063636363636364,19.072727272727274
320,0.0,0.0,0.0,0.0,0.0,0.0,0.0,0.0,0.0,0.0,0.0,0.0,0.0,0.0,0.0,2.6018518518518516,0.0,0.8518518518518519,0.0,0.0,11.351851851851851,20.685185185185187
321,0.0,0.0,0.0,0.0,16.846153846153847,0.0,0.0,0.0,0.0,0.0,105.42307692307692,0.0,0.0,0.0,0.0,18.26923076923077,0.0,0.0,0.0,0.0,0.9615384615384616,3.1538461538461537
322,0.6721311475409836,0.0,0.0,0.0,0.0,0.0,0.0,0.2459016393442623,0.0,0.0,0.0,0.0,0.0,0.0,0.0,8.688524590163935,0.0,1.5737704918032787,0.0,0.0,16.442622950819672,27.081967213114755
323,0.009345794392523364,0.0,0.0,0.0,0.0,0.0,0.0,0.8411214953271028,0.0,0.0,0.0,0.0,0.0,0.0,0.0,10.570093457943925,0.018691588785046728,0.9532710280373832,0.0,0.0,13.018691588785046,23.327102803738317
324,0.0,0.0,0.0,0.0,0.0,0.0,0.0,0.078125,0.0,0.0,0.0,0.0,0.0,0.0,0.0,2.125,0.0,2.421875,0.0,0.0,4.453125,8.859375
325,0.0,0.0,0.0,0.25,0.0,0.0,0.0,0.6842105263157895,0.0,0.0,0.0,0.0,0.0,0.0,0.0,6.026315789473684,0.0,0.3684210526315789,0.0,0.0,12.302631578947368,21.80263157894737
326,0.027522935779816515,0.0,0.0,0.0,0.0,0.0,0.0,0.07339449541284404,0.0,0.0,0.0,0.0,0.0,0.0,0.0,4.954128440366972,0.0,1.4128440366972477,0.0,0.0,18.31192660550459,30.587155963302752
327,0.0,0.0,0.0,0.0,0.0,0.0,0.0,0.9552238805970149,0.0,0.0,0.0,0.0,0.0,0.0,0.0,11.253731343283581,0.0,0.7611940298507462,0.0,0.0,12.656716417910447,22.880597014925375
328,0.0,0.0,0.0,0.0,0.10294117647058823,0.0,0.0,0.1323529411764706,0.0,0.0,0.0,0.0,0.0,0.0,0.0,3.0588235294117645,0.0,4.514705882352941,0.0,0.0,10.735294117647058,20.985294117647058
329,0.25,0.0,0.0,0.0,0.0,0.0,0.0,0.0,0.0,0.0,0.0,0.0,0.0,0.0,0.0,2.0952380952380953,0.0,1.0,0.0,0.0,18.166666666666668,32.107142857142854
330,0.0,0.0,0.0,0.0,0.0,0.0,0.0,0.0,0.0,0.0,0.0,0.0,0.0,0.0,0.0,2.2253521126760565,0.0,2.5492957746478875,0.0,0.0,15.422535211267606,27.281690140845072
331,0.0,0.0,0.0,0.0,0.0,0.0,0.0,0.0,0.0,0.0,0.0,0.0,0.0,0.0,0.0,1.5526315789473684,0.0,0.0,0.0,0.0,6.052631578947368,10.68421052631579
332,0.0,0.0,0.0,0.0,0.0,0.0,0.0,0.7704918032786885,0.0,0.0,4.081967213114754,0.0,0.0,0.0,0.0,5.868852459016393,0.0,0.26229508196721313,0.00819672131147541,0.0,8.237704918032787,17.459016393442624
333,0.0,0.0,0.0,0.0,0.0,0.0,0.0,1.302325581395349,0.0,0.0,0.0,0.0,0.0,0.0,0.0,3.4651162790697674,0.0,3.6744186046511627,0.0,0.0,7.1395348837209305,11.023255813953488
334,0.0,0.0,0.0,0.0,0.0,0.0,0.0,0.7692307692307693,0.0,0.0,0.0,0.0,0.0,0.0,0.0,15.025641025641026,0.0,0.0,0.0,0.0,16.487179487179485,29.743589743589745
335,0.35161290322580646,0.0,0.0,0.13870967741935483,1.0806451612903225,0.0,0.0,0.0,0.0,0.0,1.6064516129032258,0.0,0.0,0.0,0.0,3.5129032258064514,0.0,3.8516129032258064,0.0,0.0,15.32258064516129,27.509677419354837
336,0.0,0.0,0.0,0.15730337078651685,0.3146067415730337,0.0,0.0,0.0,0.0,0.0,0.7528089887640449,0.0,0.0,0.0,0.0,2.348314606741573,0.0,1.8314606741573034,0.0,0.0,7.258426966292135,13.247191011235955
337,0.0,0.0,0.0,0.0,0.0,0.0,0.0,3.2,0.0,0.0,0.0,0.0,0.0,0.0,0.0,3.9,0.0,0.3,0.0,0.0,1.4,5.4
338,0.0,0.0,0.0,0.10810810810810811,0.0,0.0,0.0,0.02702702702702703,0.0,0.0,0.0,0.0,0.0,0.0,0.0,7.081081081081081,0.0,3.4054054054054053,0.0,0.0,4.54054054054054,8.567567567567568
339,0.0,0.0,0.0,0.0,0.0,0.0,0.0,0.0,0.0,0.0,0.0,0.0,0.0,0.0,0.0,4.913043478260869,0.0,4.043478260869565,0.0,1.9130434782608696,8.391304347826088,13.956521739130435
340,0.0,0.0,0.0,0.10909090909090909,0.012121212121212121,0.0,0.0,0.0,0.0,0.0,0.0,0.0,0.0,0.0,0.0,4.4363636363636365,0.0,2.2484848484848485,0.0,0.0,16.375757575757575,31.387878787878787
341,0.0,0.0,0.0,0.0,2.9322033898305087,0.0,0.0,0.23728813559322035,0.0,0.0,3.2203389830508473,0.0,0.0,0.0,0.0,7.3559322033898304,0.0,5.779661016949152,0.1694915254237288,0.0,2.2203389830508473,7.067796610169491
342,0.0,0.0,0.0,0.0,0.0,0.0,0.0,0.3684210526315789,0.0,0.0,0.0,0.0,0.0,0.0,0.0,12.789473684210526,0.0,1.8421052631578947,0.0,0.0,4.315789473684211,8.263157894736842
343,0.0,0.0,0.0,0.0,0.0,0.0,0.0,0.0,0.0,0.0,0.0,0.0,0.0,0.0,0.0,1.6744186046511629,0.0,0.5581395348837209,0.0,0.0,6.372093023255814,10.488372093023257
344,0.0,0.0,0.0,0.029411764705882353,0.0,0.0,0.0,0.0,0.0,0.0,0.0,0.0,0.0,0.0,0.0,18.25,0.0,1.838235294117647,0.10294117647058823,0.0,2.338235294117647,6.470588235294118
345,0.0,0.0,0.0,0.0,0.0,0.0,0.0,0.10714285714285714,0.0,0.0,0.0,0.0,0.0,0.0,0.0,4.0,0.0,0.17857142857142858,0.0,0.0,4.0,6.857142857142857
346,0.0,0.0,0.0,0.0,0.0,0.0,0.0,1.2682926829268293,0.0,0.0,0.0,0.0,0.0,0.0,0.0,25.682926829268293,0.0,0.07317073170731707,0.0,0.0,27.926829268292682,51.609756097560975
347,0.0,0.0,0.0,0.0,0.0,0.0,0.0,1.355140186915888,0.0,0.0,0.0,0.0,0.0,0.0,0.0,5.616822429906542,0.0,1.925233644859813,0.0,0.0,15.392523364485982,26.981308411214954
348,0.0,0.0,0.0,1.4,15.305882352941177,0.0,0.0,0.08235294117647059,0.0,0.0,80.04705882352941,0.0,0.0,0.0,0.0,2.2705882352941176,0.0,3.9176470588235293,0.0,0.0,13.282352941176471,24.28235294117647
349,0.0,0.0,0.0,0.0,0.0,0.0,0.0,0.6979166666666666,0.0,0.0,0.0,0.0,0.0,0.0,0.0,6.135416666666667,0.0,2.4479166666666665,0.0,0.0,14.291666666666666,24.979166666666668
350,0.0,0.0,0.0,0.0,0.0,0.0,0.0,0.0,0.0,0.0,0.0,0.0,0.0,0.0,0.0,1.5692307692307692,0.0,2.0923076923076924,0.0,0.0,14.215384615384615,24.861538461538462
351,0.0,0.0,0.0,0.13445378151260504,2.6134453781512605,0.0,0.0,0.6134453781512605,0.0,0.0,14.210084033613445,0.0,0.0,0.0,0.0,15.655462184873949,0.3277310924369748,4.815126050420168,0.0,0.0,14.235294117647058,25.991596638655462
352,0.0,0.0,0.0,0.0,0.0,0.0,0.0,0.956989247311828,0.0,0.0,0.0,0.0,0.0,0.0,0.0,4.645161290322581,0.0,2.193548387096774,0.0,0.0,7.903225806451613,14.741935483870968
353,0.24444444444444444,0.0,0.0,0.0,0.0,0.0,0.0,3.6222222222222222,0.0,0.0,0.0,0.0,0.0,0.0,0.0,9.933333333333334,0.0,0.4444444444444444,0.0,0.0,9.6,17.177777777777777
354,0.11023622047244094,0.0,0.0,0.0,0.0,0.0,0.0,0.6614173228346457,0.0,0.0,0.0,0.0,0.0,0.0,0.0,8.811023622047244,0.0,2.3149606299212597,0.0,0.0,10.566929133858268,18.19685039370079
355,0.0,0.0,0.0,0.011235955056179775,0.0449438202247191,0.0,0.0,0.011235955056179775,0.0,0.0,0.0,0.0,0.0,0.0,0.0,12.96629213483146,0.0,3.853932584269663,0.0,0.0,10.415730337078651,20.685393258426966
356,0.0,0.0,0.0,0.5754716981132075,0.1792452830188679,0.0,0.0,1.2735849056603774,0.0,0.0,0.7924528301886793,0.0,0.0,0.0,0.0,2.056603773584906,0.0,1.650943396226415,0.0,0.0,2.3867924528301887,6.028301886792453
357,0.15625,0.0,0.0,0.0,0.0,0.0,0.0,0.0,0.0,0.0,0.0,0.0,0.0,0.0,0.0,3.703125,0.0,2.875,0.0,0.0,9.546875,17.34375
358,0.0,0.0,0.0,0.0,0.0,0.0,0.0,0.0,0.0,0.0,0.0,0.0,0.0,0.0,0.0,3.9014084507042255,0.0,1.5492957746478873,0.0,0.0,11.387323943661972,19.732394366197184
359,1.28125,0.0,0.0,0.0,0.0,0.0,0.0,1.6875,0.0,0.0,0.0,0.0,0.0,0.0,0.71875,32.9375,0.0,0.75,0.0,0.0,15.84375,29.875
360,0.0,0.0,0.0,0.0,0.0,0.0,0.0,2.1458333333333335,0.0,0.0,0.0,0.0,0.0,0.0,0.0,12.0,0.0,2.375,0.0,0.0,12.6875,23.125
361,0.06766917293233082,0.0,0.0,0.0,0.0,0.0,0.0,0.9774436090225563,0.0,0.0,0.0,0.0,0.0,0.0,0.0,4.924812030075188,0.0,1.6165413533834587,0.0,0.0,18.789473684210527,30.969924812030076
362,1.4444444444444444,0.0,0.0,0.0,0.0,0.0,0.0,1.9111111111111112,0.0,0.0,0.0,0.0,0.0,0.0,0.0,8.066666666666666,0.0,0.24444444444444444,0.0,0.0,10.155555555555555,17.488888888888887
363,0.0,0.0,0.0,0.02127659574468085,0.2765957446808511,0.0,0.0,0.0,0.0,0.0,0.0,0.0,0.0,0.0,0.0,2.276595744680851,0.0,2.425531914893617,0.0,0.0,5.0212765957446805,10.340425531914894
364,0.0,0.0,0.0,0.0,0.0,0.0,0.0,0.0,0.0,0.0,0.0,0.0,0.0,0.0,0.0,3.896551724137931,0.0,8.482758620689655,0.0,0.0,5.137931034482759,9.241379310344827
365,0.0,0.0,0.0,0.0,0.0,0.0,0.0,0.6666666666666666,0.0,0.0,0.0,0.0,0.0,0.0,0.0,6.0,0.0,6.863636363636363,0.0,1.303030303030303,7.696969696969697,14.628787878787879
366,0.0,0.0,0.0,0.0,0.0,0.0,0.0,0.0,0.0,0.0,0.0,0.0,0.0,0.0,0.0,6.846153846153846,0.0,0.5384615384615384,0.0,0.0,6.173076923076923,14.48076923076923
367,0.2857142857142857,0.0,0.0,0.0,0.0,0.0,0.0,2.15,0.0,0.0,0.0,0.0,0.0,0.0,0.0,4.271428571428571,0.0,3.992857142857143,0.0,0.0,16.014285714285716,27.957142857142856
368,0.16822429906542055,0.0,0.0,0.27102803738317754,0.4953271028037383,0.0,0.0,0.16822429906542055,0.0,0.0,5.813084112149533,0.0,0.0,0.0,0.0,3.317757009345794,0.0,4.514018691588785,0.0,0.0,15.186915887850468,26.2803738317757
369,0.0,0.0,0.0,0.5,0.7678571428571429,0.0,0.0,0.0,0.0,0.0,2.107142857142857,0.0,0.0,0.0,0.0,5.785714285714286,0.0,3.482142857142857,0.0,0.0,10.25,18.5
370,0.078125,0.0,0.0,0.0,0.0,0.0,0.0,0.5078125,0.0,0.0,0.0,0.0,0.0,0.0,0.3671875,9.125,0.0,2.390625,0.0,0.0,19.03125,32.171875
371,0.0,0.0,0.0,0.4166666666666667,1.875,0.0,0.0,0.0,0.0,0.0,8.541666666666666,0.0,0.0,0.0,0.0,1.84375,0.0,3.6979166666666665,0.0,0.0,9.53125,16.822916666666668
372,0.0,0.0,0.0,0.1111111111111111,0.0,0.0,0.0,0.3888888888888889,0.0,0.0,0.0,0.0,0.0,0.0,0.0,7.5,0.0,6.5,0.0,0.0,3.0,7.611111111111111
373,0.0,0.0,0.0,1.7380952380952381,1.873015873015873,0.0,0.0,0.23015873015873015,0.0,0.0,2.746031746031746,0.0,0.0,0.0,0.0,4.412698412698413,0.0,3.5634920634920637,0.0,0.0,4.087301587301587,8.761904761904763
374,0.0,0.0,0.0,0.0,0.3037974683544304,0.0,0.0,0.189873417721519,0.0,0.0,1.0632911392405062,0.0,0.0,0.0,0.0,4.443037974683544,0.0,6.2025316455696204,0.0,0.0,3.278481012658228,6.037974683544304
375,0.0,0.0,0.0,0.0,0.0,0.0,0.0,0.6275862068965518,0.0,0.0,0.0,0.0,0.0,0.0,0.0,13.73793103448276,0.0,2.2551724137931033,0.0,0.0,11.406896551724138,20.655172413793103
376,0.0,0.0,0.0,1.4,6.325,0.0,0.0,0.0,0.0,0.0,18.1875,0.0,0.0,0.0,0.0,11.81875,0.0,2.6625,0.0,0.0,7.39375,13.31875
377,0.07894736842105263,0.0,0.0,0.17105263157894737,0.0,0.0,0.0,0.3157894736842105,0.0,0.0,0.6710526315789473,0.0,0.0,0.0,0.0,10.263157894736842,0.0,1.8289473684210527,0.0,0.0,13.947368421052632,25.460526315789473
378,0.12686567164179105,0.0,0.0,0.0,0.0,0.0,0.0,0.7388059701492538,0.0,0.0,0.0,0.0,0.0,0.0,0.0,8.529850746268657,0.0,3.7686567164179103,0.0,0.0,7.977611940298507,15.985074626865671
379,0.0,0.0,0.0,0.0,0.0,0.0,0.0,0.42528735632183906,0.0,0.2988505747126437,0.0,0.0,0.0,0.0,0.0,7.091954022988506,0.21839080459770116,3.0919540229885056,0.0,4.022988505747127,10.74712643678161,19.632183908045977
380,0.2727272727272727,0.0,0.0,0.0,0.0,0.0,0.0,0.26136363636363635,0.0,0.0,0.0,0.0,0.0,0.0,0.0,3.7954545454545454,0.0,0.875,0.0,0.0,16.75,30.693181818181817
381,0.0,0.0,0.0,0.0,0.0,0.0,0.0,0.0,0.0,0.0,5.488372093023256,0.0,0.0,0.0,0.0,6.534883720930233,0.0,0.0,0.0,0.0,9.232558139534884,21.302325581395348
382,0.0,0.0,0.0,0.041666666666666664,0.3611111111111111,0.0,0.0,0.0,0.0,0.0,2.8194444444444446,0.0,0.0,0.0,0.0,3.5694444444444446,0.0,1.8055555555555556,0.0,0.0,7.083333333333333,13.152777777777779
383,0.0,0.0,0.0,0.0,0.0,0.0,0.0,0.37209302325581395,0.0,0.0,0.0,0.0,0.0,0.0,0.0,3.395348837209302,0.0,2.7674418604651163,0.0,0.0,11.912790697674419,22.00581395348837
384,0.0,0.0,0.0,0.26666666666666666,2.066666666666667,0.0,0.0,0.0,0.0,0.0,1.2666666666666666,0.0,0.0,0.0,0.0,8.333333333333334,0.0,2.4,0.0,0.0,2.2666666666666666,5.666666666666667
385,0.0,0.0,0.0,1.1333333333333333,1.4444444444444444,0.0,0.0,0.06666666666666667,0.0,0.0,5.022222222222222,0.0,0.0,0.0,0.0,11.844444444444445,0.0,3.7333333333333334,0.0,0.0,9.822222222222223,20.08888888888889
386,0.0,0.0,0.0,0.0,0.0,0.0,0.0,1.1265822784810127,0.0,0.0,10.253164556962025,0.0,0.0,0.0,0.0,20.063291139240505,0.0,2.1012658227848102,0.0,0.0,15.443037974683545,31.31645569620253
387,0.0,0.0,0.0,0.0,0.0,0.0,0.0,0.0,0.0,0.0,0.0,0.0,0.0,0.0,0.0,3.6545454545454548,0.0,0.9636363636363636,0.0,0.0,5.545454545454546,10.327272727272728
388,0.2625,0.0,0.0,0.28125,0.0,0.0,0.0,0.6875,0.0,0.0,0.0,0.0,0.0,0.0,0.0,7.55625,0.0,1.9375,0.0,0.0,16.45625,27.525
389,0.0,0.0,0.0,0.0,0.18518518518518517,0.0,0.0,0.08148148148148149,0.0,0.0,0.21481481481481482,0.0,0.0,0.0,0.0,8.088888888888889,0.0,2.688888888888889,0.0,0.0,4.2518518518518515,10.014814814814814
390,0.24324324324324326,0.0,0.0,0.0,0.0,0.0,0.0,0.5,0.0,0.0,0.0,0.0,0.0,0.0,0.0,24.39189189189189,0.0,5.608108108108108,0.0,0.0,7.864864864864865,14.58108108108108
391,0.1760299625468165,0.0,0.0,0.0,0.0,0.0,0.0,0.27340823970037453,0.0,0.0,0.0,0.0,0.0,0.0,0.0,5.7565543071161045,0.0,3.1273408239700373,0.0,0.0,14.573033707865168,26.928838951310862
392,0.0,0.0,0.0,0.05185185185185185,0.0,0.0,0.0,0.2962962962962963,0.0,0.0,0.725925925925926,0.0,0.0,0.0,0.0,5.2592592592592595,0.014814814814814815,2.9851851851851854,0.0,0.0,11.044444444444444,21.748148148148147
393,0.8823529411764706,0.0,0.0,0.0,0.0,0.0,0.0,0.9264705882352942,0.0,0.0,0.0,0.0,0.0,0.0,0.3235294117647059,9.823529411764707,0.0,2.6911764705882355,0.0,0.0,13.882352941176471,25.08823529411765
394,0.0,0.0,0.0,0.0,0.0,0.0,0.0,1.78125,0.0,0.0,0.0,0.0,0.0,0.0,0.0,5.625,0.10416666666666667,6.708333333333333,0.0,1.7395833333333333,14.385416666666666,25.947916666666668
395,0.0,0.0,0.0,0.0,0.08333333333333333,0.0,0.0,0.7222222222222222,0.0,0.0,0.1111111111111111,0.0,0.0,0.0,0.0,12.305555555555555,0.0,7.75,0.0,0.0,8.277777777777779,14.166666666666666
396,0.0,0.0,0.0,0.0,0.0,0.0,0.0,1.9444444444444444,0.0,0.0,0.0,0.0,0.0,0.0,0.0,26.5,0.0,0.0,0.0,0.0,19.61111111111111,31.833333333333332
397,0.0,0.0,0.0,0.0,0.0,0.0,0.0,0.9496402877697842,0.0,0.0,3.9280575539568345,0.0,0.0,0.0,0.0,24.158273381294965,0.0,0.8776978417266187,0.0,0.0,13.683453237410072,27.805755395683452
398,0.0,0.0,0.0,0.14414414414414414,0.06306306306306306,0.0,0.0,0.09009009009009009,0.0,0.0,0.0,0.0,0.0,0.0,0.0,5.405405405405405,0.0,3.918918918918919,0.02702702702702703,0.0,14.73873873873874,24.83783783783784
399,0.0,0.0,0.0,0.0,0.0,0.0,0.0,0.0784313725490196,0.0,0.0,0.0,0.0,0.0,0.0,0.0,4.647058823529412,0.0,5.078431372549019,0.0,0.0,4.803921568627451,9.215686274509803
400,0.0,0.0,0.0,0.021739130434782608,0.0,0.0,0.0,0.0,0.0,0.0,0.0,0.0,0.0,0.0,0.0,3.5434782608695654,0.0,4.326086956521739,0.0,0.0,3.6739130434782608,7.195652173913044
401,0.0,0.0,0.0,0.0,6.826086956521739,0.0,0.0,0.0,0.0,0.0,48.869565217391305,0.0,0.0,0.0,0.0,4.405797101449275,0.0,4.666666666666667,0.11594202898550725,0.0,8.884057971014492,19.695652173913043
402,0.0,0.0,0.0,0.0,0.0,0.0,0.0,0.37142857142857144,0.0,0.0,0.0,0.0,0.0,0.0,0.0,11.628571428571428,0.0,1.2857142857142858,0.0,0.0,7.328571428571428,14.757142857142858
403,0.0,0.0,0.0,0.0,0.0,0.0,0.0,0.20833333333333334,0.0,0.0,0.625,0.0,0.0,0.0,0.0,14.229166666666666,0.0,1.2708333333333333,0.0,0.0,10.6875,20.25
404,0.3017241379310345,0.0,0.0,0.017241379310344827,0.27586206896551724,0.0,0.10344827586206896,1.0862068965517242,0.0,0.1724137931034483,0.0,0.0,0.0,0.0,0.0,6.767241379310345,0.09482758620689655,1.3017241379310345,0.04310344827586207,0.22413793103448276,18.45689655172414,32.206896551724135
405,0.0,0.0,0.0,0.8888888888888888,0.0,0.0,0.0,0.0,0.0,0.0,0.0,0.0,0.0,0.0,0.0,7.388888888888889,0.0,2.5555555555555554,0.0,0.0,5.055555555555555,9.38888888888889
406,0.0,0.0,0.0,0.1,0.28888888888888886,0.0,0.0,0.044444444444444446,0.0,0.0,0.0,0.0,0.0,0.0,0.0,5.211111111111111,0.0,1.9555555555555555,0.4,0.0,7.366666666666666,13.666666666666666
407,0.0,0.0,0.0,0.0,0.0,0.0,0.0,0.0,0.0,0.0,0.0,0.0,0.0,0.0,0.0,8.777777777777779,0.0,1.6111111111111112,0.0,0.0,7.666666666666667,19.333333333333332
408,0.0,0.0,0.0,0.6363636363636364,0.15151515151515152,0.0,0.0,2.484848484848485,0.0,0.0,3.515151515151515,0.0,0.0,0.0,0.0,20.87878787878788,0.0,7.606060606060606,0.12121212121212122,0.0,1.7272727272727273,4.909090909090909
409,0.0,0.0,0.0,5.161290322580645,4.338709677419355,0.0,0.0,0.0,0.0,0.0,5.758064516129032,0.0,0.0,0.0,0.0,4.370967741935484,0.0,3.5161290322580645,0.0,0.0,5.661290322580645,12.17741935483871
410,0.0,0.0,0.0,0.0,0.0,0.0,0.19444444444444445,1.2222222222222223,0.0,0.0,0.0,0.0,0.0,0.0,0.0,21.833333333333332,0.0,9.61111111111111,0.0,0.0,4.583333333333333,8.75
411,0.0,0.0,0.0,0.0,0.0,0.0,0.0,0.5,0.0,0.0,0.0,0.0,0.0,0.0,0.0,21.607142857142858,0.0,10.535714285714286,0.0,0.0,9.821428571428571,16.892857142857142
412,0.0,0.0,0.0,3.0714285714285716,10.173469387755102,0.0,0.0,0.0,0.0,0.0,36.89795918367347,0.0,0.0,0.0,0.0,2.5918367346938775,0.0,4.540816326530612,0.0,0.0,7.418367346938775,15.63265306122449
413,0.0,0.0,0.0,0.0,0.0,0.0,0.0,0.5806451612903226,0.0,0.0967741935483871,0.0,0.0,0.0,0.0,0.0,10.14516129032258,0.0,1.2741935483870968,0.0,0.0,10.96774193548387,18.951612903225808
414,0.0,0.0,0.0,0.0,0.5491803278688525,0.0,0.0,0.1557377049180328,0.0,0.0,8.295081967213115,0.0,0.0,0.0,0.0,4.69672131147541,0.0,2.1885245901639343,0.0,0.0,9.573770491803279,17.07377049180328
415,0.0,0.0,0.0,0.0,0.0,0.0,0.0,1.109375,0.0,0.0,4.65625,0.0,0.0,0.0,0.40625,30.125,0.0,0.546875,0.0,0.0,22.3125,39.0
416,0.0,0.0,0.0,0.0,0.0,0.0,0.0,0.20833333333333334,0.0,0.0,0.0,0.0,0.0,0.0,0.0,8.989583333333334,0.0625,6.65625,0.0,0.0,2.59375,6.072916666666667
417,0.24607329842931938,0.0,0.0,0.1518324607329843,0.5916230366492147,0.0,0.005235602094240838,0.09947643979057591,0.0,0.0,2.4345549738219896,0.0,0.0,0.0,0.0,2.6649214659685865,0.0,1.9528795811518325,0.0,0.0,4.602094240837697,9.151832460732985
418,0.0,0.0,0.0,0.12863070539419086,0.1037344398340249,0.0,0.0,0.17012448132780084,0.0,0.06639004149377593,0.43983402489626555,0.0,0.0,0.0,0.0,4.970954356846473,0.0,2.5062240663900415,0.0,0.0,10.518672199170124,19.195020746887966
419,0.0,0.0,0.0,0.16470588235294117,0.058823529411764705,0.0,0.0,1.0470588235294118,0.0,0.0,0.6470588235294118,0.0,0.0,0.0,0.0,8.541176470588235,0.0,11.435294117647059,0.0,0.0,3.588235294117647,8.68235294117647
420,0.0,0.0,0.0,0.0,0.0,0.0,0.0,0.3333333333333333,0.0,0.0,0.0,0.0,0.0,0.0,0.0,2.2222222222222223,0.0,0.6666666666666666,0.0,0.0,2.888888888888889,5.777777777777778
421,0.0,0.0,0.0,0.06557377049180328,0.29508196721311475,0.0,0.0,0.48360655737704916,0.0,0.0,1.7049180327868851,0.0,0.0,0.0,0.0,5.819672131147541,0.0,1.7295081967213115,0.0,0.0,12.901639344262295,22.19672131147541
422,0.0,0.0,0.0,0.04597701149425287,0.034482758620689655,0.0,0.0,0.45977011494252873,0.0,0.0,0.0,0.0,0.0,0.0,0.0,12.229885057471265,0.0,10.988505747126437,0.896551724137931,0.0,16.850574712643677,28.28735632183908
423,0.058823529411764705,0.0,0.0,1.8627450980392157,0.30392156862745096,0.0,0.0,0.27450980392156865,0.0,0.0,7.980392156862745,0.0,0.0,0.0,0.0,7.990196078431373,0.0,7.568627450980392,0.0,0.0,8.254901960784315,13.745098039215685
424,0.0,0.0,0.0,0.0,0.0,0.0,0.0,1.7982456140350878,0.0,0.0,0.0,0.0,0.0,0.0,0.0,12.035087719298245,0.0,2.1491228070175437,0.0,0.0,18.20175438596491,31.140350877192983
425,0.0,0.0,0.0,5.53125,11.640625,0.0,0.0,0.0,0.0,0.0,7.484375,0.0,0.0,0.0,0.0,0.5,0.0,4.640625,0.0,0.0,7.96875,17.15625
426,0.0,0.0,0.0,0.0,0.27906976744186046,0.0,0.0,0.0,0.0,0.0,0.813953488372093,0.0,0.0,0.0,0.0,6.755813953488372,0.0,0.16279069767441862,0.0,0.0,8.488372093023257,15.325581395348838
427,0.0,0.0,0.0,0.0,0.0,0.0,0.0,0.16071428571428573,0.0,0.0,0.0,0.0,0.0,0.0,0.0,4.946428571428571,0.08928571428571429,6.357142857142857,0.0,0.0,6.875,13.196428571428571
428,0.0,0.0,0.0,4.28,15.72,0.0,0.0,0.6,0.0,0.0,131.592,0.0,0.0,0.0,0.0,1.736,0.0,1.12,2.904,0.0,8.368,17.072
429,0.2134387351778656,0.0,0.0,0.23715415019762845,0.0,0.0,0.0,0.36363636363636365,0.0,0.0,0.0,0.0,0.0,0.0,0.0,3.7430830039525693,0.0,2.6798418972332017,0.0,0.0,14.146245059288537,24.367588932806324
430,0.25663716814159293,0.0,0.0,0.504424778761062,0.6106194690265486,0.0,0.0,0.0,0.0,0.0,1.6902654867256637,0.0,0.0,0.0,0.0,6.176991150442478,0.0,3.8672566371681416,0.0,0.0,9.946902654867257,20.194690265486727
431,0.06796116504854369,0.0,0.0,0.4174757281553398,0.0,0.0,0.0,0.06796116504854369,0.0,0.0,0.0,0.0,0.0,0.0,0.0,6.689320388349515,0.0,9.048543689320388,0.0,0.0,9.893203883495145,16.446601941747574
432,0.4117647058823529,0.0,0.0,2.2941176470588234,5.911764705882353,0.0,1.1176470588235294,2.823529411764706,0.0,0.6176470588235294,4.294117647058823,0.0,0.0,0.0,0.0,15.5,1.5588235294117647,7.088235294117647,6.470588235294118,0.0,20.470588235294116,37.5
433,0.0,0.0,0.0,0.0,0.0,0.0,0.0,0.38095238095238093,0.0,0.0,0.0,0.0,0.0,0.0,0.0,37.857142857142854,0.0,2.142857142857143,0.0,0.0,16.285714285714285,30.023809523809526
434,0.0,0.0,0.0,0.0,0.0,0.0,0.0,0.09803921568627451,0.0,0.0,0.0,0.0,0.0,0.0,0.0,9.509803921568627,0.0,7.117647058823529,0.0,0.0,3.392156862745098,8.196078431372548
435,0.0,0.0,0.0,8.836065573770492,26.950819672131146,0.0,0.0,0.0,0.0,0.0,44.622950819672134,0.0,0.0,0.0,0.0,0.2459016393442623,0.0,0.6557377049180327,0.0,0.0,6.754098360655738,13.360655737704919
436,0.0,0.0,0.0,0.0,0.0,0.0,0.0,0.25,0.0,0.0,0.0,0.0,0.0,0.0,0.0,6.835714285714285,0.0,1.1071428571428572,0.0,0.0,11.307142857142857,21.535714285714285
437,0.0,0.0,0.0,0.0,0.0,0.0,0.0,0.8695652173913043,0.0,0.0,3.1956521739130435,0.0,0.0,0.0,0.8913043478260869,28.608695652173914,0.0,3.5434782608695654,0.0,0.0,22.282608695652176,42.04347826086956
438,0.0,0.0,0.0,0.0,0.0,0.0,0.0,0.6666666666666666,0.0,0.0,0.0,0.0,0.0,0.0,0.0,1.6666666666666667,0.0,0.0,0.0,0.0,4.5,9.166666666666666
439,0.0,0.0,0.0,0.0,0.0,0.0,0.0,0.7142857142857143,0.0,0.0,0.0,0.0,0.0,0.0,0.0,22.357142857142858,0.0,1.7857142857142858,0.0,0.0,14.785714285714286,22.714285714285715
440,0.0,0.0,0.0,0.3466666666666667,3.2133333333333334,0.0,0.0,0.22666666666666666,0.0,0.0,7.04,0.0,0.0,0.0,0.0,4.68,0.0,4.533333333333333,0.0,0.0,13.266666666666667,21.906666666666666
441,0.0,0.0,0.0,0.5777777777777777,0.7333333333333333,0.0,0.0,0.0,0.0,0.0,0.4,0.0,0.0,0.0,0.0,0.0,0.0,0.0,0.0,0.0,9.244444444444444,17.68888888888889
442,0.0,0.0,0.0,0.0,0.0,0.0,0.0,0.07368421052631578,0.0,0.0,0.0,0.0,0.0,0.0,0.0,2.4526315789473685,0.0,0.9263157894736842,0.0,0.0,12.273684210526316,21.46315789473684
443,0.0,0.0,0.0,0.0,0.0,0.0,0.0,0.25,0.0,0.0,0.0,0.0,0.0,0.0,0.0,9.38888888888889,0.0,0.3055555555555556,0.0,0.0,4.555555555555555,7.861111111111111
444,0.0,0.0,0.0,0.0,0.0,0.0,0.0,0.0,0.0,0.0,0.0,0.0,0.0,0.0,0.0,3.088607594936709,0.0,3.329113924050633,0.0,0.0,4.822784810126582,9.037974683544304
445,0.6818181818181818,0.0,0.0,3.159090909090909,15.954545454545455,0.0,0.45454545454545453,1.3863636363636365,0.0,0.0,21.65909090909091,0.0,0.0,0.0,0.0,11.477272727272727,0.6590909090909091,6.613636363636363,8.090909090909092,0.0,10.75,21.295454545454547
446,0.0,0.0,0.0,0.0,0.0,0.0,0.0,0.29411764705882354,0.0,0.0,0.0,0.0,0.0,0.0,0.0,7.029411764705882,0.0,7.117647058823529,0.0,0.0,4.676470588235294,9.0
447,0.15555555555555556,0.0,0.0,0.0,0.0,0.0,0.0,0.3111111111111111,0.0,0.0,0.0,0.0,0.0,0.0,0.0,3.7555555555555555,0.0,3.7111111111111112,0.0,0.0,5.177777777777778,9.577777777777778
448,0.6233766233766234,0.0,0.0,0.0,0.0,0.0,0.025974025974025976,2.4025974025974026,0.0,0.18181818181818182,0.0,0.0,0.0,0.0,0.0,5.415584415584416,0.11688311688311688,9.818181818181818,0.0,0.0,8.441558441558442,14.818181818181818
449,0.0,0.0,0.0,0.2826086956521739,1.0144927536231885,0.0,0.0,0.21014492753623187,0.0,0.0,0.8043478260869565,0.0,0.0,0.0,0.0,4.72463768115942,0.0,3.739130434782609,0.0,0.0,3.4565217391304346,7.3478260869565215
450,0.0625,0.0,0.0,0.0,0.0,0.0,0.0,0.0,0.0,0.0,0.0,0.0,0.0,0.0,0.0,3.1666666666666665,0.0,0.0,0.0,0.0,1.8541666666666667,4.208333333333333
451,0.0,0.0,0.0,0.19047619047619047,0.0,0.0,0.015873015873015872,1.0476190476190477,0.0,0.0,0.0,0.0,0.0,0.0,0.0,13.476190476190476,0.0,6.936507936507937,0.0,0.0,2.8095238095238093,6.4603174603174605
452,0.0,0.0,0.0,0.7105263157894737,12.868421052631579,0.0,0.0,0.0,0.0,0.0,24.07894736842105,0.0,0.0,0.0,0.0,3.1228070175438596,0.0,4.447368421052632,0.0,0.0,11.728070175438596,21.07894736842105
453,0.0,0.0,0.0,0.40229885057471265,0.22988505747126436,0.0,0.0,0.022988505747126436,0.0,0.0,3.6091954022988504,0.0,0.0,0.0,0.011494252873563218,6.919540229885057,0.011494252873563218,0.5287356321839081,0.04597701149425287,0.0,7.655172413793103,17.0
454,0.0,0.0,0.0,0.0,0.0,0.0,0.0,0.2426470588235294,0.0,0.0,2.235294117647059,0.0,0.0,0.0,0.0,23.955882352941178,0.0,2.2205882352941178,0.0,0.0,15.933823529411764,30.183823529411764
455,0.0,0.0,0.0,0.0,0.0,0.0,0.0,2.613861386138614,0.0,0.0,0.0,0.0,0.0,0.0,0.0,7.811881188118812,0.0,3.732673267326733,0.0,0.0,17.168316831683168,31.14851485148515
456,0.0,0.0,0.0,0.0,0.0,0.0,0.0,0.0,0.0,0.0,0.0,0.0,0.0,0.0,0.0,3.2916666666666665,0.0,0.0,0.0,0.0,1.6666666666666667,6.958333333333333
457,0.0,0.0,0.0,0.0,0.0,0.0,0.0,1.1015625,0.0,0.0,0.0,0.0,0.0,0.0,0.0,4.9609375,0.0,2.234375,0.0,0.0,4.96875,9.2734375
458,0.0,0.0,0.0,0.0,0.0,0.0,0.0,0.5384615384615384,0.0,0.0,0.0,0.0,0.0,0.0,0.0,15.743589743589743,0.0,3.0085470085470085,0.0,0.0,10.247863247863247,19.11111111111111
459,0.0,0.0,0.0,3.972972972972973,11.81081081081081,0.0,1.135135135135135,1.9189189189189189,0.0,0.0,5.513513513513513,0.0,0.0,0.0,0.0,2.5405405405405403,0.0,0.7027027027027027,0.0,0.0,1.6756756756756757,4.4324324324324325
460,0.0,0.0,0.0,0.0,0.0,0.0,0.0,0.0,0.0,0.0,2.4285714285714284,0.0,0.0,0.0,0.0,5.171428571428572,0.0,0.6857142857142857,0.0,0.0,4.2,9.857142857142858
461,0.0,0.0,0.0,0.0,0.0,0.0,0.0,0.0,0.0,0.0,0.0,0.0,0.0,0.0,0.0,8.533333333333333,0.0,3.56,0.0,0.0,7.426666666666667,14.053333333333333
462,0.0,0.0,0.0,0.0,0.0,0.0,0.0,0.0,0.0,0.0,0.0,0.0,0.0,0.0,0.0,5.9,1.3,0.0,0.0,0.0,4.4,9.1
463,0.0,0.0,0.0,1.5365853658536586,1.146341463414634,0.0,0.0,0.4878048780487805,0.0,0.0,0.0,0.0,0.0,0.0,0.0,9.75609756097561,0.0,2.951219512195122,0.0,0.0,3.3902439024390243,6.024390243902439
464,0.0,0.0,0.0,0.0,0.0,0.0,0.0,3.388235294117647,0.0,0.0,0.0,0.0,0.0,0.0,0.0,13.694117647058823,0.0,6.152941176470589,0.0,0.0,17.729411764705883,30.529411764705884
465,0.15,0.0,0.0,3.7875,5.7875,0.0,0.7625,0.3375,0.0,0.0,14.725,0.0,0.0,0.0,2.7875,4.9,1.0125,1.65,0.4125,0.0,13.3125,26.8625
466,0.6490066225165563,0.0,0.0,0.0,0.0,0.0,0.0,2.013245033112583,0.0,0.0,3.4701986754966887,0.0,0.0,0.0,0.0,13.966887417218542,0.0,2.357615894039735,0.0,0.0,10.549668874172186,20.456953642384107
467,0.0,0.0,0.0,0.0,2.156862745098039,0.0,0.0,0.0,0.0,0.0,5.137254901960785,0.0,0.0,0.0,0.0,9.098039215686274,0.0,5.607843137254902,0.0,0.0,3.0,6.0
468,0.0,0.0,0.0,0.0,0.3125,0.0,0.0,0.125,0.0,0.0,0.0,0.0,0.0,0.0,0.0,23.46875,0.0,5.53125,0.0,0.0,5.25,9.71875
469,0.0,0.0,0.0,4.235294117647059,35.529411764705884,0.0,0.0,0.0,0.0,0.0,70.52941176470588,0.0,0.0,0.0,0.0,1.3529411764705883,0.0,0.0,0.0,0.0,0.8235294117647058,3.588235294117647
470,0.33691756272401435,0.0,0.0,0.043010752688172046,0.13261648745519714,0.0,0.0,0.2114695340501792,0.0,0.0,0.27956989247311825,0.0,0.0,0.0,0.0,5.003584229390681,0.0,4.068100358422939,0.07168458781362007,0.0,12.168458781362007,22.322580645161292
471,0.0,0.0,0.0,0.0,0.0,0.0,0.0,0.8333333333333334,0.0,0.0,0.0,0.0,0.0,0.0,0.0,10.166666666666666,0.0,4.666666666666667,0.0,0.0,2.5,7.166666666666667
472,0.0,0.0,0.0,0.0,0.0,0.0,0.0,0.2727272727272727,0.0,0.0,2.6363636363636362,0.0,0.0,0.0,0.09090909090909091,11.045454545454545,0.0,0.8484848484848485,0.0,0.0,10.257575757575758,18.757575757575758
473,0.0,0.0,0.0,0.0,0.0,0.0,0.0,0.0,0.0,0.0,0.0,0.0,0.0,0.0,0.14516129032258066,7.725806451612903,0.0,3.161290322580645,0.0,0.0,7.483870967741935,15.46774193548387
474,0.0,0.0,0.0,0.0,0.0,0.0,0.0,0.16666666666666666,0.0,0.0,0.0,0.0,0.0,0.0,0.0,4.907407407407407,0.0,0.2962962962962963,0.0,0.0,5.666666666666667,10.555555555555555
475,0.0,0.0,0.0,0.0,0.0,0.0,0.0,0.8507462686567164,0.0,0.0,0.0,0.0,0.0,0.0,0.0,10.194029850746269,0.0,0.9104477611940298,0.0,0.0,7.925373134328358,13.746268656716419
476,0.49295774647887325,0.0,0.0,0.8028169014084507,6.056338028169014,0.0,0.352112676056338,0.6056338028169014,0.0,0.0,0.0,0.0,0.0,0.0,0.0,74.67605633802818,0.5070422535211268,1.619718309859155,5.112676056338028,0.0,12.873239436619718,27.492957746478872
477,0.7927927927927928,0.0,0.0,0.0,0.0,0.0,0.0,0.25225225225225223,0.0,0.12612612612612611,0.0,0.0,0.0,0.0,0.0,4.27027027027027,0.0,1.936936936936937,0.0,0.0,6.63963963963964,12.297297297297296
478,0.0,0.0,0.0,0.14492753623188406,1.2318840579710144,0.0,0.0,0.0,0.0,0.0,0.0,0.0,0.0,0.0,0.0,2.8405797101449277,0.0,5.028985507246377,0.0,0.0,7.463768115942029,14.376811594202898
479,0.0,0.0,0.0,0.0,0.0,0.0,0.0,0.0,0.0,0.0,0.0,0.0,0.0,0.0,0.0,13.01923076923077,0.0,4.403846153846154,0.0,0.0,2.7884615384615383,7.288461538461538
480,0.7096774193548387,0.0,0.0,0.0,0.0,0.0,0.0,0.0967741935483871,0.0,0.0,0.0,0.0,0.0,0.0,0.0,17.870967741935484,0.0,0.0,0.0,0.0,9.387096774193548,16.161290322580644
481,0.5774647887323944,0.0,0.0,0.0,0.0,0.0,0.0,0.8591549295774648,0.0,0.0,0.0,0.0,0.0,0.0,0.0,6.183098591549296,0.0,0.6197183098591549,0.0,0.0,8.845070422535212,14.859154929577464
482,0.0,0.0,0.0,0.32432432432432434,1.4864864864864864,0.0,0.0,0.0,0.0,0.0,0.0,0.0,0.0,0.0,0.0,8.216216216216216,0.0,8.91891891891892,0.8378378378378378,0.0,2.972972972972973,7.54054054054054
483,0.0,0.0,0.0,0.0,0.0,0.0,0.0,0.5873015873015873,0.0,0.0,0.0,0.0,0.0,0.0,0.0,7.325396825396825,0.0,2.753968253968254,0.0,0.0,11.904761904761905,21.904761904761905
484,0.6666666666666666,0.0,0.0,0.0,0.0,0.0,0.0,0.0,0.0,0.0,0.0,0.0,0.0,0.0,0.0,10.363636363636363,0.0,0.0,0.0,0.0,10.333333333333334,17.78787878787879
485,0.0,0.0,0.0,0.0,0.0,0.0,0.0,0.8181818181818182,0.0,0.0,0.0,0.0,0.0,0.0,0.0,4.818181818181818,0.0,2.1818181818181817,0.0,0.0,7.0,9.545454545454545
486,0.3392070484581498,0.0,0.0,0.0,0.0,0.0,0.0,0.3568281938325991,0.0,0.2687224669603524,0.0,0.0,0.0,0.0,0.0,5.5506607929515415,0.0,2.392070484581498,0.0,0.0,11.361233480176212,19.691629955947135
487,0.0,0.0,0.0,0.046511627906976744,0.011627906976744186,0.0,0.0,0.09302325581395349,0.0,0.0,0.0,0.0,0.0,0.0,0.0,3.0697674418604652,0.0,6.662790697674419,0.0,0.0,6.348837209302325,12.151162790697674
488,0.0,0.0,0.0,0.0,0.0,0.0,0.0,0.4166666666666667,0.0,0.0,0.0,0.0,0.0,0.0,0.0,4.903846153846154,0.0,1.435897435897436,0.0,0.0,6.397435897435898,13.73076923076923
489,0.0,0.0,0.0,0.0,0.0,0.0,0.0,1.3265306122448979,0.0,0.0,0.0,0.0,0.0,0.0,0.0,10.122448979591837,0.0,4.244897959183674,0.0,0.0,4.469387755102041,10.775510204081632
490,0.06363636363636363,0.0,0.0,0.0,0.0,0.0,0.0,2.2,0.0,0.0,0.0,0.0,0.0,0.0,0.0,6.781818181818182,0.0,13.836363636363636,0.0,0.0,9.763636363636364,16.936363636363637
491,0.47540983606557374,0.0,0.0,0.03278688524590164,0.20491803278688525,0.0,0.0,0.00819672131147541,0.0,0.0,0.0,0.0,0.0,0.0,0.0,2.7295081967213113,0.0,2.7540983606557377,0.0,0.0,4.049180327868853,8.852459016393443
492,0.0,0.0,0.0,0.37735849056603776,0.3584905660377358,0.0,0.41509433962264153,0.2830188679245283,0.0,0.0,0.5660377358490566,0.0,0.0,0.0,2.6037735849056602,8.773584905660377,1.0377358490566038,1.6981132075471699,0.0,0.0,9.943396226415095,17.150943396226417
493,0.25,0.0,0.0,0.0,0.0,0.0,0.0,5.5576923076923075,0.0,0.0,0.8653846153846154,0.0,0.0,0.0,0.0,7.153846153846154,0.0,0.9230769230769231,0.0,0.0,8.461538461538462,16.01923076923077
494,0.5384615384615384,0.0,0.0,0.0,0.0,0.0,0.0,0.0,0.0,0.0,0.0,0.0,0.0,0.0,0.0,3.0256410256410255,0.0,5.512820512820513,0.0,0.0,6.256410256410256,11.76923076923077
495,0.0,0.0,0.0,0.0,0.0,0.0,0.0,0.0,0.0,0.0,0.0,0.0,0.0,0.0,0.0,2.037037037037037,0.0,0.6666666666666666,0.0,0.0,3.185185185185185,6.37037037037037
496,0.029940119760479042,0.0,0.0,0.0,0.0,0.0,0.0,0.0,0.0,0.0,0.0,0.0,0.0,0.0,0.0,4.383233532934132,0.0,4.173652694610778,0.0,0.0,16.017964071856287,28.395209580838323
497,0.0,0.0,0.0,0.0,0.0,0.0,0.0,4.0,0.0,0.0,0.0,0.0,0.0,0.0,0.0,11.6,0.0,4.8,0.0,0.0,3.6,6.8
498,0.8333333333333334,0.0,0.0,0.0,0.0,0.0,0.0,0.25,0.0,0.0,0.0,0.0,0.0,0.0,0.0,9.5625,0.0,2.25,0.0,0.0,10.020833333333334,15.041666666666666
499,0.0,0.0,0.0,1.603305785123967,2.8016528925619837,0.0,0.5785123966942148,1.165289256198347,0.0,0.0,11.049586776859504,0.0,0.0,0.0,0.0,6.545454545454546,0.3884297520661157,4.545454545454546,0.0,0.0,13.0,23.289256198347108
500,0.0,0.0,0.0,3.574626865671642,9.895522388059701,0.0,0.0,0.8582089552238806,0.0,0.0,14.835820895522389,0.0,0.0,0.0,0.0,6.350746268656716,0.0,1.492537313432836,2.5671641791044775,0.0,7.134328358208955,14.544776119402986
501,0.0,0.0,0.0,0.0,0.0,0.0,0.0,1.5714285714285714,0.0,0.0,0.0,0.0,0.0,0.0,0.0,7.214285714285714,0.0,0.0,0.0,0.0,9.357142857142858,15.428571428571429
502,0.0,0.0,0.0,0.0,0.0,0.0,0.0,0.0,0.0,0.0,0.0,0.0,0.0,0.0,0.0,9.0,0.0,2.533333333333333,0.0,0.0,3.2,7.333333333333333
503,0.4,0.0,0.0,0.4,0.0,0.0,0.4,0.0,0.0,0.0,0.0,0.0,0.0,0.0,0.0,317.3333333333333,1.8666666666666667,0.0,19.533333333333335,0.0,18.466666666666665,31.733333333333334
504,0.41379310344827586,0.0,0.0,0.0,0.0,0.0,0.0,0.896551724137931,0.0,0.0,0.0,0.0,0.0,0.0,0.0,19.17241379310345,0.0,0.0,0.0,0.0,11.517241379310345,23.93103448275862
505,0.41,0.0,0.0,0.32,0.0,0.0,0.0,0.92,0.0,0.0,0.8,0.0,0.0,0.0,0.0,12.16,0.0,3.69,0.0,0.0,9.07,15.26
506,0.05555555555555555,0.0,0.0,0.0,0.0,0.0,0.0,0.3333333333333333,0.0,0.0,0.0,0.0,0.0,0.0,0.0,8.296296296296296,0.0,3.240740740740741,0.0,0.0,6.87037037037037,13.481481481481481
507,0.0,0.0,0.0,0.0,0.0,0.0,0.0,0.4339622641509434,0.0,0.0,0.9433962264150944,0.0,0.0,0.0,0.0,16.60377358490566,0.0,1.0754716981132075,0.0,0.0,14.09433962264151,22.92452830188679
508,0.7768595041322314,0.0,0.0,0.0,0.0,0.0,0.0,0.19008264462809918,0.0,0.19008264462809918,0.0,0.0,0.0,0.0,0.0,7.140495867768595,0.0,9.900826446280991,0.0,0.0,8.388429752066116,15.115702479338843
509,0.0,0.0,0.0,0.0,0.0,0.0,0.0,0.0,0.0,0.0,0.0,0.0,0.0,0.0,0.0,2.8,0.0,2.2666666666666666,0.0,0.0,11.266666666666667,16.266666666666666
510,0.43846153846153846,0.0,0.0,0.09230769230769231,0.4153846153846154,0.0,0.0,0.015384615384615385,0.0,0.0,2.0076923076923077,0.0,0.0,0.0,0.0,9.2,0.0,3.1923076923076925,0.0,0.0,6.130769230769231,13.561538461538461
511,0.11304347826086956,0.0,0.0,0.0,0.0,0.0,0.0,0.4782608695652174,0.0,0.0,0.0,0.0,0.0,0.0,0.0,4.721739130434782,0.0,3.243478260869565,0.0,0.0,14.539130434782608,26.05217391304348
512,0.0,0.0,0.0,0.0,0.0,0.0,0.0,0.022222222222222223,0.0,0.0,0.0,0.0,0.0,0.0,0.0,3.2,0.0,0.0,0.0,0.0,7.888888888888889,12.955555555555556
513,0.5979381443298969,0.0,0.0,0.0,7.505154639175258,0.0,0.1958762886597938,0.26804123711340205,0.0,0.36082474226804123,9.628865979381443,0.0,0.0,0.0,2.752577319587629,99.0,2.3711340206185567,0.0,5.577319587628866,0.0,26.711340206185568,48.96907216494845
514,0.11170212765957446,0.0,0.0,0.0,0.0,0.0,0.0,1.1542553191489362,0.0,0.0,0.0,0.0,0.0,0.0,0.0,3.0,0.0,0.6117021276595744,0.0,0.0,16.388297872340427,29.138297872340427
515,0.0,0.0,0.0,0.8048780487804879,3.4390243902439024,0.0,0.0,1.024390243902439,0.0,0.0,3.0,0.0,0.0,0.0,0.0,3.3658536585365852,0.0,2.902439024390244,0.0,0.0,6.317073170731708,12.829268292682928
516,0.0,0.0,0.0,0.0,0.0,0.0,0.0,0.034482758620689655,0.0,0.0,0.0,0.0,0.0,0.0,0.09655172413793103,8.86896551724138,0.05517241379310345,3.1448275862068966,0.0,0.0,11.151724137931035,20.048275862068966
517,0.0,0.0,0.0,1.6470588235294117,6.588235294117647,0.0,0.0,0.12941176470588237,0.0,0.0,14.08235294117647,0.0,0.0,0.0,0.0,4.08235294117647,0.0,5.08235294117647,0.0,0.0,15.788235294117648,29.129411764705882
518,0.4188034188034188,0.0,0.0,0.0,0.0,0.0,0.008547008547008548,0.1452991452991453,0.0,0.0,0.5897435897435898,0.0,0.0,0.0,0.1282051282051282,6.35042735042735,0.02564102564102564,1.9145299145299146,0.0,0.0,13.897435897435898,26.025641025641026
519,0.7878787878787878,0.0,0.0,0.0,0.0,0.0,0.0,0.6060606060606061,0.0,0.0,0.0,0.0,0.0,0.0,0.0,9.606060606060606,0.0,0.0,0.0,0.0,11.272727272727273,19.151515151515152
520,0.3217391304347826,0.0,0.0,0.0,0.0,0.0,0.0,0.0,0.0,0.017391304347826087,0.0,0.0,0.0,0.0,0.0,2.982608695652174,0.0,3.0521739130434784,0.0,0.0,12.808695652173913,20.678260869565218
521,0.675,0.0,0.0,0.0,0.0,0.0,0.0,1.3125,0.0,0.1125,0.0,0.0,0.0,0.0,0.0,6.9,0.0,0.3875,0.0,0.0,13.0,22.35
522,0.0,0.0,0.0,0.0,0.0,0.0,0.0,0.23275862068965517,0.0,0.0,0.0,0.0,0.0,0.0,0.0,2.1551724137931036,0.0,2.956896551724138,0.0,0.0,8.14655172413793,15.043103448275861
523,0.3763440860215054,0.0,0.0,0.0,0.0,0.0,0.0,0.0,0.0,0.0,0.0,0.0,0.0,0.0,0.0,3.5591397849462365,0.0,0.1935483870967742,0.0,0.0,17.236559139784948,28.258064516129032
524,0.0,0.0,0.0,0.0,0.0,0.0,0.0,0.0,0.0,0.0,0.0,0.0,0.0,0.0,0.0,154.75,1.0,5.0,16.25,0.0,23.75,39.25
525,0.0,0.0,0.0,0.0,0.0,0.0,0.0,0.13095238095238096,0.0,0.0,0.0,0.0,0.0,0.0,0.0,9.05952380952381,0.0,9.011904761904763,0.0,0.0,8.916666666666666,17.035714285714285
526,0.3611111111111111,0.0,0.0,0.0,0.0,0.0,0.0,0.6111111111111112,0.0,0.0,0.0,0.0,0.0,0.0,0.0,7.0,0.0,0.0,0.0,0.0,7.555555555555555,13.63888888888889
527,0.1797752808988764,0.0,0.0,0.0,0.0,0.0,0.0,0.34831460674157305,0.0,0.0,0.0,0.0,0.0,0.02247191011235955,0.0,5.056179775280899,0.0,1.4382022471910112,0.0,0.0,8.258426966292134,16.786516853932586
528,0.0,0.0,0.0,0.0,0.0,0.0,0.0,1.148936170212766,0.0,0.0,0.0,0.0,0.0,0.0,0.0,6.553191489361702,0.0,5.680851063829787,0.0,0.0,10.170212765957446,17.617021276595743
529,0.0,0.0,0.0,0.0,0.0,0.0,0.0,0.0,0.0,0.0,0.0,0.0,0.0,0.0,0.0,4.74,0.0,9.86,0.0,0.0,5.08,9.22
530,0.0,0.0,0.0,0.0,0.0,0.0,0.0,0.0,0.0,0.0,0.0,0.0,0.0,0.0,0.0,3.3529411764705883,0.0,2.911764705882353,0.0,0.0,3.235294117647059,6.352941176470588
531,0.0,0.0,0.0,0.0,0.0,0.0,0.0,0.0,0.0,0.0,0.0,0.0,0.0,0.0,0.0,4.85,0.0,2.55,0.0,0.0,3.45,8.05
532,0.022058823529411766,0.0,0.0,0.0,0.0,0.0,0.0,0.18382352941176472,0.0,0.0,0.0,0.0,0.0,0.0,0.0,12.904411764705882,0.0,3.5955882352941178,0.0,0.0,17.801470588235293,31.522058823529413
533,0.8095238095238095,0.0,0.0,0.0,0.0,0.0,0.0,0.0,0.0,0.047619047619047616,0.0,0.0,0.0,0.0,0.0,2.3333333333333335,0.0,2.984126984126984,0.0,0.0,3.857142857142857,8.317460317460318
534,0.0,0.0,0.0,0.0,0.0,0.0,0.0,0.0,0.0,0.0,0.0,0.0,0.0,0.029411764705882353,0.0,6.852941176470588,0.0,8.764705882352942,0.0,0.0,3.7941176470588234,8.411764705882353
535,0.7894736842105263,0.0,0.0,0.0,0.0,0.0,0.0,2.210526315789474,0.0,0.0,0.0,0.0,0.0,0.0,0.0,4.947368421052632,0.0,0.631578947368421,0.0,0.0,10.578947368421053,17.94736842105263
536,0.0,0.0,0.0,0.0,0.0,0.0,0.0,0.11538461538461539,0.0,0.0,0.0,0.0,0.0,0.0,0.0,4.0,0.0,6.711538461538462,0.0,0.0,2.5,6.769230769230769
537,0.0,0.0,0.0,2.2142857142857144,11.757142857142858,0.0,0.0,0.35714285714285715,0.0,0.0,36.871428571428574,0.0,0.0,0.0,0.0,6.385714285714286,0.0,6.428571428571429,0.0,0.0,7.8,15.371428571428572
538,0.0,0.0,0.0,0.0,0.0,0.0,0.0,1.0948275862068966,0.0,0.0,0.0,0.0,0.0,0.0,0.0,9.258620689655173,0.0,9.21551724137931,0.0,0.0,7.4655172413793105,13.71551724137931
539,0.6170212765957447,0.0,0.0,0.0,0.0,0.0,0.0,0.5,0.0,0.14893617021276595,0.0,0.0,0.0,0.0,0.0,3.5425531914893615,0.0,2.0531914893617023,0.0,0.0,17.78723404255319,30.372340425531913
540,0.04,0.0,0.0,0.0,0.04,0.0,0.0,0.0,0.0,0.0,0.0,0.0,0.0,0.0,0.0,11.506666666666666,0.0,0.7466666666666667,0.0,0.0,13.32,23.4
541,0.4681818181818182,0.0,0.0,0.0,0.0,0.0,0.0,0.06363636363636363,0.0,0.08636363636363636,0.0,0.0,0.0,0.0,0.0,2.2954545454545454,0.0,1.8727272727272728,0.0,0.0,12.590909090909092,22.98181818181818
542,0.0,0.0,0.0,0.0,0.0,0.0,0.8863636363636364,2.272727272727273,0.0,0.0,0.0,0.0,0.0,0.0,0.0,7.295454545454546,0.75,10.613636363636363,0.0,0.0,8.818181818181818,14.977272727272727
543,0.0,0.0,0.0,0.0,0.0,0.0,0.0,0.06701030927835051,0.0,0.0,0.0,0.0,0.0,0.0,0.0,2.314432989690722,0.0,0.6907216494845361,0.0,0.0,16.09278350515464,27.896907216494846
544,0.0,0.0,0.0,0.32,0.52,0.0,0.0,0.46,0.0,0.0,2.76,0.0,0.0,0.0,0.0,3.98,0.0,0.3,0.0,0.0,4.58,8.7
545,0.0,0.0,0.0,0.618421052631579,0.0,0.0,0.0,0.9078947368421053,0.0,0.0,0.0,0.0,0.0,0.0,0.0,9.43421052631579,0.0,4.4868421052631575,0.0,0.0,5.7368421052631575,13.144736842105264
546,0.0,0.0,0.0,0.0,0.0,0.0,0.0,0.0,0.0,0.0,0.0,0.0,0.0,0.0,0.0,4.090909090909091,0.0,0.5454545454545454,0.0,0.0,6.151515151515151,12.93939393939394
547,0.0,0.0,0.0,0.011494252873563218,0.0,0.0,0.0,0.11494252873563218,0.0,0.0,0.0,0.0,0.0,0.0,0.0,3.8735632183908044,0.0,4.172413793103448,0.13793103448275862,0.0,12.459770114942529,21.20689655172414
548,0.0,0.0,0.0,0.0,0.0,0.0,0.14285714285714285,0.14285714285714285,0.0,0.0,0.0,0.0,0.0,0.0,0.0,114.71428571428571,1.2857142857142858,0.0,2.142857142857143,0.0,12.428571428571429,24.714285714285715
549,0.22842639593908629,0.0,0.0,0.0,0.0,0.0,0.0,0.29441624365482233,0.0,0.0,0.0,0.0,0.0,0.0,0.0,2.649746192893401,0.0,1.0507614213197969,0.0,0.0,15.01522842639594,27.309644670050762
550,0.0,0.0,0.0,1.9655172413793103,10.942528735632184,0.0,0.0,0.0,0.0,0.0,52.689655172413794,0.0,0.0,0.0,0.0,3.954022988505747,0.0,1.0804597701149425,0.0,0.0,7.0344827586206895,15.563218390804598
551,0.0,0.0,0.0,0.0,0.0,0.0,0.0,0.0,0.0,0.0,0.0,0.0,0.0,4.267326732673268,0.0,3.5841584158415842,0.0,4.524752475247524,0.0,0.0,11.306930693069306,20.15841584158416
552,0.0,0.0,0.0,0.0,0.0,0.0,0.3333333333333333,0.75,0.0,0.0,0.0,0.0,0.0,0.0,0.0,107.45833333333333,1.2916666666666667,3.4583333333333335,21.833333333333332,4.083333333333333,30.541666666666668,54.541666666666664
553,0.18604651162790697,0.0,0.0,0.0,0.0,0.0,0.0,0.0,0.0,0.0,0.0,0.0,0.0,0.0,0.0,9.337209302325581,0.0,1.0465116279069768,0.0,0.0,7.662790697674419,16.825581395348838
554,0.0,0.0,0.0,0.0,0.0,0.0,0.0,0.0,0.0,0.0,0.0,0.0,0.0,0.0,0.0,7.323529411764706,0.0,6.294117647058823,0.0,0.0,4.588235294117647,10.264705882352942
555,0.0,0.0,0.0,0.0,0.0,0.0,0.0,0.375,0.0,0.0,0.0,0.0,0.0,0.0,0.0,2.644230769230769,0.0,1.1730769230769231,0.0,0.0,13.85576923076923,24.634615384615383
556,0.0,0.0,0.0,0.0,0.0,0.0,0.0,0.03669724770642202,0.0,0.0,0.0,0.0,0.0,0.0,0.0,3.6055045871559632,0.0,3.146788990825688,0.0,0.0,13.899082568807339,26.10091743119266
557,0.05970149253731343,0.0,0.0,0.0,0.0,0.0,0.5522388059701493,0.0,0.0,0.0,3.5074626865671643,0.0,0.0,0.0,2.91044776119403,6.313432835820896,0.0,6.507462686567164,0.0,0.0,9.880597014925373,16.73134328358209
558,0.0,0.0,0.0,0.0,0.0,0.0,0.0,0.54,0.0,0.0,0.0,0.0,0.0,0.0,0.0,12.12,0.0,1.46,0.0,0.0,13.02,22.08
559,0.0,0.0,0.0,2.6455696202531644,8.037974683544304,0.7341772151898734,0.0,0.3037974683544304,0.0,0.0,21.139240506329113,0.0,0.0,0.0,0.0,5.670886075949367,0.0,2.569620253164557,0.0,0.0,3.9367088607594938,8.151898734177216
560,0.0,0.0,0.0,0.10526315789473684,1.0263157894736843,0.0,0.0,0.631578947368421,0.0,0.0,0.0,0.0,0.0,0.0,0.0,6.2105263157894735,0.0,6.947368421052632,0.0,0.0,2.8421052631578947,6.552631578947368
561,0.11594202898550725,0.0,0.0,0.0,0.0,0.0,0.0,0.0,0.0,0.014492753623188406,0.26811594202898553,0.0,0.0,0.0,0.0,2.3333333333333335,0.0,1.355072463768116,0.0,0.0,14.91304347826087,27.72463768115942
562,0.0,0.0,0.0,1.175,20.425,0.0,0.0,2.525,0.0,0.0,11.85,0.0,0.0,0.0,0.0,90.275,2.1,0.0,5.025,0.0,30.3,56.525
563,0.0,0.0,0.0,0.0,0.0,0.0,0.0,1.6875,0.0,0.0,0.0,0.0,0.0,0.0,0.0,11.28125,0.0,6.875,0.0,0.0,7.609375,15.3125
564,0.32432432432432434,0.0,0.0,0.0,0.9459459459459459,0.0,0.7567567567567568,4.486486486486487,0.0,1.2162162162162162,0.5675675675675675,0.0,0.0,0.0,0.1891891891891892,152.6216216216216,2.7027027027027026,0.0,8.81081081081081,0.0,31.64864864864865,51.24324324324324
565,0.6511627906976745,0.0,0.0,0.0,4.906976744186046,0.0,0.9302325581395349,1.6046511627906976,0.0,0.6976744186046512,2.046511627906977,0.0,0.0,0.0,5.395348837209302,154.90697674418604,4.953488372093023,0.0,5.069767441860465,0.0,29.53488372093023,50.72093023255814
566,0.0,0.0,0.0,0.0,0.0,0.0,0.0,0.0,0.0,0.0,0.0,0.0,0.0,0.0,0.0,2.6956521739130435,0.0,5.608695652173913,0.0,0.0,2.217391304347826,5.043478260869565
567,0.0,0.0,0.0,0.5909090909090909,5.954545454545454,0.0,0.0,0.0,0.0,0.0,28.818181818181817,0.0,0.0,0.0,0.0,5.409090909090909,0.0,2.090909090909091,1.8181818181818181,0.0,3.0,7.636363636363637
568,0.6496815286624203,0.0,0.0,0.4012738853503185,0.0,0.0,0.0,0.28662420382165604,0.0,0.11464968152866242,0.0,0.0,0.0,0.0,0.1592356687898089,3.878980891719745,0.0,1.3821656050955413,0.0,0.0,16.719745222929937,29.35031847133758
569,0.0,0.0,0.0,0.0,0.0,0.0,0.0,0.34558823529411764,0.0,0.0,0.0,0.0,0.0,0.5220588235294118,0.0,5.639705882352941,0.0,0.9779411764705882,0.0,0.0,11.617647058823529,22.066176470588236
570,0.0,0.0,0.0,0.0,0.004651162790697674,0.0,0.018604651162790697,0.018604651162790697,0.0,0.0,0.0,0.0,0.0,0.004651162790697674,0.0,7.627906976744186,0.0,2.7767441860465114,0.0,0.0,9.502325581395349,17.795348837209303
571,0.35135135135135137,0.0,0.0,0.0,0.0,0.0,0.0,0.7837837837837838,0.0,0.0,0.0,0.0,0.0,0.0,0.0,3.675675675675676,0.0,0.43243243243243246,0.0,0.0,7.324324324324325,12.306306306306306
572,0.0,0.0,0.0,0.0,0.0,0.0,0.0,0.0,0.0,0.0,0.0,0.0,0.0,0.0,0.0,10.951456310679612,0.0,0.24271844660194175,0.0,0.0,11.766990291262136,20.92233009708738
573,0.0,0.0,0.0,0.06578947368421052,0.0,0.06578947368421052,0.0,0.0,0.0,0.0,0.0,0.0,0.0,0.0,0.0,2.4078947368421053,0.0,2.5,0.0,0.0,13.407894736842104,23.710526315789473
574,0.0,0.0,0.0,0.0,0.0,0.0,0.0,0.44052863436123346,0.0,0.0,0.2026431718061674,0.0,0.0,0.0,0.0,5.365638766519824,0.0,7.4801762114537445,0.0,0.0,11.982378854625551,20.823788546255507
575,0.0,0.0,0.0,0.0,0.0,0.0,0.0,0.25925925925925924,0.0,0.0,0.0,0.0,0.0,0.0,0.0,7.444444444444445,0.0,0.3333333333333333,0.0,0.0,7.296296296296297,16.48148148148148
576,0.0,0.0,0.0,0.0,0.0,0.0,0.0,0.6916666666666667,0.0,0.0,0.0,0.0,0.0,0.0,0.0,3.9,0.0,1.5583333333333333,0.0,0.0,9.433333333333334,17.383333333333333
577,0.0,0.0,0.0,0.0,0.0,0.0,0.0,0.0,0.0,0.0,0.0,0.0,0.0,0.0,0.0,25.3953488372093,0.0,0.0,0.0,0.0,11.534883720930232,26.813953488372093
578,0.0,0.0,0.0,0.0,0.0,0.0,0.0,0.08695652173913043,0.0,0.0,0.0,0.0,0.0,0.0,0.0,2.5565217391304347,0.0,3.0695652173913044,0.0,0.0,13.8,23.756521739130434
579,0.0,0.0,0.0,1.408450704225352,11.95774647887324,0.0,0.0,0.0,0.0,0.0,53.61971830985915,0.0,0.0,0.0,0.0,9.450704225352112,0.0,1.5774647887323943,0.0,0.0,3.676056338028169,7.76056338028169
580,0.0,0.0,0.0,4.2105263157894735,22.710526315789473,0.0,0.0,0.0,0.0,0.0,159.73684210526315,0.0,0.0,0.0,0.0,0.6842105263157895,0.0,0.0,8.868421052631579,0.0,1.5789473684210527,3.5
581,0.16666666666666666,0.0,0.0,0.0,0.0,0.0,0.0,0.0,0.0,0.05128205128205128,0.0,0.0,0.0,0.0,0.0,3.358974358974359,0.0,5.269230769230769,0.0,0.0,14.35897435897436,24.025641025641026
582,0.8833333333333333,0.0,0.0,0.0,0.0,0.0,0.0,0.0,0.0,0.0,0.0,0.0,0.0,0.0,0.0,3.35,0.0,2.441666666666667,0.0,0.0,8.391666666666667,16.716666666666665
583,0.25462962962962965,0.0,0.0,0.0,0.0,0.0,0.0,0.18981481481481483,0.0,0.0,0.0,0.0,0.0,0.0,0.0,1.9675925925925926,0.0,2.7685185185185186,0.0,0.0,11.069444444444445,20.296296296296298
584,0.5217391304347826,0.0,0.0,0.0,2.782608695652174,0.0,0.0,0.0,0.0,0.0,0.0,0.0,0.0,0.0,0.0,83.56521739130434,0.30434782608695654,0.0,0.0,0.0,9.869565217391305,16.17391304347826
585,0.0,0.0,0.0,0.17777777777777778,0.5333333333333333,0.0,0.7333333333333333,3.0444444444444443,0.0,0.13333333333333333,0.0,0.0,0.0,0.0,0.0,64.5111111111111,3.488888888888889,0.0,13.28888888888889,0.4222222222222222,25.22222222222222,42.75555555555555
586,0.0,0.0,0.0,0.0,0.0,0.0,0.0,0.7611940298507462,0.0,0.0,0.0,0.0,0.0,0.0,0.0,3.8059701492537314,0.0,5.059701492537314,0.0,0.0,1.373134328358209,5.925373134328358
587,0.0,0.0,0.0,0.0,0.0,0.0,0.01639344262295082,0.08196721311475409,0.0,0.0,0.0,0.0,0.0,0.0,0.06557377049180328,8.229508196721312,0.0,9.19672131147541,0.0,0.0,14.98360655737705,26.114754098360656
588,1.2222222222222223,0.0,0.0,0.0,0.0,0.0,0.0,0.2777777777777778,0.0,0.0,0.0,0.0,0.0,0.0,0.0,2.9444444444444446,0.0,0.6666666666666666,0.0,0.0,5.444444444444445,9.88888888888889
589,0.0,0.0,0.0,0.0,0.0,0.0,0.0,1.1428571428571428,0.0,0.0,0.0,0.0,0.0,0.0,0.0,14.976190476190476,0.0,0.0,0.0,0.0,14.976190476190476,24.547619047619047
590,0.0,0.0,0.0,0.0,0.0,0.0,0.0,0.11764705882352941,0.0,0.0,0.0,0.0,0.0,0.0,0.0,3.447058823529412,0.0,0.9882352941176471,0.0,0.0,18.67058823529412,29.51764705882353
591,0.5882352941176471,0.0,0.0,0.0,0.0,0.0,0.0,0.4117647058823529,0.0,0.0,0.0,0.0,0.0,0.0,0.0,2.8823529411764706,0.0,4.0588235294117645,0.0,0.0,7.823529411764706,14.823529411764707
592,0.0,0.0,0.0,0.0,0.0,0.0,0.0,1.3695652173913044,0.0,0.0,0.0,0.0,0.0,0.0,0.0,10.282608695652174,0.0,0.5217391304347826,0.0,0.0,15.5,26.282608695652176
593,0.3235294117647059,0.0,0.0,0.0,0.0,0.0,0.0,0.35294117647058826,0.0,0.0,0.0,0.0,0.0,0.0,0.0,2.3333333333333335,0.0,0.5588235294117647,0.0,0.0,14.284313725490197,23.725490196078432
594,0.7380952380952381,0.0,0.0,0.0,0.0,0.0,0.0,1.1666666666666667,0.0,0.0,15.226190476190476,0.0,0.0,0.0,0.0,36.142857142857146,0.0,3.988095238095238,0.0,0.0,25.833333333333332,46.13095238095238
595,0.34285714285714286,0.0,0.0,0.0,4.857142857142857,2.8,0.3142857142857143,0.0,0.0,0.0,0.9428571428571428,0.0,0.0,0.0,0.0,138.62857142857143,1.0857142857142856,0.0,0.0,0.0,22.514285714285716,39.114285714285714
596,0.45454545454545453,0.0,0.0,0.0,0.0,0.0,0.0,0.0,0.0,0.0,0.0,0.0,0.0,0.0,0.0,1.8383838383838385,0.0,0.6262626262626263,0.0,0.0,8.969696969696969,14.232323232323232
597,0.0,0.0,0.0,0.0,0.0,0.0,0.0,0.0,0.0,0.0,0.045454545454545456,0.0,0.0,0.0,0.0,1.9141414141414141,0.0,1.4494949494949494,0.0,0.0,11.252525252525253,19.732323232323232
598,0.0,0.0,0.0,0.0,0.0,0.0,0.0,0.0,0.0,0.0,0.0,0.0,0.0,0.0,0.0,7.461538461538462,0.0,0.0,0.0,0.0,7.6923076923076925,18.0
599,1.4318181818181819,0.0,0.0,0.9772727272727273,4.2727272727272725,0.0,1.0454545454545454,1.7272727272727273,0.0,0.4090909090909091,1.4090909090909092,0.0,0.0,0.0,3.8181818181818183,141.4090909090909,3.909090909090909,0.0,3.1363636363636362,0.0,28.727272727272727,52.27272727272727
600,0.0,0.0,0.0,0.0,3.4545454545454546,0.0,2.6363636363636362,1.7272727272727273,0.0,0.45454545454545453,0.0,0.0,0.0,0.0,1.9090909090909092,126.54545454545455,2.6363636363636362,0.0,3.1818181818181817,0.0,18.363636363636363,36.45454545454545
601,0.0,0.0,0.0,0.09803921568627451,0.0784313725490196,0.0,0.0,0.058823529411764705,0.0,0.0,0.0,0.0,0.0,0.0,0.0,5.745098039215686,0.0,7.705882352941177,0.0,0.0,9.862745098039216,16.686274509803923
602,0.0,0.0,0.0,0.0,0.0,0.0,0.0,0.10526315789473684,0.0,0.0,0.0,0.0,0.0,0.0,0.0,3.210526315789474,0.0,0.0,0.0,0.0,7.526315789473684,15.578947368421053
603,0.0,0.0,0.0,0.0,0.0,0.0,0.0,2.0,0.0,0.0,0.0,0.0,0.0,0.0,0.0,21.464285714285715,0.0,0.0,0.0,0.0,11.035714285714286,26.321428571428573
604,0.0,0.0,0.0,0.0,0.0,0.0,0.0,0.3076923076923077,0.0,0.0,0.0,0.0,0.0,0.0,0.0,2.769230769230769,0.0,5.115384615384615,0.0,0.0,5.346153846153846,8.73076923076923
605,1.5571428571428572,0.0,0.0,0.0,0.0,0.0,0.0,0.11428571428571428,0.0,0.18571428571428572,0.0,0.0,0.0,0.0,0.2857142857142857,10.057142857142857,0.0,3.6285714285714286,0.0,0.0,7.0,13.2
606,0.0,0.0,0.0,0.0,0.0,0.0,0.0,1.6310679611650485,0.0,0.0,0.0,0.0,0.0,0.0,0.0,14.58252427184466,0.0,8.21359223300971,0.4077669902912621,0.0,2.378640776699029,7.135922330097087
607,0.12,0.0,0.0,0.0,0.0,0.0,0.0,1.36,0.0,0.0,0.0,0.0,0.0,0.0,0.0,7.6,0.0,2.24,0.0,0.0,10.64,16.48
608,0.16279069767441862,0.0,0.0,0.040697674418604654,0.005813953488372093,0.0,0.0,0.4011627906976744,0.0,0.023255813953488372,0.0,0.0,0.0,0.0,0.0,2.755813953488372,0.0,1.3953488372093024,0.0,0.0,7.180232558139535,13.30232558139535
609,0.054945054945054944,0.0,0.0,0.13186813186813187,0.0,0.0,0.0,0.4835164835164835,0.0,0.0,0.0,0.0,0.0,0.0,0.0,3.857142857142857,0.0,6.2967032967032965,0.0,0.0,6.758241758241758,11.593406593406593
610,0.125,0.0,0.0,0.0,0.0,0.0,0.0,0.925,0.0,0.0,0.0,0.0,0.0,0.0,0.0,2.825,0.0,3.3,0.0,0.0,4.475,8.325
611,0.0,0.0,0.0,0.0,0.0,0.0,0.0,0.10112359550561797,0.0,0.0,0.0,0.0,0.0,0.0,0.0,6.662921348314606,0.0,1.1685393258426966,0.0,0.0,7.730337078651686,14.865168539325843
612,0.0,0.0,0.0,0.0,0.0,0.0,0.0,0.8235294117647058,0.0,0.0,0.0,0.0,0.0,0.0,0.0,6.215686274509804,0.0,0.6274509803921569,0.0,0.0,5.1568627450980395,11.019607843137255
613,0.0,0.0,0.0,0.0,0.0,0.0,0.0,1.0222222222222221,0.0,0.0,0.0,0.0,0.0,0.0,0.0,7.644444444444445,0.0,0.6888888888888889,0.0,0.0,11.688888888888888,18.488888888888887
614,0.296875,0.0,0.0,0.0,0.0,0.0,0.0,0.0,0.0,0.0,0.0,0.0,0.0,0.0,0.0,3.765625,0.0,2.09375,0.0,0.0,5.609375,9.4375
615,0.0,0.0,0.0,0.0,0.0,0.0,0.0,0.17647058823529413,0.0,0.0,0.0,0.0,0.0,0.0,0.0,2.9166666666666665,0.0,1.2647058823529411,0.0,0.0,18.63235294117647,33.78431372549019
616,0.0,0.0,0.0,2.684931506849315,16.102739726027398,0.0,0.0,0.0,0.0,0.0,68.4041095890411,0.0,0.0,0.0,0.0,3.280821917808219,0.0,2.4863013698630136,2.3493150684931505,0.0,6.445205479452055,12.60958904109589
617,0.6153846153846154,0.6923076923076923,0.0,0.0,0.0,0.0,0.0,0.0,0.0,0.0,0.0,0.0,0.0,0.0,1.6538461538461537,75.96153846153847,0.8076923076923077,0.0,0.38461538461538464,0.0,12.884615384615385,22.307692307692307
618,0.0,0.0,0.0,0.0,0.0,0.0,0.0,0.5,0.0,0.0,0.0,0.0,0.0,0.0,0.0,4.28125,0.0,0.15625,0.0,0.0,9.125,15.84375
619,0.0,0.0,0.0,0.0,0.0,0.0,0.0,0.0,0.0,0.0,0.0,0.0,0.0,0.0,0.0,2.4285714285714284,0.0,3.142857142857143,0.0,0.0,13.314285714285715,22.63809523809524
620,0.0,0.0,0.0,0.0,0.0,0.0,0.0,0.6097560975609756,0.0,0.0,0.0,0.0,0.0,0.0,0.0,7.796747967479675,0.0,3.6178861788617884,0.0,0.0,7.536585365853658,14.894308943089431
621,0.5,0.0,0.0,0.0,0.0,0.0,0.0,0.7,0.0,0.0,0.0,0.0,0.0,0.0,0.0,3.1333333333333333,0.0,3.7,0.0,0.0,3.466666666666667,7.966666666666667
622,0.0,0.0,0.0,0.06837606837606838,1.9230769230769231,0.0,0.0,0.042735042735042736,0.0,0.0,24.700854700854702,0.0,0.0,0.0,0.0,3.700854700854701,0.0,6.085470085470085,0.17094017094017094,0.0,10.341880341880342,18.846153846153847
623,0.0,0.0,0.0,0.0,0.0,0.0,0.0,0.0,0.0,0.0,0.0,0.0,0.0,0.0,0.0,2.436619718309859,0.0,0.9436619718309859,0.0,0.0,9.140845070422536,17.47887323943662
624,0.0,0.0,0.0,0.0,0.0,0.0,0.0,0.8387096774193549,0.0,0.0,0.0,0.0,0.0,0.0,0.0,9.46774193548387,0.0,3.467741935483871,0.0,0.0,8.080645161290322,16.0
625,1.3214285714285714,0.0,0.0,0.0,3.5357142857142856,0.0,0.14285714285714285,2.142857142857143,0.0,0.35714285714285715,0.0,0.0,0.0,0.0,0.42857142857142855,128.35714285714286,0.8571428571428571,2.5,10.892857142857142,0.0,23.357142857142858,36.642857142857146
626,0.28,0.0,0.0,0.0,0.0,0.0,0.0,0.0,0.0,0.0,0.0,0.0,0.0,0.0,0.0,2.96,0.0,0.58,0.0,0.0,4.26,8.18
627,0.0,0.0,0.0,0.0,0.0,0.0,0.0,0.0,0.0,0.0,0.0,0.0,0.0,0.0,0.0,5.184210526315789,0.0,0.47368421052631576,0.0,0.0,4.026315789473684,9.31578947368421
628,0.8,0.0,0.0,0.0,0.0,0.0,0.0,0.35,0.0,0.3,0.0,0.0,0.0,0.0,0.125,70.875,0.75,7.475,2.025,0.0,20.15,31.55
629,0.4557823129251701,0.0,0.0,0.0,1.1156462585034013,0.0,0.0,0.6326530612244898,0.0,0.0,0.8571428571428571,0.0,0.0,0.0,0.0,3.741496598639456,0.013605442176870748,1.7891156462585034,0.0,0.0,11.217687074829932,20.081632653061224
630,0.0,0.0,0.0,0.3220338983050847,0.6694915254237288,0.0,0.0,0.11864406779661017,0.0,0.0,0.0,0.0,0.0,0.0,0.0,4.711864406779661,0.0,2.1440677966101696,0.0,0.0,5.0508474576271185,9.983050847457626
631,0.0,0.0,0.0,0.0,0.0,0.0,0.0,0.1511627906976744,0.0,0.0,0.6976744186046512,0.0,0.0,0.0,0.0,6.1104651162790695,0.0,3.3488372093023258,0.0,0.0,7.941860465116279,14.69186046511628
632,0.0,0.0,0.0,0.0,0.0,0.0,0.0,0.0,0.0,0.0,0.0,0.0,0.0,0.0,0.0,2.130434782608696,0.0,3.260869565217391,0.0,0.0,8.282608695652174,15.369565217391305
633,0.0,0.0,0.0,0.07777777777777778,0.0,0.0,0.0,0.17777777777777778,0.0,0.0,0.0,0.0,0.0,0.0,0.0,6.222222222222222,0.0,6.988888888888889,0.0,0.0,4.488888888888889,7.888888888888889
634,0.0,0.0,0.0,0.0,0.0,0.0,1.7777777777777777,0.0,0.0,0.0,0.0,0.0,0.0,0.0,3.2222222222222223,111.44444444444444,1.4444444444444444,0.0,0.0,0.0,13.222222222222221,25.333333333333332
635,0.0,0.0,0.0,0.0,0.0,0.0,0.0,0.0,0.0,0.0,0.0,0.0,0.0,0.0,0.0,9.1875,0.0,8.9375,0.0,0.0,14.575,23.2875
636,0.0,0.0,0.0,0.0,0.0,0.0,0.0,0.0,0.0,0.0,0.0,0.0,0.0,0.0,0.0,2.4791666666666665,0.0,8.5625,0.0,0.0,2.9791666666666665,6.520833333333333
637,0.0,0.0,0.0,0.0,0.0,0.0,0.0,0.0660377358490566,0.0,0.0,0.0,0.0,0.0,0.0,0.0,1.6886792452830188,0.0,1.1886792452830188,0.0,0.0,12.81132075471698,21.89622641509434
638,0.0,0.0,0.0,0.0,0.0,0.0,0.0,0.3591549295774648,0.0,0.0,0.0,0.0,0.0,0.0,0.0,5.788732394366197,0.0,2.492957746478873,0.0,0.0,4.598591549295775,8.82394366197183
639,0.08928571428571429,1.0535714285714286,0.0,0.25,12.607142857142858,0.0,0.0,0.42857142857142855,0.0,0.0,6.410714285714286,0.0,0.0,0.0,0.0,46.660714285714285,0.10714285714285714,0.0,1.8214285714285714,0.0,19.053571428571427,34.30357142857143
640,0.0,0.0,0.0,0.0,0.0,0.0,0.0,0.2,0.0,0.0,0.0,0.0,0.0,0.0,0.0,6.218181818181818,0.0,5.793939393939394,0.0,0.0,10.72121212121212,19.527272727272727
641,0.0,0.0,0.0,0.0,0.0,0.0,0.0,0.0,0.0,0.0,0.0,0.0,0.0,0.0,0.0,4.689655172413793,0.0,1.3448275862068966,0.0,0.0,2.5172413793103448,6.172413793103448
642,0.6626506024096386,0.0,0.0,0.0,0.0,0.0,0.0,1.3012048192771084,0.0,0.0,0.0,0.0,0.0,0.0,0.0,6.614457831325301,0.0,0.6265060240963856,0.0,0.0,9.216867469879517,15.542168674698795
643,0.0,0.0,0.0,0.9657534246575342,4.02054794520548,0.0,0.8972602739726028,0.6027397260273972,0.0,0.0,10.787671232876713,0.0,0.0,0.0,0.0,6.691780821917808,0.3287671232876712,2.0753424657534247,0.0,0.0,9.013698630136986,16.472602739726028
644,0.0,0.0,0.0,0.0,0.0,0.0,0.0,0.0,0.0,0.0,0.0,0.0,0.0,0.0,0.0,5.478260869565218,0.0,7.913043478260869,0.0,0.0,3.391304347826087,5.260869565217392
645,0.0,0.0,0.0,0.9387755102040817,1.2448979591836735,0.0,1.7755102040816326,2.510204081632653,0.0,0.5306122448979592,0.0,0.0,0.0,0.0,1.8775510204081634,36.0,3.510204081632653,0.0,8.591836734693878,0.0,24.408163265306122,41.89795918367347
646,0.8064516129032258,0.25806451612903225,0.0,0.0,0.0,0.0,0.0,0.1935483870967742,0.0,0.06451612903225806,0.0,0.0,0.0,0.0,0.22580645161290322,84.93548387096774,1.096774193548387,0.0,3.3548387096774195,3.935483870967742,26.161290322580644,42.483870967741936
647,0.6607142857142857,0.0,0.0,0.5892857142857143,0.0,0.0,0.9107142857142857,0.0,0.0,0.6071428571428571,0.0,0.0,0.0,0.0,5.017857142857143,146.96428571428572,3.1607142857142856,0.0,1.4821428571428572,0.0,42.625,69.53571428571429
648,0.21428571428571427,0.0,0.0,0.0,0.0,0.0,0.0,0.0,0.0,0.0,0.0,0.0,0.0,0.0,0.0,1.9795918367346939,0.0,2.0510204081632653,0.0,0.0,15.86734693877551,27.602040816326532
649,0.1917808219178082,0.0,0.0,0.678082191780822,0.3904109589041096,0.0,0.0,0.726027397260274,0.0,0.0,1.0205479452054795,0.0,0.0,0.0,0.0,3.3219178082191783,0.0,2.212328767123288,0.0,0.0,9.287671232876713,14.904109589041095
650,0.0,0.0,0.0,0.019230769230769232,0.0,0.0,0.0,0.028846153846153848,0.0,0.0,0.0,0.0,0.0,0.0,0.0,3.6634615384615383,0.0,5.019230769230769,0.0,0.0,14.75,24.701923076923077
651,0.0,0.0,0.0,0.0,0.0,0.0,0.0,0.410958904109589,0.0,0.0,0.0,0.0,0.0,0.0,0.0,15.191780821917808,0.0,1.6712328767123288,0.0,0.0,6.287671232876712,14.0
652,0.0,0.0,0.0,0.0,0.0,0.0,0.0,0.0,0.0,0.0,0.0,0.0,0.0,0.0,0.0,12.670731707317072,0.07317073170731707,11.573170731707316,0.7073170731707317,0.0,3.4146341463414633,6.536585365853658
653,0.0,0.0,0.0,0.0,0.0,0.0,0.0,0.0,0.0,0.0,0.0,0.0,0.0,0.0,0.0,5.190476190476191,0.0,6.571428571428571,0.0,0.0,4.142857142857143,6.904761904761905
654,0.0,0.0,0.0,0.0,0.0,0.0,0.0,0.0,0.0,0.0,0.0,0.0,0.0,0.0,0.0,3.6666666666666665,0.0,1.4509803921568627,0.0,0.0,6.078431372549019,11.568627450980392
655,1.0,0.9318181818181818,0.0,0.0,0.0,0.0,0.5909090909090909,1.7045454545454546,0.0,0.3409090909090909,0.0,0.0,0.0,0.0,0.0,63.38636363636363,1.8636363636363635,0.18181818181818182,1.5227272727272727,0.5,17.15909090909091,29.636363636363637
656,0.625,0.0,0.0,0.0,0.0,0.0,0.0,3.0,0.0,0.625,0.0,0.0,0.0,0.0,0.0,32.75,0.625,2.625,7.25,0.0,14.875,23.75
657,0.0,0.0,0.0,0.0,0.0,0.0,0.0,0.6764705882352942,0.0,0.0,0.0,0.0,0.0,0.0,0.0,5.235294117647059,0.0,6.529411764705882,0.0,0.0,4.294117647058823,9.235294117647058
658,0.0,0.0,0.0,0.0,0.0,0.0,0.0,1.9166666666666667,0.0,0.0,0.0,0.0,0.0,0.0,0.0,8.666666666666666,0.0,0.9722222222222222,0.0,0.0,10.277777777777779,21.055555555555557
659,1.0,3.1842105263157894,0.0,0.39473684210526316,10.842105263157896,0.0,0.0,0.7631578947368421,0.0,0.0,3.210526315789474,0.0,0.0,0.0,0.0,120.05263157894737,0.5789473684210527,0.0,5.631578947368421,0.0,22.13157894736842,34.94736842105263
660,0.0,0.0,0.0,0.0,0.0,0.0,0.0,0.0,0.0,0.0,0.0,0.0,0.0,0.0,0.0,88.05882352941177,0.058823529411764705,0.0,2.9411764705882355,0.0,16.470588235294116,26.705882352941178
661,0.18840579710144928,0.0,0.0,0.0,0.0,0.0,0.0,0.043478260869565216,0.0,0.0,0.0,0.0,0.0,0.0,0.0,3.1159420289855073,0.0,0.8115942028985508,0.0,0.0,6.173913043478261,11.53623188405797
662,0.0,0.0,0.0,0.0,0.17073170731707318,0.0,0.0,0.0,0.0,0.0,0.0,0.0,0.0,0.0,0.0,1.7560975609756098,0.0,1.7317073170731707,0.0,0.0,5.804878048780488,9.78048780487805
663,0.0,0.0,0.0,0.0,0.0,0.0,0.0,0.014925373134328358,0.0,0.0,0.0,0.0,0.0,0.0,0.0,1.7761194029850746,0.0,0.1791044776119403,0.0,0.0,14.373134328358208,25.417910447761194
664,0.31521739130434784,0.0,0.0,0.0,0.0,0.0,0.0,0.8043478260869565,0.0,0.0,0.0,0.0,0.0,0.0,0.0,10.043478260869565,0.0,1.565217391304348,0.0,0.0,9.206521739130435,17.67391304347826
665,0.0,0.0,0.0,0.0,0.0,0.0,0.0,0.0,0.0,0.0,0.0,0.0,0.0,0.0,0.0,1.4615384615384615,0.0,5.8076923076923075,0.0,0.0,3.1153846153846154,7.615384615384615
666,0.6689655172413793,0.0,0.0,0.0,0.0,0.0,0.0,0.0,0.0,0.0,0.0,0.0,0.0,0.0,0.0,5.310344827586207,0.0,1.0689655172413792,0.0,0.0,5.503448275862069,11.579310344827586
667,0.04938271604938271,0.0,0.0,0.0,0.2962962962962963,0.0,0.0,0.0,0.0,0.0,0.2716049382716049,0.0,0.0,0.0,0.0,2.6049382716049383,0.0,1.5061728395061729,0.0,0.0,3.7037037037037037,7.234567901234568
668,0.0,0.0,0.0,0.14285714285714285,0.0,0.0,0.0,0.023809523809523808,0.0,0.0,0.0,0.0,0.0,0.0,0.0,5.666666666666667,0.0,4.642857142857143,0.0,0.0,3.5238095238095237,6.309523809523809
669,0.0,0.0,0.0,0.13333333333333333,1.0476190476190477,0.0,0.0,0.3047619047619048,0.0,0.0,1.4190476190476191,0.0,0.0,0.0,0.0,7.6,0.0,6.190476190476191,0.2761904761904762,0.0,7.561904761904762,14.285714285714286
670,0.0,0.0,0.0,0.0,0.0,0.0,0.0,1.125,0.0,0.0,7.375,0.0,0.0,0.0,0.0,16.5,0.0,9.0,0.0,0.0,4.25,8.25
671,0.0,0.0,0.0,0.0,0.39473684210526316,0.0,0.15789473684210525,1.236842105263158,0.0,0.0,0.0,0.0,0.0,0.0,0.0,6.2631578947368425,0.6578947368421053,3.1578947368421053,0.0,0.0,11.078947368421053,20.973684210526315
672,0.0,0.0,0.0,1.3571428571428572,5.419642857142857,0.0,0.0,0.24107142857142858,0.0,0.0,15.419642857142858,0.0,0.0,0.0,0.0,5.741071428571429,0.0,5.758928571428571,2.732142857142857,0.0,9.276785714285714,16.258928571428573
673,0.0,0.0,0.0,0.3783783783783784,14.054054054054054,0.0,0.08108108108108109,0.0,0.0,0.0,16.216216216216218,0.0,0.0,0.0,0.4594594594594595,101.4054054054054,0.6486486486486487,0.0,5.702702702702703,0.0,37.67567567567568,64.0
674,0.375,0.0,0.0,0.10416666666666667,0.0,0.0,0.0,1.4479166666666667,0.0,0.0,0.0,0.0,0.0,0.0,0.0,11.9375,0.0,13.6875,0.0,0.0,6.427083333333333,12.364583333333334
675,0.0,0.0,0.0,0.22764227642276422,0.024390243902439025,0.0,0.0,2.7804878048780486,0.0,0.0,0.0,0.0,0.0,0.0,0.0,4.333333333333333,0.0,2.7235772357723578,0.0,0.0,4.219512195121951,9.504065040650406
676,0.24050632911392406,0.0,0.0,0.0,0.0,0.0,0.0,1.0379746835443038,0.0,0.0,0.0,0.0,0.0,0.0,0.0,6.253164556962025,0.0,1.7721518987341771,0.0,0.0,7.10126582278481,14.151898734177216
677,2.7777777777777777,0.0,0.0,0.0,18.444444444444443,0.0,0.0,2.2222222222222223,0.0,1.0,28.555555555555557,0.0,0.0,0.0,0.0,106.11111111111111,1.0,0.0,7.222222222222222,0.0,8.555555555555555,17.333333333333332
678,0.4411764705882353,0.0,0.0,0.0,0.10294117647058823,0.0,0.0,0.0,0.0,0.0,0.38235294117647056,0.0,0.0,0.0,0.0,9.985294117647058,0.0,12.75,0.0,0.0,7.970588235294118,15.470588235294118
679,0.0,0.0,0.0,0.0,0.0,0.0,0.0,0.0,0.0,0.0,0.0,0.0,0.0,0.0,0.0,1.9393939393939394,0.0,5.03030303030303,0.0,0.0,13.636363636363637,24.757575757575758
680,0.0,0.0,0.0,0.0,0.0,0.0,0.0,0.21238938053097345,0.0,0.0,0.0,0.0,0.0,0.0,0.0,3.0973451327433628,0.0,1.6725663716814159,0.0,0.0,3.4601769911504423,7.920353982300885
681,0.0,0.0,0.0,0.20253164556962025,0.5569620253164557,0.0,0.0,0.0759493670886076,0.0,0.0,0.0,0.0,0.0,0.0,0.0,7.405063291139241,0.0,1.6708860759493671,0.0,0.0,2.7088607594936707,7.582278481012659
682,1.3611111111111112,0.3333333333333333,0.0,0.0,2.0,0.0,0.8333333333333334,0.6111111111111112,0.0,0.3333333333333333,0.0,0.0,0.0,0.0,0.0,85.52777777777777,2.8055555555555554,0.9722222222222222,4.194444444444445,2.4722222222222223,34.69444444444444,56.94444444444444
683,0.08,1.2,0.0,0.0,0.0,0.0,0.02,0.42,0.0,0.08,0.0,0.0,0.0,0.0,0.0,90.26,0.76,0.2,1.02,0.0,16.44,28.98
684,0.0,0.0,0.0,0.0,0.0,0.0,0.0,0.0,0.0,0.0,0.0,0.0,0.0,0.0,0.0,13.541666666666666,0.0,17.958333333333332,0.0,0.0,17.208333333333332,28.98611111111111
685,1.1,0.5,0.0,1.4,12.65,0.5,0.0,2.7,0.0,0.0,0.0,0.0,0.0,0.0,0.0,70.65,2.6,0.0,0.0,0.0,16.0,28.35
686,0.19230769230769232,0.0,0.0,0.0,0.0,0.0,0.0,0.8653846153846154,0.0,0.0,0.0,0.0,0.0,0.0,0.0,5.166666666666667,0.0,3.576923076923077,0.0,0.0,12.41025641025641,22.17948717948718
687,0.6590909090909091,0.0,0.0,0.0,0.0,0.0,0.0,1.3409090909090908,0.18181818181818182,0.0,0.0,0.0,0.0,0.0,0.6590909090909091,38.22727272727273,0.7045454545454546,0.0,0.0,0.0,15.681818181818182,25.568181818181817
688,0.0,0.0,0.0,0.0,0.0,0.0,0.0,0.1891891891891892,0.0,0.0,0.0,0.0,0.0,0.0,0.0,6.486486486486487,0.0,2.4054054054054053,0.0,0.0,7.486486486486487,14.432432432432432
689,0.17857142857142858,0.0,0.0,0.0,0.0,0.0,0.0,0.4675324675324675,0.0,0.0,0.0,0.0,0.0,0.0,0.0,3.1818181818181817,0.0,3.4642857142857144,0.0,0.0,9.931818181818182,17.26948051948052
690,0.3111111111111111,0.0,0.0,0.1,0.7222222222222222,0.0,0.0,0.12222222222222222,0.0,0.0,3.1333333333333333,0.0,0.0,0.0,0.0,2.1444444444444444,0.0,1.9222222222222223,0.0,0.0,4.811111111111111,9.377777777777778
691,0.0,0.0,0.0,0.0,0.0,0.0,0.0,0.0,0.0,0.0,0.0,0.0,0.0,0.0,0.0,7.538461538461538,0.0,2.2051282051282053,0.0,0.0,4.102564102564102,10.743589743589743
692,1.3793103448275863,0.0,0.034482758620689655,0.0,0.0,0.0,0.0,1.4827586206896552,0.0,1.1724137931034482,0.0,0.0,0.0,0.0,0.0,27.79310344827586,1.8620689655172413,0.0,0.7586206896551724,1.206896551724138,19.448275862068964,30.655172413793103
693,0.0,0.0,0.0,0.0,0.0,0.0,0.3684210526315789,1.0736842105263158,0.0,0.0,0.0,0.0,0.0,0.0,0.0,12.526315789473685,0.42105263157894735,4.252631578947368,0.0,0.0,12.178947368421053,19.842105263157894
694,0.0,0.0,0.0,0.0,0.0,0.0,0.0,0.19047619047619047,0.0,0.0,0.0,0.0,0.0,0.0,0.0,3.880952380952381,0.0,0.3333333333333333,0.0,0.0,6.107142857142857,13.19047619047619
695,1.4754098360655739,0.0,0.36065573770491804,1.2295081967213115,2.0327868852459017,0.0,0.26229508196721313,2.5081967213114753,2.2950819672131146,0.47540983606557374,0.0,0.0,0.0,0.0,0.32786885245901637,68.98360655737704,1.8360655737704918,0.0,2.8360655737704916,3.6721311475409837,41.0655737704918,69.65573770491804
696,0.8571428571428571,0.7142857142857143,0.0,0.0,0.0,0.0,1.0571428571428572,0.08571428571428572,0.8,0.4,0.0,0.0,0.0,0.0,0.0,63.285714285714285,1.457142857142857,6.314285714285714,3.5428571428571427,2.0,19.4,33.0
697,0.2894736842105263,0.42105263157894735,0.0,0.0,4.894736842105263,0.0,0.3157894736842105,1.0263157894736843,0.0,0.21052631578947367,9.131578947368421,0.0,0.0,0.0,0.0,167.02631578947367,1.4210526315789473,0.0,4.026315789473684,0.0,17.94736842105263,30.0
698,0.0,0.0,0.0,0.057971014492753624,0.0,0.0,0.0,0.39855072463768115,0.0,0.0,0.0,0.0,0.0,0.0,0.0,2.0144927536231885,0.0,1.1231884057971016,0.0,0.0,7.36231884057971,13.492753623188406
699,0.0,0.0,0.0,0.0,2.268292682926829,0.0,0.0,0.04878048780487805,0.0,0.0,42.353658536585364,0.0,0.0,0.0,0.0,7.597560975609756,0.0,2.073170731707317,0.0,0.0,7.560975609756097,14.975609756097562
700,0.0,2.652173913043478,0.0,0.391304347826087,10.217391304347826,0.7391304347826086,0.0,0.8260869565217391,0.0,0.0,20.782608695652176,0.0,0.0,0.0,0.0,73.43478260869566,0.391304347826087,0.0,7.086956521739131,0.0,21.652173913043477,33.21739130434783
701,0.0,0.0,0.0,0.0,0.0,0.0,0.0,0.5673076923076923,0.0,0.0,0.0,0.0,0.0,0.0,0.0,16.403846153846153,0.0,2.0,1.7115384615384615,0.0,15.192307692307692,26.721153846153847
702,1.4390243902439024,1.2682926829268293,0.0,0.4878048780487805,0.04878048780487805,1.024390243902439,0.0,0.12195121951219512,0.0,0.0,0.0,0.0,0.0,0.0,0.04878048780487805,104.09756097560975,1.024390243902439,0.0,0.0,0.0,23.609756097560975,39.4390243902439
703,0.25316455696202533,0.0,0.0,0.0,0.0,0.0,0.0,0.25316455696202533,0.0,0.0,0.0,0.0,0.0,0.0,0.0,3.5949367088607596,0.0,1.5443037974683544,0.0,0.0,5.341772151898734,8.924050632911392
704,0.9245283018867925,0.0,0.0,0.0,0.0,0.0,0.0,1.5471698113207548,0.0,0.0,4.90566037735849,0.0,0.0,0.0,0.41509433962264153,21.79245283018868,0.0,0.0,0.0,0.0,25.037735849056602,45.716981132075475
705,0.0,0.0,0.0,1.6101694915254237,10.076271186440678,0.0,0.0,0.0,0.0,0.0,71.50847457627118,0.0,0.0,3.610169491525424,0.0,3.2711864406779663,0.0,2.8135593220338984,5.38135593220339,0.0,5.97457627118644,11.847457627118644
706,1.125,0.0,0.375,0.0,2.6,0.0,0.675,2.95,0.0,0.6,1.4,0.0,0.0,0.0,0.225,45.2,2.875,0.0,2.95,1.925,24.675,39.675
707,0.0,0.0,0.0,0.0,0.0,0.0,0.0,0.0,0.0,0.0,0.0,0.0,0.0,0.0,0.0,10.567567567567568,0.0,5.783783783783784,0.0,0.0,14.162162162162161,22.91891891891892
708,0.27906976744186046,0.0,0.0,0.0,0.0,0.0,0.0,3.0697674418604652,0.0,0.0,0.0,0.0,0.0,0.0,0.0,11.581395348837209,0.0,0.9534883720930233,0.0,0.0,7.906976744186046,15.046511627906977
709,0.0,0.0,0.0,1.8211382113821137,7.439024390243903,0.0,0.0,0.0,0.0,0.0,26.1869918699187,0.0,0.0,0.0,0.0,6.682926829268292,0.0,2.983739837398374,3.3577235772357725,0.0,10.821138211382113,21.471544715447155
710,0.0,0.0,0.0,0.0,0.0,0.0,0.0,1.3626373626373627,0.0,0.0,0.0,0.0,0.0,0.0,0.0,8.571428571428571,0.0,0.8351648351648352,0.0,0.0,7.527472527472527,14.285714285714286
711,0.0,0.0,0.0,0.1111111111111111,0.125,0.0,0.0,0.0,0.0,0.0,3.111111111111111,0.0,0.0,0.0,0.0,6.611111111111111,0.0,1.1388888888888888,0.0,0.0,3.2916666666666665,7.236111111111111
712,0.0,0.0,0.0,1.576470588235294,9.176470588235293,0.0,0.0,0.0,0.0,0.0,45.07058823529412,0.0,0.0,0.0,0.0,5.564705882352941,0.0,1.2352941176470589,3.7411764705882353,0.0,5.364705882352941,12.011764705882353
713,0.0,0.0,0.0,0.0,0.0,0.0,0.0,0.0,0.0,0.0,0.0,0.0,0.0,0.0,0.0,3.9615384615384617,0.0,0.0,0.0,0.0,5.3076923076923075,11.961538461538462
714,0.14084507042253522,0.0,0.0,0.0,0.3380281690140845,0.0,0.0,0.0,0.0,0.0,5.838028169014085,0.0,0.0,0.0,0.0,4.690140845070423,0.0,0.7112676056338029,0.0,0.0,12.366197183098592,20.8943661971831
715,0.41353383458646614,0.0,0.0,0.03759398496240601,0.11278195488721804,0.0,0.0,0.0,0.0,0.0,0.22556390977443608,0.0,0.0,0.0,0.0,5.7593984962406015,0.0,6.293233082706767,0.0,0.0,14.052631578947368,23.714285714285715
716,0.0,0.0,0.0,2.467889908256881,8.752293577981652,0.0,0.0,0.0,0.0,0.0,29.770642201834864,0.0,0.0,0.0,0.0,1.3211009174311927,0.0,1.6422018348623852,4.724770642201835,0.0,10.605504587155963,19.477064220183486
717,0.5555555555555556,0.8888888888888888,0.5555555555555556,0.0,4.111111111111111,0.0,0.8333333333333334,3.3333333333333335,0.0,1.2777777777777777,0.0,0.0,0.0,0.0,0.0,57.94444444444444,2.3333333333333335,0.0,5.166666666666667,0.0,33.166666666666664,57.388888888888886
718,0.0,2.0454545454545454,0.0,0.0,0.0,0.0,0.0,0.0,0.0,0.0,0.0,0.0,0.0,0.0,0.0,84.5909090909091,0.5454545454545454,0.0,5.545454545454546,0.0,26.954545454545453,46.13636363636363
719,1.4,1.7,0.0,0.0,0.0,0.0,0.0,1.85,0.0,0.25,0.0,0.0,0.0,0.0,0.0,73.75,0.9,0.0,2.1,0.0,21.15,35.1
720,0.0,0.0,0.0,0.0,0.0,0.0,0.0,0.5714285714285714,0.0,0.0,1.542857142857143,0.0,0.0,0.0,0.0,8.523809523809524,0.0,0.9809523809523809,0.0,0.0,13.942857142857143,26.038095238095238
721,0.0,0.0,0.0,0.0,0.0,0.0,0.0,0.09565217391304348,0.0,0.0,0.0,0.0,0.0,0.0,0.0,4.930434782608696,0.0,0.26956521739130435,0.0,0.0,13.756521739130434,27.452173913043477
722,1.9666666666666666,0.0,0.0,0.0,2.6333333333333333,0.0,0.3333333333333333,1.0666666666666667,0.0,0.13333333333333333,0.0,0.0,0.0,0.0,1.9333333333333333,67.63333333333334,2.033333333333333,0.0,0.4,3.5,26.366666666666667,37.3
723,0.0,0.0,0.0,0.025,0.29375,0.0,0.0,0.00625,0.0,0.0,1.50625,0.0,0.0,0.0,0.0,3.08125,0.0,2.13125,0.0,0.0,9.68125,17.425
724,0.0,0.0,0.0,0.0,0.0,0.0,0.0,0.0,0.0,0.0,2.2444444444444445,0.0,0.0,0.0,0.0,15.044444444444444,0.0,0.0,0.0,0.0,10.422222222222222,19.955555555555556
725,0.041666666666666664,0.0,0.0,0.4083333333333333,1.3083333333333333,0.0,0.0,0.15833333333333333,0.0,0.0,2.683333333333333,0.0,0.0,0.0,0.0,2.6416666666666666,0.0,4.608333333333333,0.0,0.0,11.308333333333334,21.275
726,0.0,0.0,0.0,0.0,0.0,0.0,0.0,0.0,0.0,0.0,3.52,0.0,0.0,0.0,0.0,37.2,0.0,2.32,13.8,0.0,19.36,34.28
727,0.11023622047244094,0.0,0.0,0.0,0.14173228346456693,0.0,0.0,0.5039370078740157,0.0,0.0,0.2677165354330709,0.0,0.0,0.0,0.0,6.251968503937008,0.0,3.377952755905512,0.0,0.0,11.535433070866143,20.015748031496063
728,0.20430107526881722,0.0,0.0,0.0,0.0,0.0,0.0,0.8494623655913979,0.0,0.0,0.0,0.0,0.0,0.0,0.0,1.881720430107527,0.0,1.2795698924731183,0.0,0.0,12.451612903225806,21.096774193548388
729,0.1256544502617801,0.0,0.0,0.5287958115183246,1.0994764397905759,0.0,0.0,0.3298429319371728,0.0,0.0,0.806282722513089,0.0,0.0,0.0,0.0,5.832460732984293,0.0,3.256544502617801,0.0,0.0,11.87434554973822,19.6282722513089
730,0.0,0.0,0.0,0.0,0.0,0.0,0.0,0.45454545454545453,0.0,0.0,0.0,0.0,0.0,0.0,0.0,2.4545454545454546,0.0,0.0,0.0,0.0,6.545454545454546,12.090909090909092
731,0.0,0.0,0.0,0.0,0.0,0.0,0.0,0.0,0.0,0.0,2.717391304347826,0.0,0.0,0.0,0.0,1.5434782608695652,0.0,0.10869565217391304,0.0,0.0,4.391304347826087,8.152173913043478
732,1.5909090909090908,0.0,0.11363636363636363,0.4318181818181818,0.5227272727272727,0.0,0.75,1.5454545454545454,13.0,0.3409090909090909,0.0,0.0,0.0,0.0,0.0,71.25,1.4318181818181819,10.522727272727273,0.0,4.454545454545454,31.954545454545453,53.84090909090909
733,0.7678571428571429,0.75,0.0,0.0,0.07142857142857142,0.0,0.10714285714285714,1.4107142857142858,0.0,0.19642857142857142,0.0,0.0,0.0,0.0,0.9285714285714286,110.32142857142857,1.0535714285714286,0.0,3.107142857142857,0.0,33.089285714285715,55.339285714285715
734,0.0625,0.0,0.0,1.0729166666666667,0.9895833333333334,0.0,0.0,0.0,0.0,0.0,2.7604166666666665,0.0,0.0,0.0,0.0,1.8645833333333333,0.0,1.71875,0.0,0.0,2.9270833333333335,6.395833333333333
735,0.0,0.0,0.0,0.2804232804232804,0.06878306878306878,0.0,0.0,0.005291005291005291,0.0,0.0,0.13756613756613756,0.0,0.0,0.0,0.0,2.857142857142857,0.0,2.0,0.031746031746031744,0.0,9.216931216931217,17.95767195767196
736,0.0,0.0,0.0,0.0,0.0,0.0,0.0,0.37894736842105264,0.0,0.0,0.0,0.0,0.0,0.0,0.0,7.252631578947368,0.0,0.7052631578947368,0.0,0.0,8.452631578947368,14.810526315789474
737,0.14925373134328357,0.0,0.0,0.0,0.0,0.0,0.0,1.3134328358208955,0.0,0.0,7.507462686567164,0.0,0.0,0.0,0.5074626865671642,38.46268656716418,0.0,0.0,0.0,0.0,28.507462686567163,50.32835820895522
738,0.5588235294117647,0.5882352941176471,0.4117647058823529,0.0,3.5588235294117645,0.0,1.0294117647058822,4.088235294117647,0.0,0.6764705882352942,0.0,0.0,0.0,0.0,0.0,70.55882352941177,2.9705882352941178,0.0,1.3235294117647058,0.0,28.794117647058822,49.411764705882355
739,0.0,0.0,0.0,0.292817679558011,0.027624309392265192,0.0,0.0,0.2154696132596685,0.0,0.0,0.0,0.0,0.0,0.0,0.0,2.9171270718232045,0.0,2.574585635359116,0.0,0.0,10.480662983425415,19.34254143646409
740,0.0,0.0,0.0,0.0,0.0,0.0,0.0,1.0240963855421688,0.0,0.0,0.0,0.0,0.0,0.0,0.0,6.9397590361445785,0.0,5.337349397590361,0.0,0.0,4.903614457831325,8.939759036144578
741,0.0,0.0,0.0,0.0,0.0,0.0,0.0,0.0,0.0,0.0,0.0,0.0,0.0,0.0,0.0,1.85,0.0,0.8666666666666667,0.0,0.0,13.766666666666667,24.883333333333333
742,0.3068181818181818,0.0,0.0,0.0,1.0681818181818181,0.0,0.0,0.8295454545454546,0.0,0.0,6.1022727272727275,0.0,0.0,0.0,0.0,9.954545454545455,0.0,2.2386363636363638,0.0,0.0,8.886363636363637,17.295454545454547
743,0.0,0.0,0.0,0.6833333333333333,23.616666666666667,0.0,0.0,0.0,0.0,0.0,176.21666666666667,0.0,0.0,0.0,0.0,2.1166666666666667,0.0,3.55,2.55,0.0,1.4333333333333333,5.633333333333334
744,0.0,0.0,0.19230769230769232,0.0,0.0,0.0,0.19230769230769232,0.6153846153846154,7.8076923076923075,0.0,0.0,0.0,0.0,0.0,0.5,43.46153846153846,0.6923076923076923,0.0,1.6538461538461537,0.0,13.961538461538462,24.192307692307693
745,0.0,0.0,0.0,0.0,0.0,0.0,0.0,0.8095238095238095,0.0,0.0,4.9523809523809526,0.0,0.0,0.0,0.0,13.833333333333334,0.0,0.0,0.0,0.0,17.952380952380953,32.904761904761905
746,0.4722222222222222,0.027777777777777776,0.0,0.0,6.0,0.0,0.5555555555555556,0.3333333333333333,0.0,0.6666666666666666,0.0,0.0,0.0,0.0,3.5555555555555554,75.05555555555556,3.5,0.0,0.4444444444444444,2.388888888888889,25.944444444444443,46.72222222222222
747,0.875,0.0,0.46875,0.0,0.0,0.0,0.59375,0.0,0.625,0.0,0.0,0.0,0.0,0.0,4.40625,61.0625,4.09375,0.8125,0.0,1.5,29.40625,44.90625
748,0.0,0.0,0.0,0.0,0.15,0.0,0.0,0.0,0.0,0.0,1.8428571428571427,0.0,0.0,0.0,0.0,4.3,0.0,1.7857142857142858,0.0,0.0,17.235714285714284,29.67142857142857
749,0.0,0.0,0.0,2.0555555555555554,13.11111111111111,0.0,0.0,0.4666666666666667,0.0,0.0,22.544444444444444,0.0,0.0,0.0,0.0,2.311111111111111,0.0,5.2,0.0,0.0,8.677777777777777,15.688888888888888
750,0.18115942028985507,0.0,0.0,0.0,0.0,0.0,0.0,0.8478260869565217,0.0,0.0,0.0,0.0,0.0,0.0,0.07246376811594203,1.2753623188405796,0.0,0.572463768115942,0.0,0.0,10.695652173913043,19.536231884057973
751,0.0,0.0,0.0,0.0,0.0,0.0,0.0,0.8695652173913043,0.0,0.0,0.0,0.0,0.0,0.0,0.0,5.086956521739131,0.0,0.0,0.0,0.0,8.73913043478261,15.869565217391305
752,0.0,0.0,0.0,0.0,0.0,0.0,0.0,0.2857142857142857,0.0,0.0,0.0,0.0,0.0,0.0,0.0,6.5,0.0,0.2,0.0,0.0,8.871428571428572,16.47142857142857
753,0.5324675324675324,0.0,0.0,0.0,0.05194805194805195,0.0,0.0,0.0,0.0,0.0,2.9545454545454546,0.0,0.0,0.0,0.0,2.824675324675325,0.0,3.8376623376623376,0.0,0.0,10.753246753246753,19.227272727272727
754,0.0,0.0,0.0,0.0,0.0,0.0,0.0,0.0,0.0,0.0,0.0,0.0,0.0,0.0,0.0,18.647058823529413,0.0,0.0,0.0,0.0,13.941176470588236,34.470588235294116
755,1.4,1.4,0.0,0.0,0.0,0.0,0.0,0.06666666666666667,0.0,0.23333333333333334,0.0,0.0,0.0,0.0,0.6666666666666666,90.36666666666666,0.9666666666666667,0.0,3.0,0.6333333333333333,33.3,56.86666666666667
756,0.0,0.0,0.10714285714285714,0.0,0.0,0.0,0.5357142857142857,0.0,0.5,0.0,0.0,0.0,0.0,0.0,1.1785714285714286,112.39285714285714,0.8571428571428571,1.5357142857142858,0.0,0.7142857142857143,27.821428571428573,49.535714285714285
757,0.36764705882352944,0.9264705882352942,0.0,0.6617647058823529,1.911764705882353,0.0,0.27941176470588236,1.3529411764705883,0.0,0.3235294117647059,0.0,0.0,0.0,0.0,0.3088235294117647,111.07352941176471,1.9705882352941178,0.0,0.0,0.0,35.044117647058826,56.470588235294116
758,0.0,0.0,0.0,0.0,0.0,0.0,0.0,0.0,0.0,0.0,0.0,0.0,0.0,0.0,0.0,9.161290322580646,0.0,0.4838709677419355,0.0,0.0,6.806451612903226,15.096774193548388
759,0.0,0.0,0.0,0.9405940594059405,8.366336633663366,0.0,0.0,0.09900990099009901,0.0,0.0,17.702970297029704,0.0,0.0,0.0,0.0,4.158415841584159,0.0,5.108910891089109,0.0,0.0,13.732673267326733,26.564356435643564
760,0.0,0.0,0.0,0.0,0.0,0.0,0.0,0.0,0.0,0.0,0.0,0.0,0.0,0.0,0.0,6.0,0.0,0.0,0.0,0.0,4.8125,9.5
761,0.0,0.0,0.0,0.7083333333333334,0.0,0.0,0.0,0.0,0.4583333333333333,0.0,0.0,0.0,0.0,0.0,0.5208333333333334,65.1875,0.7708333333333334,0.0,0.0,0.0,25.479166666666668,44.25
762,0.0,0.0,0.0,0.0,0.0,0.0,0.0,0.0,0.0,0.0,0.0,0.0,0.0,0.0,0.0,65.5,0.0,0.0,0.0,0.0,15.0,24.25
763,0.16666666666666666,0.0,0.0,0.0,0.0,0.0,0.0,0.5483870967741935,0.010752688172043012,0.0,0.3655913978494624,0.0,0.0,0.0,0.0,12.741935483870968,0.0,3.9946236559139785,0.0,0.0,14.973118279569892,25.940860215053764
764,0.0,0.0,0.0,0.0,0.0,0.0,0.0,0.17370892018779344,0.0,0.0,0.0,0.0,0.0,0.0,0.0,1.8779342723004695,0.0,1.4225352112676057,0.0,0.0,10.103286384976526,17.328638497652584
765,0.36363636363636365,0.0,0.0,0.0,0.0,0.0,0.0,0.0,0.0,0.0,0.0,0.0,0.0,0.0,0.4318181818181818,9.295454545454545,0.0,0.6136363636363636,0.0,0.0,13.909090909090908,27.386363636363637
766,0.0,0.0,0.0,0.0,0.0,0.0,0.0,0.11504424778761062,0.0,0.0,0.0,0.0,0.0,0.0,0.0,2.230088495575221,0.0,4.035398230088496,0.0,0.0,13.36283185840708,22.831858407079647
767,0.0,0.0,0.0,0.21551724137931033,15.810344827586206,0.0,0.0,0.0,0.0,0.0,109.20689655172414,0.0,0.0,0.0,0.0,0.3879310344827586,0.0,1.3620689655172413,0.07758620689655173,0.0,5.775862068965517,11.879310344827585
768,0.0,0.0,0.0,0.0,0.0,0.0,0.0,2.1538461538461537,0.0,0.0,0.0,0.0,0.0,0.0,0.0,5.923076923076923,0.0,0.0,0.0,0.0,5.346153846153846,11.653846153846153
769,0.0,0.0,0.0,0.0,0.0,0.0,0.0,0.10434782608695652,0.0,0.0,0.0,0.0,0.0,0.0,0.0,4.730434782608696,0.0,1.9391304347826086,0.0,0.0,6.6347826086956525,12.495652173913044
770,0.0,0.0,0.0,1.8235294117647058,22.725490196078432,0.0,0.0,0.27450980392156865,0.0,0.0,38.23529411764706,0.0,0.0,0.0,0.0,0.5294117647058824,0.0,2.2745098039215685,0.0,0.0,10.901960784313726,23.647058823529413
771,0.0,0.0,0.0,0.0,0.0,0.0,0.0,0.28125,0.0,0.0,0.78125,0.0,0.0,0.0,0.0,9.84375,0.0,0.75,0.0,0.0,5.8125,10.296875
772,0.0,0.0,0.0,2.7567567567567566,18.216216216216218,0.0,0.0,0.0,0.0,0.0,100.27027027027027,0.0,0.0,0.0,0.0,3.6486486486486487,0.0,3.918918918918919,0.0,0.0,7.486486486486487,14.297297297297296
773,0.0,0.0,0.0,0.0,0.16666666666666666,0.0,0.0,0.0,0.0,0.0,0.9166666666666666,0.0,0.0,0.0,0.0,0.7708333333333334,0.0,0.6875,0.0,0.0,3.1875,4.791666666666667
774,0.0,0.0,0.0,0.0,0.0,0.0,0.0,0.140625,0.0,0.0,0.0,0.0,0.0,0.0,0.0,1.9453125,0.0,0.828125,0.0,0.0,14.8046875,25.0
775,0.13274336283185842,0.0,0.0,0.0,0.0,0.0,0.0,0.0,0.0,0.0,0.0,0.0,0.0,0.0,0.0,6.292035398230088,0.0,2.309734513274336,0.0,0.0,13.929203539823009,26.088495575221238
776,2.1153846153846154,0.9615384615384616,0.0,0.0,0.0,0.0,1.1538461538461537,0.07692307692307693,0.0,0.34615384615384615,0.0,0.0,0.0,0.0,0.15384615384615385,111.53846153846153,0.9615384615384616,0.0,0.0,1.9230769230769231,28.692307692307693,48.80769230769231
777,1.121212121212121,0.0,0.45454545454545453,0.0,3.242424242424242,0.0,1.4545454545454546,3.8181818181818183,0.06060606060606061,0.8181818181818182,0.0,0.0,0.0,0.0,0.0,65.66666666666667,4.696969696969697,0.18181818181818182,0.0,4.151515151515151,39.666666666666664,71.48484848484848
778,0.0,0.0,0.0,0.0,0.0,0.0,0.0,1.0,0.0,0.0,0.0,0.0,0.0,0.0,0.0,7.372881355932203,0.0,1.2203389830508475,0.0,0.0,4.101694915254237,9.338983050847459
779,0.0,0.0,0.0,0.0,0.0,0.0,0.0,0.2,0.0,0.0,0.0,0.0,0.0,0.0,0.0,2.9,0.0,0.0,0.0,0.0,7.05,11.15
780,0.88,0.52,0.0,0.0,0.0,0.0,0.72,1.48,0.0,0.68,0.0,0.0,0.0,0.0,0.0,98.56,2.16,0.0,0.0,0.4,28.2,51.04
781,0.0,0.0,0.0,2.272727272727273,1.4545454545454546,0.0,1.5454545454545454,5.2727272727272725,0.0,1.0909090909090908,0.0,0.0,0.0,0.0,0.0,37.0,3.5454545454545454,0.0,0.0,0.0,10.363636363636363,19.818181818181817
782,0.0,0.0,0.0,0.0,10.333333333333334,0.0,1.0740740740740742,0.14814814814814814,0.8888888888888888,0.0,0.0,0.0,0.0,0.0,4.185185185185185,54.666666666666664,1.5185185185185186,0.0,0.0,0.0,20.25925925925926,35.074074074074076
783,0.7083333333333334,0.0,0.0,0.0,0.0,0.0,0.0,0.0,0.0,0.0,1.2916666666666667,0.0,0.0,0.0,0.0,3.875,0.0,0.7083333333333334,0.0,0.0,4.708333333333333,6.75
784,0.0,0.0,0.0,0.625,5.916666666666667,0.0,0.0,0.0,0.0,0.0,5.458333333333333,0.0,0.0,0.0,0.0,10.541666666666666,0.0,2.625,0.0,0.0,1.625,4.75
785,0.21052631578947367,0.0,0.0,0.0,0.0,0.0,0.0,0.7236842105263158,0.0,0.0,0.0,0.0,0.0,0.0,0.0,2.75,0.0,0.0,0.0,0.0,7.184210526315789,11.776315789473685
786,0.0,0.0,0.0,0.0,0.0,0.0,0.0,0.6888888888888889,0.0,0.0,7.088888888888889,0.0,0.0,0.0,0.0,18.044444444444444,0.0,0.0,0.0,0.0,13.933333333333334,27.0
787,0.0,0.0,0.0,0.0,0.0,0.0,0.0,0.38461538461538464,0.0,0.0,0.0,0.0,0.0,0.0,0.0,2.6923076923076925,0.0,1.4307692307692308,0.0,0.0,5.276923076923077,10.36923076923077
788,1.1904761904761905,0.0,0.23809523809523808,0.0,0.0,0.0,0.9523809523809523,0.6666666666666666,0.7142857142857143,0.42857142857142855,0.0,0.0,0.0,0.0,4.9523809523809526,51.23809523809524,4.285714285714286,0.5238095238095238,0.0,0.9523809523809523,26.666666666666668,40.61904761904762
789,0.13636363636363635,0.0,0.0,0.0,0.0,0.0,0.6818181818181818,2.727272727272727,0.0,0.0,0.0,0.0,0.0,0.0,0.6818181818181818,50.40909090909091,2.0454545454545454,0.0,0.0,0.0,24.363636363636363,37.59090909090909
790,0.0,0.0,0.0,0.0,0.0,0.0,0.0,0.02,0.0,0.0,0.0,0.0,0.0,0.0,0.0,2.98,0.0,2.82,0.0,0.0,3.98,7.96
791,0.2875,0.0,0.0,0.1,0.0,0.0,0.0,0.5375,0.0,0.0,0.0,0.0,0.0,0.0,0.0,6.9,0.0,9.3125,0.0,0.0,19.4,36.0
792,0.0,0.0,0.0,0.0,0.0,0.0,0.0,1.2432432432432432,0.0,0.0,0.0,0.0,0.0,0.0,0.0,11.72972972972973,0.0,1.1486486486486487,0.0,0.0,9.405405405405405,20.68918918918919
793,0.0,0.0,0.0,3.358974358974359,14.012820512820513,0.0,0.0,0.15384615384615385,0.0,0.0,56.11538461538461,0.0,0.0,0.0,0.0,0.9743589743589743,0.0,3.0,0.0,0.0,9.333333333333334,17.91025641025641
794,0.5757575757575758,0.0,0.0,0.0,0.0,0.0,0.0,0.12121212121212122,0.0,0.0,0.045454545454545456,0.0,0.0,0.0,0.0,3.8333333333333335,0.0,2.742424242424242,0.0,0.0,12.56060606060606,20.939393939393938
795,1.3392857142857142,0.44642857142857145,0.0,1.0714285714285714,2.6785714285714284,0.0,0.7142857142857143,1.0178571428571428,0.0,0.5535714285714286,0.0,0.0,0.0,0.0,0.875,76.08928571428571,1.6071428571428572,0.0,1.9821428571428572,2.767857142857143,26.517857142857142,43.25
796,1.4375,0.1875,0.0,0.3125,1.125,0.0,1.0625,0.03125,0.0,0.6875,0.0,0.0,0.0,0.0,7.90625,149.625,4.375,0.0,0.0,0.0,44.0625,71.8125
797,0.0,0.0,0.0,0.0,0.0,0.0,0.0,0.2857142857142857,0.0,0.0,0.0,0.0,0.0,0.0,0.02040816326530612,4.122448979591836,0.0,2.2653061224489797,0.0,0.0,5.673469387755102,11.408163265306122
798,0.0,0.0,0.0,0.0,0.18478260869565216,0.0,0.0,0.4891304347826087,0.0,0.0,0.0,0.0,0.0,0.0,0.0,5.021739130434782,0.0,3.6630434782608696,0.0,0.0,6.739130434782608,13.347826086956522
799,0.41935483870967744,0.0,0.0967741935483871,0.6774193548387096,0.0967741935483871,0.0,1.2903225806451613,2.870967741935484,0.0,0.6129032258064516,0.0,0.0,0.0,0.0,0.0,100.29032258064517,4.354838709677419,0.0,0.0,1.7419354838709677,41.096774193548384,71.80645161290323
800,0.46511627906976744,0.0,0.0,0.0,0.0,0.0,0.0,0.0,0.0,0.0,0.0,0.0,0.0,0.0,0.0,4.7984496124031,0.0,2.62015503875969,0.0,0.0,5.604651162790698,11.170542635658915
801,0.4016393442622951,0.0,0.0,0.0,1.0245901639344261,0.0,0.0,0.45901639344262296,0.0,0.0,5.860655737704918,0.0,0.0,0.0,0.0,3.081967213114754,0.0,0.9180327868852459,0.0,0.0,10.950819672131148,19.84426229508197
802,0.07920792079207921,0.0,0.0,2.00990099009901,8.950495049504951,0.0,0.38613861386138615,0.8811881188118812,0.0,0.0,3.1881188118811883,0.0,0.0,0.0,0.0,8.910891089108912,0.504950495049505,4.920792079207921,0.0,0.0,8.247524752475247,16.722772277227723
803,0.0,0.0,0.0,0.0,2.74468085106383,0.0,0.0,0.5212765957446809,0.0,0.0,91.72340425531915,0.0,0.0,0.0,0.0,4.414893617021277,0.0,3.8617021276595747,0.0,0.0,9.52127659574468,19.819148936170212
804,0.0,0.0,0.0,0.0,0.0,0.0,0.0,2.3684210526315788,0.0,0.0,0.0,0.0,0.0,0.0,0.0,7.7368421052631575,0.0,1.368421052631579,0.0,0.0,9.263157894736842,15.526315789473685
805,0.0,0.0,0.0,0.0,0.0,0.0,0.0,1.6842105263157894,0.0,0.0,0.0,0.0,0.0,0.0,0.0,8.157894736842104,0.0,0.7894736842105263,0.0,0.0,6.526315789473684,13.947368421052632
806,0.0,0.0,0.0,0.0,0.7034482758620689,0.0,0.0,0.06896551724137931,0.0,0.0,6.0137931034482754,0.0,0.0,0.0,0.0,5.744827586206896,0.0,1.910344827586207,0.0,0.0,11.524137931034483,21.862068965517242
807,0.0,0.0,0.0,0.0,0.0,0.0,0.0,0.0,0.0,0.0,0.0,0.0,0.0,0.0,0.0,2.75,0.0,0.75,0.0,0.0,1.5,6.25
808,0.0,0.0,0.0,0.0,0.0,0.0,0.0,0.7386363636363636,0.0,0.0,0.0,0.0,0.0,0.0,0.0,4.261363636363637,0.0,0.7272727272727273,0.0,0.0,4.755681818181818,9.75
809,0.0,0.0,0.0,0.0,0.0,0.0,0.0,1.7227722772277227,0.0,0.0,0.0,0.0,0.0,0.0,0.0,7.0,0.0,0.9504950495049505,0.0,0.0,14.138613861386139,25.673267326732674
810,0.0,0.0,0.0,0.0,0.0,0.0,0.0,1.736842105263158,0.0,0.0,0.0,0.0,0.0,0.0,0.0,1.5789473684210527,0.0,0.0,0.0,0.0,9.157894736842104,17.05263157894737
811,2.0869565217391304,0.0,0.0,0.0,0.0,0.0,0.0,0.391304347826087,0.0,0.30434782608695654,0.0,0.0,0.0,0.0,0.2608695652173913,82.47826086956522,0.5652173913043478,0.0,0.0,0.43478260869565216,33.34782608695652,54.52173913043478
812,0.0,0.0,0.0,1.4957264957264957,8.948717948717949,0.0,0.0,0.0,0.0,0.0,28.495726495726494,0.0,0.0,0.0,0.0,1.3247863247863247,0.0,0.3076923076923077,0.9145299145299145,0.0,9.495726495726496,17.863247863247864
813,0.0,0.0,0.0,0.0,0.0,0.0,0.0,0.9,0.0,0.0,0.0,0.0,0.0,0.0,0.0,6.25,0.0,0.8625,0.0,0.0,16.45,27.5125
814,0.0,0.0,0.0,0.0,0.0,0.0,0.0,0.6326530612244898,0.0,0.0,0.0,0.0,0.0,0.0,0.0,6.795918367346939,0.0,0.20408163265306123,0.0,0.0,6.142857142857143,12.122448979591837
815,0.0,0.6666666666666666,0.0,0.6666666666666666,1.9166666666666667,2.4166666666666665,0.4166666666666667,0.3333333333333333,0.0,0.0,0.0,0.0,0.0,0.0,1.1666666666666667,84.58333333333333,0.75,0.0,0.0,0.0,6.666666666666667,13.416666666666666
816,0.0,0.0,0.0,0.0,16.5,0.0,0.0,0.0,0.0,0.0,36.214285714285715,0.0,0.0,0.0,0.0,157.64285714285714,0.0,0.0,0.0,0.0,16.0,27.071428571428573
817,0.40437158469945356,0.0,0.0,0.0,0.5901639344262295,0.0,0.0,0.5245901639344263,0.0,0.0,3.5136612021857925,0.0,0.0,0.0,0.0,12.316939890710383,0.0,3.890710382513661,0.0,0.0,11.032786885245901,20.459016393442624
818,0.0,0.0,0.0,0.0,0.0,0.0,0.0,0.0,0.0,0.0,0.0,0.0,0.0,0.0,0.0,1.3333333333333333,0.0,0.0,0.0,0.0,2.5555555555555554,4.333333333333333
819,0.0,0.0,0.0,0.07272727272727272,0.05454545454545454,0.0,0.0,0.6363636363636364,0.0,0.0,0.0,0.0,0.0,0.0,0.0,8.690909090909091,0.0,1.2,0.0,0.0,7.127272727272727,12.4
820,0.0,0.0,0.0,1.6,0.0,0.0,0.36,0.66,0.0,0.0,0.0,0.0,0.0,0.0,1.22,6.33,0.45,2.42,0.0,0.0,6.11,12.49
821,0.0,0.0,0.0,0.22641509433962265,1.4276729559748427,0.0,0.018867924528301886,0.20125786163522014,0.0,0.0,0.6666666666666666,0.0,0.0,0.0,0.006289308176100629,3.188679245283019,0.0,1.7547169811320755,0.0,0.0,6.591194968553459,11.943396226415095
822,0.0,0.0,0.0,0.0,0.20689655172413793,0.0,0.0,0.14942528735632185,0.0,0.0,1.3103448275862069,0.0,0.0,0.0,0.0,4.494252873563219,0.0,3.9885057471264367,0.0,0.0,16.60919540229885,29.413793103448278
823,0.0,0.0,0.0,0.02702702702702703,1.09009009009009,0.0,0.0,0.3963963963963964,0.0,0.0,2.6486486486486487,0.0,0.0,0.0,0.0,8.414414414414415,0.0,3.5405405405405403,0.0,0.0,4.72972972972973,9.594594594594595
824,0.8076923076923077,0.0,0.0,0.0,0.0,0.0,0.0,1.1153846153846154,0.0,0.0,0.0,0.0,0.0,0.0,0.0,5.038461538461538,0.0,0.5,0.0,0.0,5.615384615384615,10.961538461538462
825,0.0,0.0,0.3235294117647059,0.0,0.0,0.0,1.3529411764705883,0.29411764705882354,0.0,0.38235294117647056,0.0,0.0,0.0,0.0,2.323529411764706,81.44117647058823,3.411764705882353,0.0,0.6176470588235294,0.0,27.91176470588235,48.64705882352941
826,0.0,0.0,0.0,0.0,0.0,6.909090909090909,0.13636363636363635,0.0,0.0,0.0,0.0,0.0,0.0,0.0,0.0,52.86363636363637,0.13636363636363635,0.0,0.0,0.0,19.818181818181817,33.18181818181818
827,0.49693251533742333,0.0,0.0,0.0,0.0,0.0,0.0,0.3803680981595092,0.0,0.0,0.6012269938650306,0.0,0.0,0.0,0.0,4.288343558282208,0.0,3.3374233128834354,0.0,0.0,17.503067484662576,29.950920245398773
828,0.0,0.0,0.0,0.0,0.0,0.0,0.0,0.0,0.0,0.0,0.0,0.0,0.0,0.0,0.0,3.4074074074074074,0.0,5.7407407407407405,0.0,0.0,1.8518518518518519,5.37037037037037
829,0.0,0.0,0.0,0.0,0.3888888888888889,0.0,0.0,0.25925925925925924,0.0,0.0,2.3518518518518516,0.0,0.0,0.0,0.0,3.1666666666666665,0.0,1.9074074074074074,0.0,0.0,3.1666666666666665,6.962962962962963
830,0.0,0.0,0.0,0.0,0.0,0.0,0.0,2.1333333333333333,0.0,0.0,1.35,0.0,0.0,0.0,0.0,5.2,0.0,0.7,0.0,0.0,8.1,14.183333333333334
831,0.8378378378378378,1.2432432432432432,0.0,0.0,0.0,0.0,0.0,0.0,0.0,0.0,0.0,0.0,0.0,0.0,0.0,96.91891891891892,0.5675675675675675,0.0,0.0,0.0,28.16216216216216,49.67567567567568
832,0.3181818181818182,0.0,0.0,0.0,0.0,0.0,0.0,0.06818181818181818,0.2159090909090909,0.0,0.0,0.0,0.0,0.0,0.0,17.386363636363637,0.0,10.693181818181818,0.0,0.0,17.045454545454547,30.261363636363637
833,0.0,0.0,0.0,1.5555555555555556,16.962962962962962,0.0,0.0,0.0,0.0,0.0,43.03703703703704,0.0,0.0,0.0,0.0,3.4444444444444446,0.0,0.7777777777777778,2.4814814814814814,0.0,1.0740740740740742,4.37037037037037
834,0.1111111111111111,0.0,0.0,0.49572649572649574,0.49572649572649574,0.0,0.5897435897435898,0.48717948717948717,0.0,0.0,0.0,0.0,0.0,0.0,2.905982905982906,11.487179487179487,1.3247863247863247,4.05982905982906,0.7008547008547008,0.0,14.512820512820513,25.581196581196583
835,0.08571428571428572,0.0,0.0,0.0,0.0,0.0,0.0,0.4857142857142857,0.0,0.0,0.0,0.0,0.0,0.0,0.0,3.3142857142857145,0.0,1.6428571428571428,0.0,0.0,16.12857142857143,29.12857142857143
836,0.0,0.0,0.0,0.0,0.0,0.0,0.0,0.0,0.0,0.0,0.0,0.0,0.0,0.0,0.0,1.125,0.0,3.125,0.0,0.0,3.5,8.0
837,0.0,0.0,0.0,0.0,0.0,0.0,0.0,0.0,1.4736842105263157,0.0,0.0,0.0,0.0,0.0,0.0,19.18421052631579,0.0,2.0,0.0,0.0,22.07894736842105,38.86842105263158
838,0.06504065040650407,0.0,0.0,0.0,0.0,0.0,0.0,0.0,0.0,0.0,0.0,0.0,0.0,0.0,0.0,4.1138211382113825,0.0,3.7560975609756095,0.0,0.0,10.138211382113822,17.30081300813008
839,0.0,0.0,0.0,0.015957446808510637,0.031914893617021274,0.0,0.0,1.324468085106383,0.0,0.0,0.0,0.0,0.0,0.0,0.0,5.3936170212765955,0.0,1.0904255319148937,0.026595744680851064,0.0,9.446808510638299,16.55851063829787
840,0.0,0.0,0.0,0.0,0.0,0.0,0.0,0.8421052631578947,0.0,0.0,0.0,0.0,0.0,0.0,0.0,3.1052631578947367,0.0,2.6578947368421053,0.0,0.0,6.7105263157894735,13.078947368421053
841,0.0,0.0,0.0,0.5373134328358209,0.3283582089552239,0.0,0.0,0.7761194029850746,0.0,0.0,1.8507462686567164,0.0,0.0,0.0,0.0,5.582089552238806,0.0,8.17910447761194,0.0,0.0,13.746268656716419,24.432835820895523
842,0.0,0.0,0.0,0.0,0.0,0.0,0.0847457627118644,0.0,0.0,0.0,0.0,0.0,0.6779661016949152,0.0,0.0,42.6271186440678,0.1864406779661017,0.711864406779661,0.0,0.0,23.88135593220339,39.847457627118644
843,0.05504587155963303,0.0,0.0,1.8990825688073394,7.6880733944954125,0.0,0.0,0.10091743119266056,0.0,0.0,11.541284403669724,0.0,0.0,0.0,0.0,5.825688073394495,0.0,5.5963302752293576,0.0,0.0,8.311926605504587,15.20183486238532
844,0.10891089108910891,0.0,0.0,0.0,0.0,0.0,0.0,0.18811881188118812,0.0,0.0,0.0,0.0,0.0,0.0,0.0,2.891089108910891,0.0,2.0396039603960396,0.0,0.0,4.99009900990099,10.118811881188119
845,0.0,0.0,0.0,0.0,0.0,0.0,0.0,0.9615384615384616,0.0,0.0,0.0,0.0,0.0,0.0,0.0,6.769230769230769,0.0,0.2692307692307692,0.0,0.0,8.346153846153847,13.5
846,0.5454545454545454,0.0,0.0,0.0,0.0,0.0,0.0,2.212121212121212,0.0,0.0,0.0,0.0,0.0,0.0,0.0,92.9090909090909,2.090909090909091,0.0,0.0,0.0,19.90909090909091,34.333333333333336
847,0.24812030075187969,0.0,0.0,0.0,0.0,0.0,0.0,0.0,0.0,0.0,0.0,0.0,0.0,0.0,0.0,3.330827067669173,0.0,2.969924812030075,0.0,0.0,11.721804511278195,20.714285714285715
848,0.1652892561983471,0.0,0.0,0.03305785123966942,1.8512396694214877,0.0,0.0,0.0,0.0,0.0,1.1900826446280992,0.0,0.0,0.0,0.0,2.165289256198347,0.0,1.7024793388429753,0.0,0.0,11.041322314049587,19.479338842975206
849,0.0,0.0,0.0,0.0,0.0,0.0,0.0,0.0,0.0,0.0,0.0,0.0,0.0,0.0,0.0,0.022727272727272728,0.0,0.0,0.0,0.0,10.295454545454545,20.136363636363637
850,0.0,0.0,0.0,0.0,0.0,0.0,0.0,0.9322033898305084,0.0,0.0,0.0,0.0,0.0,0.0,0.0,13.76271186440678,0.0,0.2033898305084746,0.0,0.0,10.59322033898305,19.508474576271187
851,0.0,0.0,0.0,0.0,0.0,0.0,0.0,2.210526315789474,0.0,0.0,0.0,0.0,0.0,0.0,0.0,5.026315789473684,0.0,1.0526315789473684,0.0,0.0,7.315789473684211,13.578947368421053
852,0.8809523809523809,0.0,0.0,0.0,0.0,0.0,0.0,1.2380952380952381,0.0,0.0,0.0,0.0,0.0,0.0,0.23809523809523808,11.333333333333334,0.0,5.357142857142857,0.0,0.0,10.5,20.333333333333332
853,0.0,0.0,0.0,0.0,0.0,0.0,0.0,0.7352941176470589,0.0,0.0,0.0,0.0,0.0,0.0,0.0,3.8529411764705883,0.029411764705882353,2.1470588235294117,0.0,0.0,8.794117647058824,14.911764705882353
854,0.0,0.0,0.0,0.0,0.9545454545454546,0.0,0.0,0.0,0.0,0.0,0.5303030303030303,0.0,0.0,0.0,0.0,6.787878787878788,0.0,5.045454545454546,0.0,0.0,6.196969696969697,11.227272727272727
855,0.0,0.0,0.0,0.0,0.0,0.0,0.0,0.0,0.0,0.0,0.0,0.0,0.0,0.0,0.0,6.9375,0.0,7.9375,0.0,0.0,3.125,7.25
856,0.0,0.0,0.0,0.0,0.0,0.0,0.0,0.0,4.476190476190476,0.0,0.0,0.0,0.0,0.0,0.0,11.666666666666666,0.0,6.5,0.0,0.0,16.142857142857142,28.738095238095237
857,0.7941176470588235,0.0,0.0,0.0,0.0,0.0,0.0,0.6176470588235294,0.0,0.0,2.264705882352941,0.0,0.0,0.0,0.0,5.617647058823529,0.0,0.0,0.0,0.0,5.852941176470588,12.794117647058824
858,0.0,0.0,0.0,0.0,0.0,0.0,0.0,0.0,0.0,0.0,0.0,0.0,0.0,0.0,0.0,78.17391304347827,0.5652173913043478,0.0,0.0,0.0,14.956521739130435,22.17391304347826
859,0.0,0.0,0.0,0.0,0.0,0.0,0.0,0.0,0.0,0.0,0.0,0.0,0.0,0.0,0.0,1.3636363636363635,0.0,1.1818181818181819,0.0,0.0,4.363636363636363,7.818181818181818
860,0.0,0.0,0.0,0.0,0.0,0.0,0.0,0.0,0.0,0.0,0.0,0.0,0.0,0.0,0.0,2.7142857142857144,0.0,0.9821428571428571,0.0,0.0,7.892857142857143,18.089285714285715
861,0.3783783783783784,0.0,0.0,0.0,0.0,0.0,0.0,0.8108108108108109,0.0,0.0,0.0,0.0,0.0,0.0,0.0,3.5675675675675675,0.0,0.16216216216216217,0.0,0.0,7.45945945945946,12.027027027027026
862,0.0,1.2173913043478262,0.17391304347826086,0.0,6.260869565217392,0.0,0.7391304347826086,3.130434782608696,0.0,0.6086956521739131,0.0,0.0,0.0,0.0,0.0,73.82608695652173,1.3043478260869565,0.0,7.739130434782608,0.0,26.217391304347824,44.08695652173913
863,0.0,0.0,0.0,0.0,0.0,0.0,1.263157894736842,3.1578947368421053,0.0,0.3157894736842105,0.0,0.0,0.0,0.0,0.5263157894736842,77.36842105263158,4.7894736842105265,0.0,0.8421052631578947,0.0,25.36842105263158,42.05263157894737
864,0.1518987341772152,0.0,0.0,0.0,0.0,0.0,0.0,0.0379746835443038,0.0,0.5443037974683544,0.0,0.0,0.0,0.0,0.0,2.6962025316455698,0.0,1.5569620253164558,0.0,0.0,16.848101265822784,31.72151898734177
865,0.0,0.0,0.0,0.0,0.0,0.0,0.0,1.5514018691588785,0.0,0.0,0.0,0.0,0.0,0.0,0.0,8.16822429906542,0.0,2.149532710280374,0.0,0.0,5.411214953271028,11.05607476635514
866,0.6818181818181818,0.0,0.0,0.0,2.6818181818181817,0.0,0.045454545454545456,0.13636363636363635,0.0,0.0,0.0,0.0,0.0,0.0,0.5,118.31818181818181,0.6818181818181818,0.0,0.0,0.0,26.454545454545453,46.40909090909091
867,0.0,0.0,0.0,1.4368932038834952,10.776699029126213,0.0,0.0,0.0,0.0,0.0,52.14563106796116,0.0,0.0,0.0,0.0,4.466019417475728,0.0,3.3592233009708736,0.0,0.0,8.427184466019417,15.660194174757281
868,1.1111111111111112,0.0,0.0,1.5,1.5,0.0,0.0,0.1111111111111111,0.0,0.3333333333333333,0.0,0.0,0.0,0.0,1.7222222222222223,116.66666666666667,0.9444444444444444,0.0,0.0,0.0,20.333333333333332,37.5
869,0.0,0.0,0.0,0.0,0.0,0.0,0.0,0.0,0.0,0.0,42.666666666666664,0.0,0.0,0.0,0.0,4.761904761904762,0.0,1.1428571428571428,0.0,0.0,4.333333333333333,10.619047619047619
870,0.42105263157894735,0.0,0.0,0.0,0.0,0.0,0.0,2.5921052631578947,0.0,0.0,0.0,0.0,0.0,0.0,0.0,5.802631578947368,0.0,0.5526315789473685,0.0,0.0,6.894736842105263,11.855263157894736
871,0.0,0.0,0.0,2.1296296296296298,6.296296296296297,0.0,0.0,0.5925925925925926,0.0,0.0,4.962962962962963,0.0,0.0,0.0,0.0,5.722222222222222,0.0,2.2962962962962963,0.0,0.0,13.592592592592593,24.01851851851852
872,0.0,0.0,0.0,0.0,0.0,0.0,0.0,0.6551724137931034,0.0,0.0,0.0,0.0,0.0,0.0,0.0,119.27586206896552,0.9655172413793104,0.0,0.0,0.0,12.068965517241379,22.896551724137932
873,0.28,0.0,0.0,0.0,0.0,0.0,0.0,0.57,0.0,0.0,0.0,0.0,0.0,0.0,0.1,5.9,0.01,0.94,0.0,0.0,6.44,12.67
874,1.7625,0.0,0.0,0.0,0.8625,0.0,0.0,0.0,0.0,0.0,0.0,0.0,0.0,0.0,0.0,50.875,0.6875,0.0,0.0,2.7,22.975,38.0875
875,0.7692307692307693,0.038461538461538464,0.0,0.0,0.0,0.0,0.38461538461538464,0.8076923076923077,0.0,0.0,0.0,0.0,0.0,0.0,0.0,92.96153846153847,0.5769230769230769,0.0,5.076923076923077,1.8846153846153846,23.384615384615383,41.15384615384615
876,0.6666666666666666,0.05555555555555555,0.0,0.0,0.0,0.0,0.0,0.0,0.0,0.0,0.0,0.0,0.0,0.0,0.0,86.72222222222223,0.9444444444444444,0.0,0.0,0.0,17.22222222222222,28.5
877,0.0,0.0,0.0,0.056,0.136,0.0,0.0,0.072,0.0,0.0,0.712,0.0,0.0,0.0,0.0,3.488,0.0,0.568,0.0,0.0,10.392,19.2
878,0.39361702127659576,0.0,0.0,0.0,0.0,0.0,0.0,1.1436170212765957,0.0,0.0,0.0,0.0,0.0,0.0,0.3723404255319149,8.356382978723405,0.0,1.5372340425531914,0.0,0.0,11.02659574468085,20.3031914893617
879,0.3695652173913043,0.0,0.0,0.0,0.0,0.0,0.0,0.5289855072463768,0.0,0.0,0.0,0.0,0.0,0.0,0.0,3.13768115942029,0.0,1.963768115942029,0.0,0.0,12.471014492753623,21.942028985507246
880,0.15702479338842976,0.0,0.0,0.0,0.0,0.0,0.0,0.0,0.0,0.0,0.0,0.0,0.0,0.0,0.0,3.5041322314049586,0.0,2.9669421487603307,0.0,0.0,8.818181818181818,15.917355371900827
881,0.0,0.0,0.0,0.0,0.0,0.0,0.0,0.29411764705882354,0.0,0.0,0.0,0.0,0.0,0.0,0.0,15.264705882352942,0.0,0.0,0.0,0.0,10.058823529411764,21.0
882,0.0759493670886076,0.0,0.0,1.0253164556962024,1.3670886075949367,0.0,0.5379746835443038,0.6708860759493671,0.0,0.25316455696202533,1.8417721518987342,0.0,0.0,0.0,1.2531645569620253,10.20253164556962,0.879746835443038,2.981012658227848,0.0,0.0,14.58860759493671,26.829113924050635
883,1.2352941176470589,0.0,0.0,0.0,3.5294117647058822,0.0,0.0,0.0,0.0,0.0,3.7058823529411766,0.0,0.0,0.0,0.0,66.23529411764706,2.176470588235294,0.0,0.0,0.0,19.764705882352942,32.35294117647059
884,0.0,0.2777777777777778,0.0,0.0,0.0,0.0,0.0,1.2222222222222223,0.0,0.0,0.0,0.0,0.0,0.0,0.6111111111111112,64.97222222222223,0.7777777777777778,0.0,0.0,0.0,26.305555555555557,47.05555555555556
885,0.1111111111111111,0.0,0.0,0.0,0.0,0.0,0.0,0.0,0.0,0.0,0.0,0.0,0.0,0.0,0.0,2.4444444444444446,0.0,3.2323232323232323,0.0,0.0,17.464646464646464,28.08080808080808
886,0.0,0.0,0.0,3.117021276595745,20.95744680851064,0.0,0.0,0.0,0.0,0.0,74.57446808510639,0.0,0.0,0.0,0.0,1.4042553191489362,0.0,1.351063829787234,8.148936170212766,0.0,7.127659574468085,13.382978723404255
887,0.0,0.0,0.0,0.30434782608695654,0.08695652173913043,0.0,0.13043478260869565,0.6521739130434783,0.0,0.0,0.0,0.0,0.0,0.0,0.0,5.739130434782608,0.0,12.652173913043478,0.0,0.0,4.260869565217392,7.0
888,0.30952380952380953,0.0,0.0,0.0,0.0,0.0,0.0,0.0,0.0,0.0,0.0,0.0,0.0,0.0,0.0,2.3333333333333335,0.14285714285714285,1.0238095238095237,0.0,0.0,4.738095238095238,9.357142857142858
889,0.2,0.0,0.0,0.0,0.0,0.0,0.34,0.06,0.0,0.32,0.0,0.0,3.34,0.0,0.0,21.55,1.31,1.08,0.0,0.0,23.65,39.58
890,0.0,0.0,0.0,0.0,0.0,0.0,0.0,0.0,1.0,0.0,0.0,0.0,0.0,0.0,0.0,37.44444444444444,0.2777777777777778,0.4444444444444444,0.0,0.0,10.333333333333334,15.055555555555555
891,0.0,0.0,0.0,0.0,0.0,0.0,0.0,0.5,0.0,0.0,0.0,0.0,0.0,0.0,0.0,5.62962962962963,0.0,3.5185185185185186,0.0,0.0,6.12962962962963,11.814814814814815
892,1.2058823529411764,0.029411764705882353,0.0,0.0,0.0,0.0,0.8235294117647058,1.3235294117647058,0.0,0.5,0.0,0.0,0.0,0.0,0.7647058823529411,60.6764705882353,2.7941176470588234,0.0,2.2058823529411766,1.2647058823529411,28.147058823529413,46.705882352941174
893,0.0,0.0,0.0,0.4153846153846154,9.907692307692308,0.0,0.0,0.0,0.0,0.0,25.661538461538463,0.0,0.0,0.0,0.0,2.292307692307692,0.0,5.1692307692307695,0.0,0.0,11.8,23.276923076923076
894,0.0,0.0,0.0,0.0,0.0,0.0,0.0,0.9117647058823529,0.0,0.0,0.0,0.0,0.0,0.0,0.0,1.9705882352941178,0.0,2.872549019607843,0.0,0.0,7.470588235294118,13.392156862745098
895,0.0,0.0,0.0,0.0,0.04411764705882353,0.0,0.0,0.0,0.0,0.0,0.8823529411764706,0.0,0.0,0.0,0.0,3.426470588235294,0.0,2.014705882352941,1.2058823529411764,0.0,2.3970588235294117,5.088235294117647
896,0.0,0.0,0.0,0.0,0.0,0.0,0.0,0.5662650602409639,0.0,0.0,0.0,0.0,0.0,0.0,0.0,1.7469879518072289,0.0,0.927710843373494,0.0,0.0,8.036144578313253,13.25301204819277
897,0.0,0.0,0.0,1.263157894736842,10.596491228070175,0.0,0.0,0.0,0.0,0.0,48.36842105263158,0.0,0.0,0.0,0.0,4.56140350877193,0.0,1.280701754385965,0.0,0.0,6.824561403508772,14.789473684210526
898,0.13333333333333333,0.0,0.0,0.0,0.0,0.0,0.0,0.20833333333333334,0.0,0.0,0.0,0.0,0.0,0.0,0.0,2.2666666666666666,0.0,1.6083333333333334,0.0,0.0,5.308333333333334,10.433333333333334
899,0.75,0.0,0.0,0.42857142857142855,0.8571428571428571,0.0,0.0,2.607142857142857,0.0,0.0,0.0,0.0,0.0,0.0,0.0,6.428571428571429,0.0,5.535714285714286,0.0,0.0,3.9285714285714284,8.821428571428571
900,0.0,0.0,0.0,0.0,14.03448275862069,0.0,0.0,1.3793103448275863,0.0,0.10344827586206896,0.0,0.0,0.0,0.0,0.9655172413793104,66.20689655172414,0.7931034482758621,0.0,0.0,0.0,30.06896551724138,53.03448275862069
901,0.0,0.0,0.0,0.0,0.0,0.0,0.0,3.3962264150943398,0.0,0.0,0.0,0.0,0.0,0.0,0.0,4.9245283018867925,0.0,2.292452830188679,0.0,0.0,5.660377358490566,10.537735849056604
902,0.0,0.0,0.0,0.0,0.0,0.0,0.0,0.06060606060606061,0.0,0.0,0.0,0.0,0.0,0.06060606060606061,0.0,3.4242424242424243,0.0,1.4090909090909092,0.0,0.0,7.757575757575758,14.969696969696969
903,0.0,0.0,0.0,0.0,0.1111111111111111,0.0,0.0,0.4444444444444444,0.0,1.4444444444444444,0.0,0.0,0.0,0.0,7.666666666666667,77.66666666666667,4.666666666666667,0.0,0.0,0.0,27.333333333333332,44.333333333333336
904,0.0,0.0,0.0,0.7247706422018348,2.1009174311926606,0.0,0.0,0.3577981651376147,0.0,0.0,6.853211009174312,0.0,0.0,0.0,0.0,8.504587155963304,0.0,5.422018348623853,5.889908256880734,0.0,7.055045871559633,12.889908256880734
905,0.0,0.0,0.0,0.0,0.0,0.0,0.0,0.0,0.0,0.0,0.0,0.0,0.0,0.0,0.0,13.61038961038961,0.0,0.0,0.0,0.0,8.168831168831169,16.506493506493506
906,0.8157894736842105,0.0,0.0,0.0,0.0,0.0,0.0,0.0,0.0,0.0,0.0,0.0,0.0,2.1315789473684212,0.0,6.2631578947368425,0.0,4.368421052631579,0.0,0.0,5.0,9.236842105263158
907,0.0784313725490196,0.4117647058823529,0.0,0.0,0.0,0.0,0.0784313725490196,0.35294117647058826,0.0,0.0,0.0,0.0,0.0,0.0,0.39215686274509803,65.56862745098039,0.47058823529411764,0.0,1.7843137254901962,0.0,25.647058823529413,40.705882352941174
908,0.0,0.0,0.0,0.0,0.0,0.0,0.45454545454545453,0.0,1.5454545454545454,0.0,0.0,0.0,0.0,0.0,2.5454545454545454,64.12121212121212,1.8181818181818181,1.1818181818181819,0.0,0.30303030303030304,26.939393939393938,48.75757575757576
909,0.0,0.0,0.0,0.0,0.0,0.0,0.0,0.47058823529411764,0.0,0.0,0.0,0.0,0.0,0.0,0.0,7.470588235294118,0.0,0.0,0.0,0.0,4.0,14.411764705882353
910,0.4596774193548387,0.0,0.0,0.0,0.0,0.0,0.0,2.5161290322580645,0.0,0.0,0.0,0.0,0.0,0.0,0.0,5.233870967741935,0.0,2.5483870967741935,0.0,0.0,6.475806451612903,11.709677419354838
911,0.0,0.0,0.0,3.3846153846153846,14.661538461538461,0.0,0.015384615384615385,0.0,0.0,0.0,53.83076923076923,0.0,0.0,0.0,0.0,1.2461538461538462,0.0,1.123076923076923,2.7384615384615385,0.0,8.292307692307693,14.953846153846154
912,0.0,0.0,0.0,0.0,0.0,0.0,0.0,0.14545454545454545,0.0,0.0,0.0,0.0,0.0,0.0,0.0,3.2181818181818183,0.0,1.8666666666666667,0.0,0.0,18.042424242424243,31.13939393939394
913,1.1176470588235294,1.0294117647058822,0.0,0.0,0.0,0.0,0.0,0.0,0.0,0.058823529411764705,0.0,0.0,0.0,0.0,1.0294117647058822,56.911764705882355,0.7352941176470589,0.0,1.9411764705882353,1.7352941176470589,22.470588235294116,38.73529411764706
914,0.38095238095238093,0.8809523809523809,0.0,0.0,0.0,0.0,0.0,0.0,0.30952380952380953,0.0,0.0,0.0,0.0,0.0,0.4523809523809524,36.19047619047619,0.47619047619047616,0.0,2.0238095238095237,1.4523809523809523,22.285714285714285,36.523809523809526
915,1.5,0.0,0.0,0.0,0.0,0.0,0.0,1.875,0.0,0.0,0.0,0.0,0.0,0.0,0.0,81.125,0.25,0.0,0.0,0.0,8.125,12.25
916,0.0,0.0,0.0,5.132231404958677,8.140495867768594,0.0,1.43801652892562,1.9008264462809918,0.0,0.0,8.793388429752065,0.0,0.0,0.0,0.0,3.115702479338843,0.6115702479338843,3.727272727272727,3.239669421487603,0.0,9.429752066115702,17.917355371900825
917,0.0,0.025,0.0,0.0,0.3,0.0,0.1,0.15,0.0,0.45,0.0,0.0,0.0,0.025,4.2,27.825,2.125,0.0,0.6,0.0,24.475,43.875
918,0.1,0.0,0.0,0.0,4.65,0.0,0.5,2.9,0.0,0.0,0.0,0.0,0.0,0.0,0.15,72.575,3.025,0.0,0.0,0.0,27.825,48.225
919,0.16129032258064516,0.0,0.0,0.0,0.0,0.0,0.0,0.0,0.0,0.0,0.0,0.0,0.0,0.0,0.0,1.6935483870967742,0.0,1.564516129032258,0.0,0.0,4.854838709677419,9.03225806451613
920,0.0,0.0,0.0,0.0,0.0,0.0,0.0,0.0,0.0,0.0,0.0,0.0,0.0,0.0,0.0,1.5333333333333334,0.0,0.0,0.0,0.0,3.6666666666666665,7.966666666666667
921,0.76,1.36,0.0,0.0,0.0,0.0,0.0,0.0,0.0,0.44,0.0,0.0,0.0,0.0,0.0,72.68,1.16,0.0,5.52,0.0,19.0,33.4
922,0.0,0.0,0.0,0.0,0.0,0.0,0.6538461538461539,1.2692307692307692,0.0,0.3076923076923077,0.0,0.0,2.0,0.0,0.0,21.192307692307693,1.9230769230769231,3.3076923076923075,0.0,0.0,24.576923076923077,42.03846153846154
923,0.0,0.0,0.0,0.0,0.0,0.0,0.0,0.0,0.0,0.0,0.0,0.0,0.0,0.0,0.0,6.548387096774194,0.0,6.290322580645161,0.0,0.0,9.838709677419354,17.774193548387096
924,0.15822784810126583,0.012658227848101266,0.0,0.0,0.0,0.0,0.0,0.17721518987341772,0.0,0.0,0.0,0.0,0.0,0.0,0.0,2.3987341772151898,0.0,3.310126582278481,0.0,0.0,10.278481012658228,18.436708860759495
925,0.0,0.0,0.0,0.0,0.0,0.0,0.0,0.7560975609756098,0.0,0.0,0.0,0.0,0.0,0.0,0.0,25.26829268292683,0.0,0.0,0.0,0.0,14.658536585365853,27.21951219512195
926,0.0,0.0,0.0,0.0,0.0,0.0,0.0,0.0,0.0,0.0,0.0,0.0,0.0,0.0,0.0,5.214285714285714,0.0,0.0,0.0,0.0,4.357142857142857,9.785714285714286
927,0.6111111111111112,0.0,0.0,0.1111111111111111,1.2222222222222223,0.0,0.0,0.19444444444444445,2.111111111111111,0.5277777777777778,1.0,0.0,0.0,0.0,0.2777777777777778,52.75,0.5,0.0,0.8888888888888888,0.0,36.55555555555556,60.44444444444444
928,0.0,0.0,0.0,0.0,0.005714285714285714,0.0,0.0,0.5828571428571429,0.0,0.0,0.0,0.0,0.0,0.0,0.0,2.8971428571428572,0.0,0.5142857142857142,0.0,0.0,13.24,22.314285714285713
929,1.02,0.34,0.4,0.0,1.64,0.0,0.42,1.0,0.0,0.12,0.0,0.0,0.0,17.38,1.1,64.48,1.64,0.0,2.58,0.0,26.26,44.82
930,0.0,0.0,0.0,0.6190476190476191,1.5,0.0,0.5952380952380952,0.6666666666666666,0.0,0.0,4.785714285714286,0.0,0.0,0.0,0.0,10.714285714285714,0.40476190476190477,6.5476190476190474,0.0,0.0,9.238095238095237,15.642857142857142
931,0.0,0.0,0.0,0.7363636363636363,7.127272727272727,0.0,0.0,0.0,0.0,0.0,30.845454545454544,0.0,0.0,0.0,0.045454545454545456,3.618181818181818,0.0,3.581818181818182,3.381818181818182,0.0,9.590909090909092,18.136363636363637
932,0.0,0.0,0.0,0.0,0.0,0.0,0.0,0.6956521739130435,0.0,0.0,0.0,0.0,0.0,0.0,0.0,4.391304347826087,0.0,3.8260869565217392,0.0,0.0,2.782608695652174,7.217391304347826
933,0.0784313725490196,0.0,0.0,2.3333333333333335,3.588235294117647,0.0,0.3235294117647059,0.6470588235294118,0.0,0.0,6.098039215686274,0.0,0.0,0.45098039215686275,0.0,4.872549019607843,0.0,8.990196078431373,1.7843137254901962,0.0,8.127450980392156,15.441176470588236
934,0.39473684210526316,0.0,0.0,0.0,0.0,0.0,0.0,0.0,13.078947368421053,0.47368421052631576,0.0,0.0,0.0,0.0,0.0,30.57894736842105,0.39473684210526316,0.0,0.0,0.0,24.07894736842105,44.5
935,0.0,0.0,0.0,0.0,0.0,0.0,0.0,1.0,0.0,0.0,0.0,0.0,0.0,0.0,0.0,6.5,0.0,0.4,0.0,0.0,8.35,15.65
936,0.0,0.0,0.0,0.0,0.0,0.0,0.0,0.0,0.0,0.0,0.0,0.0,0.0,0.0,0.0,4.617647058823529,0.0,0.8529411764705882,0.0,0.0,4.117647058823529,8.735294117647058
937,0.0,0.0,0.0,0.24444444444444444,1.9259259259259258,0.0,0.0,0.6074074074074074,0.0,0.0,7.807407407407408,0.0,0.0,0.0,0.0,4.474074074074074,0.0,1.7703703703703704,0.9555555555555556,0.0,15.2,25.562962962962963
938,0.0,0.0,0.0,0.0,0.0,0.0,0.0,0.9387755102040817,0.0,0.0,2.7346938775510203,0.0,0.0,0.0,0.0,11.061224489795919,0.0,0.20408163265306123,0.0,0.0,9.10204081632653,17.163265306122447
939,0.07339449541284404,0.0,0.0,0.0,0.0,0.0,0.0,1.146788990825688,0.0,0.0,0.0,0.0,0.0,0.0,0.0,2.614678899082569,0.0,1.3944954128440368,0.0,0.0,6.91743119266055,13.311926605504587
940,0.0,0.15,0.0,0.0,0.0,0.0,0.0,0.0,1.95,0.0,0.0,0.0,0.0,0.0,0.0,41.85,0.0,0.0,6.0,0.0,11.85,26.9
941,0.5714285714285714,0.0,0.0,0.0,0.0,0.0,0.0,0.0,0.0,0.0,0.0,0.0,0.0,0.07142857142857142,0.0,3.2142857142857144,0.0,5.642857142857143,0.0,0.0,4.071428571428571,7.928571428571429
942,0.0,0.0,0.0,0.0,0.0,0.0,0.0,0.0851063829787234,0.0,0.0,0.0,0.0,0.0,0.0,0.0,58.42553191489362,0.0,1.6382978723404256,0.0,0.0,7.404255319148936,17.404255319148938
943,0.0,0.0,0.0,0.0,0.0,0.0,0.0,2.3870967741935485,0.0,0.0,0.0,0.0,0.0,0.0,0.0,5.516129032258065,0.0,0.0,0.0,0.0,4.806451612903226,13.838709677419354
944,0.0,0.0,0.0,1.015625,6.234375,0.0,0.1875,0.296875,0.0,0.046875,14.859375,0.0,0.0,0.0,0.0,3.515625,0.125,1.4375,0.28125,0.0,2.90625,6.5
945,0.0,0.0,0.0,0.6785714285714286,1.7142857142857142,0.0,0.0,0.5357142857142857,0.0,0.0,1.5714285714285714,0.0,0.0,0.0,0.0,2.892857142857143,0.0,8.357142857142858,0.0,0.0,2.892857142857143,6.714285714285714
946,0.5777777777777777,0.044444444444444446,0.0,0.0,0.0,0.0,0.0,0.0,8.155555555555555,0.0,0.0,0.0,0.0,0.0,1.3333333333333333,44.22222222222222,0.4666666666666667,0.0,1.8666666666666667,0.0,16.288888888888888,27.022222222222222
947,0.625,0.20833333333333334,0.0,0.0,0.9583333333333334,0.0,0.0,0.041666666666666664,0.0,0.041666666666666664,1.9583333333333333,0.0,0.0,0.3125,0.6458333333333334,46.770833333333336,1.3333333333333333,0.0,2.1666666666666665,0.0,23.958333333333332,42.0
948,0.0,0.0,0.0,0.0,0.0,0.0,0.0,0.0,0.0,0.0,0.0,0.0,0.0,0.0,0.0,52.65714285714286,0.34285714285714286,0.0,0.0,0.0,16.514285714285716,29.228571428571428
949,1.125,0.0,0.0,0.0,0.0,0.0,0.325,0.675,0.025,0.0,0.0,0.0,0.0,0.0,0.0,61.875,0.9,0.0,3.225,0.0,25.15,42.225
950,1.5,0.0,0.0,0.0,0.0,0.0,0.16666666666666666,0.0,0.3333333333333333,0.0,0.0,0.0,0.0,0.0,0.3333333333333333,29.166666666666668,0.16666666666666666,0.0,0.0,0.0,13.5,22.0
951,0.2702702702702703,0.0,0.0,0.0,0.0,0.0,0.0,0.24324324324324326,0.0,0.21621621621621623,0.0,0.0,6.783783783783784,0.0,0.0,12.135135135135135,0.5675675675675675,1.4864864864864864,0.0,0.0,18.37837837837838,32.054054054054056
952,0.0,0.0,0.0,0.08490566037735849,0.29245283018867924,0.0,0.0,0.0,0.0,0.0,1.3396226415094339,0.0,0.0,0.0,0.0,5.867924528301887,0.02830188679245283,2.5283018867924527,0.0,0.0,12.50943396226415,22.830188679245282
953,2.4318181818181817,0.5,0.4772727272727273,0.3181818181818182,5.795454545454546,0.0,1.2954545454545454,4.0227272727272725,0.0,0.6818181818181818,0.0,0.0,0.0,0.4772727272727273,1.5909090909090908,71.86363636363636,3.522727272727273,0.0,4.840909090909091,3.159090909090909,37.38636363636363,64.88636363636364
954,0.3103448275862069,0.1896551724137931,0.20689655172413793,0.05172413793103448,1.2241379310344827,0.0,0.3793103448275862,0.4482758620689655,0.0,0.22413793103448276,3.9655172413793105,0.0,0.0,0.0,1.0344827586206897,30.189655172413794,0.9482758620689655,0.0,3.6724137931034484,0.0,21.362068965517242,37.06896551724138
955,0.0,0.0,0.0,0.0,0.0,0.0,0.0,0.0,0.0,0.0,0.0,0.0,0.0,0.0,0.0,2.911504424778761,0.0,3.265486725663717,0.0,0.0,12.672566371681416,20.716814159292035
956,0.0,0.0,0.0,0.0,0.0,0.0,0.0,0.0,0.0,0.0,0.0,0.0,0.0,0.0,0.0,4.969924812030075,0.0,0.0,0.0,0.0,15.992481203007518,28.781954887218046
957,0.0,0.0,0.0,0.0,0.0,0.0,0.0,0.35714285714285715,0.0,0.0,0.0,0.0,0.0,0.0,0.0,3.4285714285714284,0.0,1.1571428571428573,0.0,0.0,6.071428571428571,10.614285714285714
958,0.6470588235294118,0.0,0.0,0.0,0.0,0.0,0.0,1.7647058823529411,0.0,0.0,0.0,0.0,0.0,0.0,0.0,12.211764705882352,0.0,0.0,0.0,0.0,13.364705882352942,23.8
959,0.0,0.0,0.0,0.0,0.6153846153846154,0.0,0.0,0.0,1.0,0.0,1.4615384615384615,0.0,0.0,0.0,0.0,46.69230769230769,0.15384615384615385,0.0,0.38461538461538464,0.0,24.307692307692307,40.30769230769231
960,1.1333333333333333,0.0,0.0,0.0,0.0,0.0,0.0,2.0,0.0,0.0,0.0,0.0,0.0,0.0,0.0,139.2,1.0666666666666667,0.0,0.0,0.0,22.8,38.06666666666667
961,0.0,0.5,0.0,0.0,0.0,0.0,0.0,0.0,0.0,0.0,0.0,0.0,0.0,0.0,0.0,50.25,0.25,0.0,0.0,0.0,18.0,24.25
962,0.0,0.0,0.0,1.2698412698412698,11.904761904761905,0.0,0.0,0.7142857142857143,0.0,0.0,26.904761904761905,0.0,0.0,0.0,0.047619047619047616,5.26984126984127,0.0,2.7777777777777777,1.1587301587301588,0.0,3.1904761904761907,7.746031746031746
963,0.17857142857142858,0.0,0.0,0.0,0.0,0.0,0.4642857142857143,0.0,0.6428571428571429,0.0,0.0,0.0,0.0,0.0,0.0,55.142857142857146,0.2857142857142857,2.142857142857143,0.0,1.5,23.035714285714285,36.214285714285715
964,0.0,0.0,0.0,0.0,0.0,0.0,0.0,0.07,0.0,0.0,0.0,0.0,0.0,0.0,0.0,9.96,0.0,0.71,0.0,0.0,10.41,21.11
965,0.0,0.0,0.0,1.0116959064327486,2.491228070175439,0.0,0.0,0.11695906432748537,0.0,0.0,3.508771929824561,0.0,0.0,0.0,0.0,5.3274853801169595,0.0,4.690058479532164,0.0,0.0,11.12280701754386,21.748538011695906
966,0.0,0.0,0.0,0.0,0.0,0.0,0.0,0.0,0.0,0.0,0.0,0.0,0.0,0.0,0.0,3.0588235294117645,0.0,0.0,0.0,0.0,4.588235294117647,8.705882352941176
967,0.0,0.26666666666666666,0.0,0.0,0.06666666666666667,0.0,1.9333333333333333,0.0,5.133333333333334,1.4666666666666666,0.0,0.0,0.0,0.0,0.0,78.53333333333333,2.466666666666667,0.0,0.0,0.0,13.133333333333333,25.6
968,0.0,0.0,0.0,0.5384615384615384,0.7692307692307693,0.0,0.15384615384615385,0.23076923076923078,0.0,0.0,1.5,0.0,0.0,0.0,0.0,6.6923076923076925,0.15384615384615385,6.0,0.0,0.0,13.115384615384615,21.307692307692307
969,0.0,0.0,0.0,0.0,0.0,0.0,0.0,0.0,0.0,0.0,0.0,0.0,0.0,0.0,0.0,10.148936170212766,0.0,8.042553191489361,0.0,0.0,5.787234042553192,11.127659574468085
970,0.0,0.0,0.0,0.0,0.0,0.0,0.0,0.0,0.0,0.0,0.0,0.0,0.0,0.0,0.0,5.85,0.0,1.4,0.0,0.0,4.525,7.7
971,0.2830188679245283,0.5471698113207547,0.0,0.0,0.0,0.0,0.018867924528301886,0.0,0.0,0.0,0.0,0.0,0.0,0.0,0.6226415094339622,74.83018867924528,0.6415094339622641,0.0,3.2452830188679247,0.0,25.943396226415093,43.094339622641506
972,0.0,0.017857142857142856,0.0,0.0,0.0,0.0,0.0,0.0,0.0,0.0,0.0,0.0,0.0,0.0,0.0,5.535714285714286,0.0,2.4464285714285716,0.0,0.0,11.107142857142858,20.946428571428573
973,0.0,0.0,0.0,0.0,0.0,0.0,0.043859649122807015,0.18421052631578946,0.0,0.0,0.0,0.0,0.0,0.0,0.0,2.5526315789473686,0.0,1.1754385964912282,0.0,0.0,13.789473684210526,24.00877192982456
974,0.0,0.0,0.0,0.0,0.0,0.0,0.0,0.3582089552238806,0.0,0.0,0.0,0.0,0.0,0.0,0.0,2.3233830845771144,0.0,0.3482587064676617,0.0,0.0,10.303482587064677,17.393034825870647
975,0.14285714285714285,0.0,0.0,0.0,0.0,0.0,0.02197802197802198,1.0879120879120878,0.0,0.0,0.0,0.0,0.0,0.0,0.0,4.34065934065934,0.0,1.3076923076923077,0.0,0.0,13.197802197802197,22.021978021978022
976,0.0,0.0,0.0,0.0,0.0,0.0,0.0,0.0,6.30188679245283,0.0,0.0,0.0,0.0,0.0,0.0,59.075471698113205,0.0,0.0,0.9245283018867925,0.0,16.30188679245283,28.962264150943398
977,1.3461538461538463,0.8653846153846154,0.0,0.0,0.0,0.0,0.6923076923076923,2.1538461538461537,0.0,0.25,0.0,0.0,0.0,0.0,0.21153846153846154,84.32692307692308,3.0961538461538463,0.0,0.0,0.0,36.17307692307692,63.71153846153846
978,0.0,0.16666666666666666,0.0,0.0,0.0,0.0,0.16666666666666666,0.0,5.0,0.05555555555555555,0.0,0.0,0.0,0.0,0.0,53.333333333333336,0.5555555555555556,0.0,0.6666666666666666,0.0,19.88888888888889,37.19444444444444
979,0.0,0.0,0.0,0.17582417582417584,0.3076923076923077,0.0,0.0,0.0,0.0,0.0,1.6373626373626373,0.0,0.0,0.0,0.0,9.32967032967033,0.0,3.318681318681319,0.0,0.0,3.868131868131868,9.593406593406593
980,1.0666666666666667,0.0,0.0,0.0,0.0,0.0,0.7333333333333333,0.0,0.0,0.0,0.0,0.0,0.0,0.0,2.466666666666667,39.666666666666664,2.6666666666666665,0.0,0.0,0.0,22.866666666666667,38.266666666666666
981,0.3333333333333333,0.0,0.0,0.0,0.0,0.0,0.11827956989247312,0.21505376344086022,0.0,0.0,0.0,0.0,0.0,0.0,0.0,3.6021505376344085,0.0,0.7956989247311828,0.0,0.0,9.827956989247312,16.344086021505376
982,0.0,0.0,0.0,0.0,0.0,0.0,0.0,0.14285714285714285,0.0,0.0,0.0,0.0,0.0,0.0,0.0,2.3452380952380953,0.0,2.5595238095238093,0.0,0.0,9.119047619047619,16.13095238095238
983,0.0,0.0,0.0,0.0,3.8292682926829267,0.0,0.21951219512195122,0.0,6.219512195121951,0.04878048780487805,0.0,0.0,0.0,0.0,0.0,38.292682926829265,0.3170731707317073,0.0,0.0,0.0,15.902439024390244,28.341463414634145
984,0.0,0.0,0.0,3.1666666666666665,6.083333333333333,0.0,0.0,0.0,0.0,0.0,11.208333333333334,0.0,0.0,0.0,1.0416666666666667,2.0833333333333335,0.0,2.4583333333333335,3.1666666666666665,0.0,2.8333333333333335,6.5
985,0.0,0.0,0.0,0.0,5.6923076923076925,0.0,0.0,0.0,0.0,0.0,3.230769230769231,0.0,0.0,0.0,0.0,52.15384615384615,0.6153846153846154,0.0,2.8461538461538463,0.0,8.153846153846153,13.692307692307692
986,0.0,0.0,0.0,0.0,0.0,0.0,0.0,0.0,0.0,0.0,0.0,0.0,4.7,0.0,0.0,11.625,0.025,0.2,0.0,0.0,9.5,17.4
987,0.0,0.0,0.0,0.0,0.0,0.0,0.0,0.5333333333333333,0.0,0.0,0.0,0.0,0.0,0.0,0.0,10.2,0.0,3.4,0.0,0.0,10.333333333333334,17.95
988,0.7702702702702703,0.0,0.0,3.3513513513513513,6.905405405405405,0.0,0.0,0.5675675675675675,0.0,0.0,9.162162162162161,0.0,0.0,0.0,0.0,9.81081081081081,0.0,8.08108108108108,0.0,0.0,10.58108108108108,20.094594594594593
989,0.0,0.0,0.0,0.0,0.0,0.0,0.0,0.0,0.0,0.0,0.0,0.0,0.0,0.0,0.0,5.588571428571429,0.0,1.5485714285714285,0.0,0.0,7.531428571428571,13.782857142857143
990,0.0,0.0,0.0,0.0,0.94,0.0,0.0,0.0,4.8,0.0,0.0,0.0,0.0,0.0,0.0,70.86,0.18,0.0,0.0,0.0,13.38,23.0
991,0.0,0.0,0.0,1.9101123595505618,4.50561797752809,0.0,0.0,0.797752808988764,0.0,0.25842696629213485,5.707865168539326,0.0,0.0,0.0,0.2696629213483146,4.146067415730337,0.4943820224719101,4.044943820224719,0.0,0.0,10.887640449438202,21.573033707865168
992,0.29411764705882354,0.0,0.0,0.0,0.0,0.0,0.0,0.08823529411764706,0.0,0.0,0.0,0.0,0.0,0.0,0.0,1.9705882352941178,0.0,5.823529411764706,0.0,0.0,7.264705882352941,14.294117647058824
993,0.0,0.0,0.0,0.0,0.1073170731707317,0.0,0.0,0.1024390243902439,0.0,0.0,0.0,0.0,0.0,0.0,0.0,2.8829268292682926,0.0,1.102439024390244,0.0,0.0,3.024390243902439,6.829268292682927
994,0.0,0.0,0.0,0.0,0.04,0.0,0.0,0.17333333333333334,0.0,0.0,0.0,0.0,0.0,0.0,0.0,2.8133333333333335,0.0,1.1066666666666667,0.0,0.0,3.1733333333333333,7.373333333333333
995,0.9615384615384616,0.0,0.0,0.0,7.269230769230769,0.0,0.19230769230769232,4.0,0.0,1.1923076923076923,0.0,0.0,0.0,0.0,0.0,110.57692307692308,3.1538461538461537,0.0,0.0,0.0,8.653846153846153,15.192307692307692
996,0.5,1.2272727272727273,0.13636363636363635,0.2727272727272727,0.0,0.0,0.5454545454545454,2.8181818181818183,0.0,0.7727272727272727,0.0,0.0,0.0,0.36363636363636365,1.8636363636363635,88.9090909090909,2.727272727272727,0.0,4.181818181818182,1.4090909090909092,34.09090909090909,54.5
997,0.0,0.0,0.0,0.0,0.0,0.0,0.0,0.0,0.0,0.0,0.0,0.0,0.0,0.0,0.0,50.24324324324324,0.21621621621621623,0.0,0.0,0.0,17.89189189189189,31.08108108108108
998,0.0,0.0,0.0,0.07017543859649122,1.0175438596491229,0.0,0.0,0.0,0.0,0.0,0.7543859649122807,0.0,0.0,0.0,0.0,5.350877192982456,0.0,4.807017543859649,0.0,0.0,3.5964912280701755,7.228070175438597
999,0.2191780821917808,0.0,0.0,0.0,0.0,0.0,0.0,0.726027397260274,0.0,0.0,0.0,0.0,0.0,0.0,0.0,19.89041095890411,0.0,1.0410958904109588,0.0,0.0,18.08219178082192,32.19178082191781
1000,0.0,0.0,0.0,0.03614457831325301,0.03614457831325301,0.0,0.0,3.6144578313253013,0.0,0.0,0.1566265060240964,0.0,0.0,0.0,0.0,1.3855421686746987,0.0,2.108433734939759,0.0,0.0,5.313253012048193,10.55421686746988
1001,0.0,0.0,0.0,0.0,0.0070921985815602835,0.0,0.0,0.0,0.0,0.0,0.0,0.0,0.0,0.0,0.0,5.531914893617022,0.0,0.9219858156028369,0.0,0.0,4.340425531914893,8.48936170212766
1002,0.0,0.04,0.0,0.0,0.0,0.0,0.0,0.06,0.88,0.0,0.0,0.0,0.0,0.0,0.0,35.58,0.22,0.0,0.0,0.0,25.2,43.76
1003,0.0,0.0,0.0,0.0,0.0,0.0,0.043478260869565216,0.08695652173913043,0.0,0.0,0.0,0.0,4.108695652173913,0.0,0.0,17.043478260869566,0.06521739130434782,0.9782608695652174,0.0,0.0,8.891304347826088,16.956521739130434
1004,0.0,0.0,0.0,0.0,0.0,0.0,0.0,0.0,0.0,0.0,0.0,0.0,0.0,0.0,0.0,1.794871794871795,0.0,1.6153846153846154,0.0,0.0,6.0,8.333333333333334
1005,0.0,0.0,0.0,0.0,0.0,0.0,0.0,0.14035087719298245,0.0,0.0,0.0,0.0,0.0,0.0,0.043859649122807015,4.06140350877193,0.0,2.1578947368421053,0.0,0.0,12.649122807017545,21.29824561403509
1006,0.0,0.0,0.0,0.0,0.0,0.0,0.0,0.0,0.0,0.0,3.3181818181818183,0.0,0.0,0.0,0.0,3.590909090909091,0.0,1.8636363636363635,0.0,0.0,1.7727272727272727,6.818181818181818
1007,0.0,0.0,0.0,1.9523809523809523,1.0476190476190477,0.0,0.0,0.7142857142857143,0.0,0.0,0.0,0.0,0.0,2.0476190476190474,0.0,13.857142857142858,0.0,2.7857142857142856,0.0,0.0,8.619047619047619,16.023809523809526
1008,0.0,1.3,0.0,2.933333333333333,7.616666666666666,0.0,0.0,0.0,0.0,0.0,5.583333333333333,0.0,0.0,0.0,0.0,3.45,0.0,3.066666666666667,0.0,0.0,4.733333333333333,10.466666666666667
1009,0.0,0.0,0.0,0.0,0.0,0.0,0.0,0.0,0.0,0.0,0.0,0.0,0.0,0.0,0.0,2.0760869565217392,0.0,1.141304347826087,0.0,0.0,5.489130434782608,9.445652173913043
1010,0.0,0.0,0.0,0.0,0.0,0.0,0.0,0.9318181818181818,0.0,0.0,0.0,0.0,0.0,0.0,0.0,1.6818181818181819,0.0,1.0454545454545454,0.0,0.0,9.340909090909092,15.136363636363637
1011,0.0,0.0,0.0,0.381294964028777,1.0863309352517985,0.0,0.0,0.1223021582733813,0.0,0.0,4.446043165467626,0.0,0.0,0.0,0.0,3.115107913669065,0.0,0.4892086330935252,0.2446043165467626,0.0,6.172661870503597,11.546762589928058
1012,0.4117647058823529,0.17647058823529413,0.0,0.11764705882352941,0.0,0.0,1.0588235294117647,2.8529411764705883,0.0,0.0,0.0,0.0,0.0,0.0,0.20588235294117646,80.44117647058823,2.764705882352941,0.0,0.0,0.0,33.411764705882355,54.411764705882355
1013,0.0,0.0,0.0,0.0,0.0,0.0,0.0,0.5384615384615384,0.0,0.0,0.0,0.0,0.0,0.0,0.0,7.538461538461538,0.0,5.487179487179487,0.0,0.0,5.0256410256410255,10.153846153846153
1014,0.0,0.0,0.0,0.0,0.0,0.0,0.0,4.4,0.0,0.0,0.0,0.0,0.0,0.0,0.0,4.24,0.0,0.36,0.0,0.0,8.68,18.48
1015,0.0,0.0,0.0,0.21875,0.71875,0.0,0.0,0.6875,0.0,0.0,2.703125,0.0,0.0,0.0,1.734375,9.28125,0.0,3.28125,0.0,0.0,8.046875,14.5625
1016,0.0,0.0,0.0,0.0,1.5833333333333333,0.0,0.8333333333333334,2.0833333333333335,0.0,0.08333333333333333,2.4791666666666665,0.0,0.0,0.0,0.125,54.541666666666664,2.1041666666666665,0.0,7.25,0.0,38.625,66.22916666666667
1017,0.0,0.0,0.0,0.0,0.0,0.0,0.0,0.45652173913043476,0.0,0.043478260869565216,0.0,0.0,0.0,0.0,0.0,2.6739130434782608,0.0,2.3043478260869565,0.0,0.0,6.673913043478261,12.26086956521739
1018,0.0,0.0,0.0,0.0,0.0,0.0,0.0,2.8780487804878048,0.0,0.0,0.0,0.0,0.0,0.0,0.0,7.451219512195122,0.17073170731707318,8.207317073170731,0.0,0.0,14.71951219512195,25.048780487804876
1019,0.42857142857142855,0.0,0.0,0.0,0.0,0.0,0.0,0.0,0.0,0.0,0.0,0.0,0.0,0.0,0.0,3.0,0.0,0.7142857142857143,0.0,0.0,5.571428571428571,10.142857142857142
1020,0.0,0.0,0.0,0.794392523364486,8.532710280373832,0.0,0.0,0.3364485981308411,0.0,0.0,23.588785046728972,0.0,0.0,1.841121495327103,0.0,4.196261682242991,0.0,3.97196261682243,2.5046728971962615,0.0,6.626168224299065,12.766355140186915
1021,1.1041666666666667,0.0,0.0,0.0,0.0,0.0,1.5833333333333333,2.3333333333333335,0.0,0.0,0.0,0.0,0.0,0.0,0.4791666666666667,48.208333333333336,3.0208333333333335,0.0,0.0,0.0,25.541666666666668,42.833333333333336
1022,0.0,0.0,0.0,0.0,0.0,0.0,0.0,0.0,8.114285714285714,0.0,0.0,0.0,0.0,0.0,0.0,29.714285714285715,0.0,0.0,0.0,0.0,29.34285714285714,53.31428571428572
1023,0.9318181818181818,0.0,0.0,0.0,0.0,0.0,0.1590909090909091,0.11363636363636363,0.0,0.0,0.0,0.0,0.0,0.0,1.3181818181818181,45.5,1.5227272727272727,0.0,0.0,0.0,27.522727272727273,47.11363636363637
1024,0.0,0.0,0.0,0.0625,0.0,0.0,0.0,0.0,0.0,0.0,0.0,0.0,0.0,0.0,0.0,2.46875,0.0,1.5625,0.0,0.0,6.5625,10.9375
1025,0.0,0.0,0.0,2.6721311475409837,5.754098360655738,0.0,0.0,0.5409836065573771,0.0,0.0,9.098360655737705,0.0,0.0,0.0,1.9344262295081966,6.049180327868853,0.0,4.770491803278689,0.0,0.0,8.180327868852459,15.459016393442623
1026,0.0,0.0,0.0,0.8846153846153846,10.192307692307692,0.0,0.0,0.0,0.0,0.0,28.115384615384617,0.0,0.0,0.0,0.0,8.423076923076923,0.0,0.19230769230769232,0.0,0.0,2.980769230769231,7.596153846153846
1027,0.3333333333333333,0.1111111111111111,0.1111111111111111,0.0,0.0,0.0,0.5777777777777777,0.3333333333333333,0.0,0.06666666666666667,1.4,0.0,0.0,0.0,2.2,24.488888888888887,2.2444444444444445,0.0,6.511111111111111,0.0,22.0,39.13333333333333
1028,0.6554621848739496,0.0,0.0,0.0,0.0,0.0,0.008403361344537815,0.6554621848739496,0.0,0.0,0.0,0.0,0.0,0.0,0.0,6.0588235294117645,0.0,0.1092436974789916,0.0,0.0,7.680672268907563,15.142857142857142
1029,0.0,0.0,0.0,0.0,0.0,0.0,0.0,0.8936170212765957,0.0,0.0,0.0,0.0,0.0,0.0,0.0,3.0567375886524824,0.0,1.4042553191489362,0.0,0.0,9.702127659574469,17.80141843971631
1030,0.0,0.0,0.0,0.0,0.0,0.0,0.0,4.2,0.0,0.0,0.0,0.0,0.0,0.0,0.0,3.2,0.0,0.0,0.0,0.0,10.0,8.0
1031,0.0,0.0,0.0,0.0,0.0,0.0,0.0,0.6527777777777778,0.0,0.0,0.0,0.0,0.0,0.0,0.0,4.291666666666667,0.0,3.638888888888889,0.0,0.0,5.736111111111111,9.930555555555555
1032,0.0,0.0,0.0,0.0,0.0,0.0,0.0,4.901639344262295,0.0,0.0,0.0,0.0,0.0,0.0,0.0,3.180327868852459,0.08196721311475409,0.3770491803278688,0.0,0.0,11.737704918032787,22.475409836065573
1033,0.3333333333333333,0.0,0.0,0.0,0.0,0.0,0.0,0.0,0.0,0.0,0.0,0.0,0.0,0.0,0.0,24.944444444444443,0.0,3.5277777777777777,0.0,0.0,8.972222222222221,17.27777777777778
1034,1.5945945945945945,0.0,0.0,0.0,0.0,0.0,0.0,1.1081081081081081,0.0,0.5945945945945946,0.0,0.0,0.0,0.0,0.0,13.783783783783784,0.32432432432432434,4.27027027027027,0.0,0.0,11.378378378378379,18.91891891891892
1035,0.0,0.0,0.0,0.0,0.0,0.0,0.0,0.0,0.4,0.0,0.0,0.0,0.0,0.0,0.0,85.97142857142858,0.5142857142857142,0.0,0.0,0.0,12.285714285714286,21.2
1036,0.0,0.0,0.0,0.0,0.0,0.0,0.0,0.0,4.2727272727272725,0.0,0.0,0.0,0.0,0.0,0.0,30.575757575757574,0.12121212121212122,0.0,0.0,0.0,20.242424242424242,31.96969696969697
1037,0.35365853658536583,0.0,0.0,0.0,0.0,0.0,0.0,1.475609756097561,0.0,0.0,0.0,0.0,0.0,0.0,0.0,7.7926829268292686,0.0,7.182926829268292,0.0,0.0,6.914634146341464,12.78048780487805
1038,0.0,0.0,0.0,0.0,0.0,0.0,0.0,1.2238805970149254,0.0,0.0,0.0,0.0,0.0,0.0,0.0,3.3134328358208953,0.0,0.43283582089552236,0.0,0.0,4.6716417910447765,8.895522388059701
1039,0.0,0.0,0.0,0.10784313725490197,1.088235294117647,0.0,0.0,0.0,0.0,0.0,1.411764705882353,0.0,0.0,0.0,0.0,5.009803921568627,0.0,1.3529411764705883,0.0,0.0,3.7058823529411766,7.480392156862745
1040,0.0,0.0,0.0,0.0,0.0,0.0,0.0,0.0,0.0,0.0,0.0,0.0,0.0,0.0,0.0,1.6875,0.0,4.625,0.0,0.0,3.625,7.8125
1041,0.48,0.0,0.0,0.0,0.0,0.0,0.0,0.0,0.0,0.0,0.0,0.0,0.0,0.0,0.0,2.04,0.0,0.92,0.0,0.0,3.0,7.12
1042,0.0,0.0,0.0,0.0,0.0,0.0,0.0,0.7364864864864865,0.0,0.0,0.0,0.0,0.0,0.0,0.0,3.52027027027027,0.0,0.7162162162162162,0.0,0.0,9.18918918918919,15.47972972972973
1043,0.0,0.0,0.0,0.0,3.9411764705882355,0.0,1.0,0.4117647058823529,0.0,0.5882352941176471,0.0,0.0,0.0,0.0,4.294117647058823,30.941176470588236,3.5294117647058822,0.0,0.0,0.0,13.764705882352942,21.470588235294116
1044,1.2820512820512822,0.2564102564102564,0.6153846153846154,0.5384615384615384,0.0,0.0,2.58974358974359,6.051282051282051,0.0,0.7435897435897436,0.0,0.0,0.0,0.0,0.6923076923076923,68.07692307692308,2.58974358974359,0.0,1.641025641025641,0.0,35.256410256410255,56.41025641025641
1045,0.0,0.0,0.0,0.0,0.0,0.0,0.0,0.0,0.0,0.0,0.0,0.0,2.9714285714285715,0.0,0.0,19.642857142857142,0.12857142857142856,1.2571428571428571,0.0,0.0,23.428571428571427,42.05714285714286
1046,0.0,0.0,0.0,0.0,0.0,0.0,0.03278688524590164,0.0,0.0,0.0,0.0,0.0,0.0,0.01639344262295082,0.0,5.327868852459017,0.01639344262295082,1.6229508196721312,0.0,0.0,12.081967213114755,19.62295081967213
1047,0.32142857142857145,0.0,0.0,0.0,0.0,0.0,0.03571428571428571,0.2857142857142857,0.03571428571428571,0.0,5.142857142857143,0.0,0.0,0.0,0.0,55.285714285714285,0.10714285714285714,0.0,10.285714285714286,0.0,17.285714285714285,29.357142857142858
1048,0.20422535211267606,0.0,0.0,0.0,0.0,0.0,0.0,0.04225352112676056,0.0,0.0,0.0,0.0,0.0,0.0,0.0,2.204225352112676,0.0,0.852112676056338,0.0,0.0,10.809859154929578,19.274647887323944
1049,0.0,0.0,0.0,0.0,0.0,0.0,0.0,2.0,0.0,0.0,0.0,0.0,0.0,0.0,0.0,5.5,0.0,0.0,0.0,0.0,7.785714285714286,12.607142857142858
1050,0.49523809523809526,0.0,0.0,0.0,0.0,0.0,0.0,1.8761904761904762,0.0,0.0,0.0,0.0,0.0,0.0,0.0,6.514285714285714,0.0,0.5238095238095238,0.0,0.0,11.6,21.6
1051,0.0,0.0,0.0,0.0,0.0,0.0,0.0,0.0,0.0,0.0,0.0,0.0,0.0,0.0,0.0,6.214285714285714,0.0,1.9464285714285714,0.0,0.0,5.535714285714286,10.910714285714286
1052,0.38961038961038963,0.07792207792207792,0.0,0.0,0.0,0.0,0.0,0.0,0.012987012987012988,0.0,0.0,0.0,0.0,0.0,0.0,48.064935064935064,0.0,0.0,0.0,0.0,18.051948051948052,30.246753246753247
1053,0.0,0.0,0.0,0.0,5.888888888888889,0.0,0.0,0.18518518518518517,0.0,0.0,15.037037037037036,0.0,0.0,0.0,0.0,46.111111111111114,0.1111111111111111,0.0,16.88888888888889,0.0,26.22222222222222,46.55555555555556
1054,0.0,0.0,0.0,0.0,0.0,0.0,0.0,0.2537313432835821,0.0,0.0,0.0,0.0,0.0,0.0,0.0,2.701492537313433,0.0,3.5970149253731343,0.0,0.0,7.865671641791045,12.940298507462687
1055,0.0,0.0,0.0,0.0,0.0,0.0,0.0,0.02564102564102564,0.0,0.0,0.0,0.0,0.0,0.0,0.0,5.282051282051282,0.0,0.8205128205128205,0.0,0.0,7.564102564102564,13.076923076923077
1056,0.9354838709677419,0.0,0.0,0.0,0.0,0.0,0.0,0.6451612903225806,0.0,0.0,3.6129032258064515,0.0,0.0,0.0,0.0,3.129032258064516,1.5161290322580645,2.7096774193548385,5.838709677419355,0.0,16.806451612903224,31.806451612903224
1057,0.2112676056338028,0.0,0.0,0.0,0.0,0.0,0.0,0.19718309859154928,0.0,0.0,0.0,0.0,0.0,0.0,0.0,2.8450704225352115,0.0,0.28169014084507044,0.0,0.0,14.154929577464788,23.309859154929576
1058,0.6595744680851063,0.0,0.0,0.0,0.7446808510638298,1.9148936170212767,0.0425531914893617,0.9787234042553191,0.0,0.0,0.0,0.0,0.0,0.0,0.0,90.06382978723404,0.5106382978723404,0.0,3.5531914893617023,0.0,21.574468085106382,39.08510638297872
1059,0.06349206349206349,0.0,0.0,0.0,0.0,0.0,0.0,0.1746031746031746,0.0,0.031746031746031744,0.0,0.0,0.0,0.0,0.0,7.0,0.0,4.873015873015873,0.0,0.0,11.515873015873016,19.22222222222222
1060,0.0,0.0,0.0,1.3333333333333333,4.238095238095238,0.0,0.0,0.38095238095238093,0.0,0.0,5.9523809523809526,0.0,0.0,0.0,0.0,8.928571428571429,0.0,4.9523809523809526,0.0,0.0,2.238095238095238,6.166666666666667
1061,0.0,0.0,0.0,0.0,0.25,0.0,0.0,0.0,0.0,0.0,0.0,0.0,0.0,0.15625,0.0,1.25,0.0,0.4375,7.53125,0.0,6.3125,13.03125
1062,0.0,0.0,0.0,0.8181818181818182,2.0,0.0,0.0,1.0606060606060606,0.0,0.0,2.212121212121212,0.0,0.0,0.0,0.0,7.767676767676767,0.0,2.686868686868687,1.3636363636363635,0.0,3.909090909090909,9.777777777777779
1063,0.0,0.0,0.0,0.0,0.0,0.0,0.0,0.6190476190476191,0.0,0.0,0.0,0.0,0.0,0.0,0.0,3.4285714285714284,0.0,0.783068783068783,0.0,0.0,8.56084656084656,16.59259259259259
1064,0.0,0.0,0.0,0.0,0.0,0.0,0.0,0.0,0.0,0.0,0.0,0.0,0.0,0.0,0.0,50.72727272727273,0.0,0.0,0.0,0.0,9.863636363636363,16.0
1065,0.0,0.972972972972973,0.0,1.027027027027027,0.0,0.0,0.02702702702702703,0.3783783783783784,0.0,0.0,4.486486486486487,0.0,0.0,0.0,0.0,58.54054054054054,0.2702702702702703,0.0,0.0,0.0,34.4054054054054,56.513513513513516
1066,0.09333333333333334,0.5866666666666667,0.0,0.76,0.12666666666666668,0.0,0.5,1.3266666666666667,0.0,0.25333333333333335,0.0,0.0,0.0,0.0,1.5866666666666667,10.533333333333333,0.7933333333333333,3.94,0.0,0.0,11.993333333333334,21.386666666666667
1067,0.0,0.0,0.0,1.044776119402985,1.8656716417910448,0.0,0.0,1.3880597014925373,0.0,0.0,0.0,0.0,0.0,0.0,0.0,8.35820895522388,0.0,6.186567164179104,0.0,0.0,20.276119402985074,38.291044776119406
1068,0.0,0.0,0.0,0.0,0.0,0.0,0.0,0.36363636363636365,0.0,0.0,0.0,0.0,0.0,0.0,0.0,31.818181818181817,0.0,0.0,0.0,0.0,4.909090909090909,9.787878787878787
1069,0.0,0.0,0.0,0.0,0.42424242424242425,0.0,0.7878787878787878,1.5151515151515151,0.0,0.21212121212121213,0.0,0.0,0.0,0.0,0.12121212121212122,43.63636363636363,2.515151515151515,0.0,0.0,0.0,16.424242424242426,27.424242424242426
1070,1.25,0.875,0.08333333333333333,0.4166666666666667,0.7083333333333334,0.0,0.5,1.7083333333333333,0.0,0.4583333333333333,0.0,0.0,0.0,0.0,0.0,136.875,1.25,0.0,2.5833333333333335,0.0,22.875,37.541666666666664
1071,0.0,0.0,0.0,0.0,0.0,0.0,0.0,0.2727272727272727,0.0,0.0,10.781818181818181,0.0,0.0,0.0,0.0,4.581818181818182,0.2909090909090909,1.3454545454545455,5.490909090909091,0.0,12.072727272727272,23.145454545454545
1072,1.6511627906976745,0.0,0.0,0.0,0.0,0.0,0.11627906976744186,0.0,0.0,0.0,0.0,0.0,0.0,0.0,0.0,107.79069767441861,0.813953488372093,0.0,3.883720930232558,0.0,24.88372093023256,42.27906976744186
1073,0.0,0.0,0.0,0.0,0.0,0.0,0.0,1.1136363636363635,0.0,0.0,0.0,0.0,0.0,0.0,0.0,1.4772727272727273,0.0,1.4545454545454546,0.0,0.0,6.0,11.795454545454545
1074,1.309090909090909,0.0,0.0,0.0,0.0,0.0,0.0,1.4545454545454546,0.0,0.0,0.0,0.0,0.0,0.0,0.0,8.2,0.0,0.09090909090909091,0.0,0.0,9.745454545454546,17.8
1075,0.0,0.0,0.0,0.0,0.041666666666666664,0.0,0.7916666666666666,0.75,0.0,1.0416666666666667,0.0,0.0,0.0,0.0,3.1875,84.89583333333333,5.3125,0.0,0.0,0.0,32.6875,54.729166666666664
1076,0.0,0.0,0.0,0.0,2.5,4.25,0.4444444444444444,0.0,0.0,0.0,5.861111111111111,0.0,0.0,0.0,0.0,40.05555555555556,0.1111111111111111,0.0,2.75,0.0,20.944444444444443,38.861111111111114
1077,0.03896103896103896,0.0,0.0,0.0,0.0,0.0,0.0,0.15584415584415584,0.0,0.0,0.0,0.0,0.0,0.0,0.0,7.8311688311688314,0.2597402597402597,7.8311688311688314,0.0,0.0,5.038961038961039,8.506493506493506
1078,0.0,0.0,0.0,0.0,0.0,0.0,0.25301204819277107,0.5542168674698795,0.6867469879518072,0.0,0.0,0.0,0.0,0.0,0.0,14.168674698795181,0.0,7.843373493975903,0.0,0.0,16.867469879518072,28.42168674698795
1079,0.0,0.0,0.0,0.0,0.0,0.0,0.0,1.5185185185185186,0.0,0.0,0.0,0.0,0.0,0.0,0.0,2.1481481481481484,0.0,0.25925925925925924,0.0,0.0,5.444444444444445,8.88888888888889
1080,1.088235294117647,0.0,0.0,0.0,0.0,0.0,0.0,0.47058823529411764,0.0,0.0,0.0,0.0,0.0,0.0,0.0,81.52941176470588,0.8823529411764706,0.0,0.0,0.0,28.38235294117647,45.35294117647059
1081,0.0,0.0,0.0,0.0,0.0,0.0,0.0,0.0,0.0,0.0,0.0,0.0,0.0,0.0,0.0,2.727272727272727,0.0,5.5636363636363635,0.0,0.0,4.345454545454546,8.254545454545454
1082,0.10869565217391304,0.0,0.0,0.0,0.0,0.15217391304347827,0.0,0.08695652173913043,0.0,0.0,0.0,0.0,0.0,0.0,0.0,4.065217391304348,0.0,0.0,0.6086956521739131,0.0,14.065217391304348,26.08695652173913
1083,0.0,0.0,0.0,0.0,0.0,0.0,0.0,0.0,0.0,0.0,0.0,0.0,5.291666666666667,0.0,0.0,35.291666666666664,0.3333333333333333,0.25,0.4166666666666667,0.0,19.833333333333332,34.375
1084,0.0,0.0,0.0,0.0,0.0,0.0,0.0,0.5416666666666666,0.0,0.0,0.0,0.0,0.0,0.0,0.06944444444444445,3.0972222222222223,0.06944444444444445,2.9444444444444446,0.0,0.0,4.180555555555555,8.61111111111111
1085,0.0,0.0,0.0,0.0,0.0,0.0,0.0,0.028985507246376812,0.0,0.0,0.0,0.0,0.0,0.0,0.0,2.5942028985507246,0.0,1.181159420289855,0.0,0.0,9.014492753623188,16.608695652173914
1086,0.0,0.0,0.0,0.0,0.0,0.0,0.0,0.0,0.0,0.0,0.0,0.0,0.0,0.0,0.0,1.631578947368421,0.0,1.605263157894737,0.0,0.0,4.2631578947368425,9.0
1087,0.0,0.0,0.0,0.0,0.0,0.0,0.0,1.3333333333333333,0.0,0.0,0.0,0.0,0.0,0.0,0.0,5.722222222222222,0.0,0.3888888888888889,0.0,0.0,7.0,14.61111111111111
1088,0.0,0.0,0.0,0.0,0.0,0.0,0.0,0.2204724409448819,0.0,0.0,0.0,0.0,0.0,0.0,0.0,5.456692913385827,0.0,2.377952755905512,0.4094488188976378,0.0,8.220472440944881,14.354330708661417
1089,0.0,0.0,0.0,0.0,1.3428571428571427,0.11428571428571428,0.0,0.0,0.0,0.0,3.5714285714285716,0.0,0.0,0.0,0.0,0.37142857142857144,0.11428571428571428,1.2571428571428571,2.914285714285714,0.0,11.914285714285715,25.0
1090,0.2191780821917808,0.0,0.0,0.0,0.0,0.0,0.0,0.2465753424657534,0.0,0.0,0.0,0.0,0.0,0.0,0.0,4.794520547945205,0.0,0.1780821917808219,0.0,0.0,12.219178082191782,20.34246575342466
1091,0.0,0.0,0.0,0.0,0.0,0.0,0.0,0.0,0.0,0.0,0.0,0.0,0.0,0.0,0.0,5.78125,0.0,8.359375,0.0,0.0,3.140625,6.3125
1092,1.6363636363636365,0.0,0.0,0.0,0.0,0.0,0.0,6.3090909090909095,0.0,0.0,0.0,0.0,0.0,0.0,0.0,17.745454545454546,0.0,4.763636363636364,0.0,9.236363636363636,21.163636363636364,38.72727272727273
1093,0.14925373134328357,0.0,0.0,0.0,0.0,0.0,0.0,0.0,0.0,0.0,0.0,0.0,0.0,0.0,0.0,2.0597014925373136,0.0,0.3582089552238806,0.0,0.0,15.64179104477612,26.26865671641791
1094,0.25,1.6590909090909092,0.0,0.0,0.0,0.0,0.0,0.0,0.0,0.0,0.0,0.0,0.0,0.0,0.0,94.27272727272727,0.4318181818181818,0.0,0.0,0.0,22.068181818181817,39.52272727272727
1095,0.2962962962962963,0.0,0.0,0.0,0.0,0.0,0.9629629629629629,3.7777777777777777,0.0,0.0,0.0,0.0,0.0,0.0,0.0,57.03703703703704,2.4074074074074074,0.0,0.0,0.0,21.74074074074074,41.22222222222222
1096,0.0,0.0,0.0,0.0,0.0,0.0,0.0,0.0,0.058823529411764705,0.0,0.0,0.0,0.0,0.0,0.0,53.205882352941174,0.14705882352941177,0.0,0.0,0.0,20.0,33.38235294117647
1097,0.0,0.0,0.0,0.0,0.0,0.0,0.0,0.27835051546391754,0.0,0.0,0.0,0.0,0.0,0.0,0.0,2.417525773195876,0.0,1.0154639175257731,0.0,0.0,11.061855670103093,19.577319587628867
1098,0.0,0.0,0.0,0.0,0.0,0.0,0.0,0.0,0.0,0.0,0.0,0.0,0.0,0.0,0.0,1.6581196581196582,0.0,0.7094017094017094,0.0,0.0,11.034188034188034,19.45299145299145
1099,0.0,0.0,0.0,0.0,0.0,0.0,0.0,0.39473684210526316,0.0,0.0,0.0,0.0,0.0,0.0,0.0,2.6315789473684212,0.0,3.039473684210526,0.0,0.0,5.75,11.144736842105264
1100,0.0,0.0,0.0,2.8214285714285716,0.4642857142857143,0.0,0.0,0.03571428571428571,0.0,0.0,0.0,0.0,0.0,0.0,0.0,2.7142857142857144,0.0,0.03571428571428571,0.0,0.0,2.4285714285714284,4.892857142857143
1101,0.0,0.0,0.0,0.8125,5.604166666666667,0.0,0.0,0.0,0.0,0.0,25.3125,0.0,0.0,0.0,0.0,4.111111111111111,0.0,2.826388888888889,0.0,0.0,7.576388888888889,15.45138888888889
1102,0.0,0.0,0.0,1.3888888888888888,6.0,0.0,0.1111111111111111,0.4444444444444444,0.4444444444444444,0.0,3.0,0.0,0.0,0.0,0.0,32.611111111111114,0.3333333333333333,1.3333333333333333,0.0,0.0,7.166666666666667,11.666666666666666
1103,0.18181818181818182,0.0,0.0,0.0,0.0,0.0,0.0,0.1487603305785124,0.024793388429752067,0.008264462809917356,0.0,0.0,0.0,0.0,0.0,7.644628099173554,0.01652892561983471,3.6611570247933884,0.0,0.0,11.363636363636363,21.049586776859503
1104,0.11450381679389313,0.0,0.0,0.0,0.0,0.0,0.0,0.7099236641221374,0.0,0.0,0.0,0.0,0.0,0.0,0.0,1.4274809160305344,0.0,0.7557251908396947,0.0,0.0,6.6183206106870225,11.664122137404581
1105,0.0,0.0,0.0,0.0,0.0,0.0,0.0,5.040816326530612,0.0,0.0,0.0,0.0,0.0,0.0,0.0,7.755102040816326,0.0,0.46938775510204084,0.0,0.0,9.653061224489797,16.408163265306122
1106,0.0,0.0,0.0,0.0,0.0,0.0,0.0,0.15178571428571427,0.0,0.0,0.0,0.0,0.0,0.0,0.0,5.696428571428571,0.0,2.232142857142857,0.0,0.0,5.107142857142857,11.267857142857142
1107,0.0,0.0,0.0,0.0,1.8941176470588235,0.03529411764705882,0.0,0.0,0.0,0.0,7.435294117647059,0.0,0.0,0.0,0.3176470588235294,1.8823529411764706,0.0,0.058823529411764705,4.411764705882353,0.0,10.952941176470588,20.647058823529413
1108,0.0,0.0,0.0,0.0,0.0,0.0,0.0,0.45454545454545453,0.0,0.0,0.0,0.0,0.0,0.0,0.0,3.717171717171717,0.0,2.8181818181818183,0.0,0.0,5.515151515151516,9.262626262626263
1109,0.0,0.0,0.0,0.0,0.0,0.0,0.0,0.0,0.0,0.0,0.0,0.0,0.0,0.0,0.0,2.1392405063291138,0.0,1.5063291139240507,0.0,0.0,2.9240506329113924,6.063291139240507
1110,0.0,0.0,0.0,0.0,0.0,1.44,0.0,0.0,0.0,0.0,0.0,0.0,0.0,0.0,0.0,0.06,0.0,0.68,3.44,0.0,9.92,21.46
1111,0.0,0.0,0.0,0.0,0.0,0.0,0.0,0.0,2.02,0.0,0.0,0.0,0.0,0.0,0.0,33.48,0.08,0.0,0.0,0.0,16.58,27.54
1112,0.0,0.0,0.0,0.0,0.0,0.0,0.0,0.15294117647058825,0.0,0.0,0.0,0.0,0.0,0.0,0.0,2.164705882352941,0.0,3.0352941176470587,0.0,0.0,17.564705882352943,29.95294117647059
1113,0.0,0.0,0.0,0.0,0.0,0.0,0.0,4.088235294117647,0.0,0.0,0.0,0.0,0.0,0.0,0.0,4.411764705882353,0.0,2.3529411764705883,0.0,0.0,4.147058823529412,11.058823529411764
1114,0.8627450980392157,0.0,0.0,0.0,0.0,0.0,0.0,0.0,0.0,0.0,0.0,0.0,0.0,0.0,0.0,74.2156862745098,0.21568627450980393,0.0,2.196078431372549,0.0,22.137254901960784,38.11764705882353
1115,0.27007299270072993,0.0,0.0,0.0,0.0,0.0,0.0,0.39416058394160586,0.0,0.12408759124087591,0.0,0.0,0.0,0.0,0.0,3.7007299270072993,0.0,1.7956204379562044,0.0,0.0,12.700729927007298,20.605839416058394
1116,0.0,0.0,0.0,0.0,0.0,0.0,0.0,0.0,0.0,0.0,0.0,0.0,0.0,0.0,0.0,2.782608695652174,0.0,0.13043478260869565,0.0,0.0,6.869565217391305,10.26086956521739
1117,0.0,0.0,0.0,0.0,0.0,0.0,0.0,0.0,0.0,0.0,0.0,0.0,0.0,0.0,0.0,4.352941176470588,0.0,1.2941176470588236,0.0,0.0,2.6176470588235294,4.147058823529412
1118,0.10897435897435898,0.0,0.0,0.0,0.0,0.0,0.0,0.07051282051282051,0.0,0.0,0.0,0.0,0.0,0.0,0.0,2.4743589743589745,0.0,2.7115384615384617,0.07692307692307693,0.0,11.121794871794872,18.73076923076923
1119,0.0,0.0,0.0,0.0,0.0,0.0,0.0,2.4272727272727272,0.0,0.0,0.0,0.0,0.0,0.0,0.0,18.881818181818183,0.1,3.6545454545454548,0.0,0.0,9.663636363636364,18.2
1120,0.0,0.0,0.0,0.0,0.0,0.0,0.0,3.923076923076923,0.0,0.0,0.0,0.0,0.0,0.0,0.0,9.692307692307692,0.0,0.6923076923076923,0.0,0.0,7.153846153846154,12.307692307692308
1121,0.1652892561983471,0.0,0.0,0.0,0.0,0.0,0.0,0.36363636363636365,0.0,0.0,0.0,0.0,0.0,0.0,0.0,3.4710743801652892,0.0,1.2892561983471074,0.0,0.0,12.685950413223141,21.545454545454547
1122,0.0,0.0,0.0,0.07017543859649122,0.6140350877192983,0.0,0.0,0.12280701754385964,2.912280701754386,0.0,0.0,0.0,0.0,0.0,0.0,40.526315789473685,0.07017543859649122,0.0,0.0,0.0,3.8947368421052633,8.087719298245615
1123,0.0,0.0,0.0,0.015037593984962405,0.2781954887218045,0.0,0.0,0.0,0.0,0.0,0.13533834586466165,0.0,0.0,0.0,0.0,3.7593984962406015,0.0,1.7293233082706767,0.0,0.0,7.360902255639098,13.142857142857142
1124,0.0,0.0,0.0,0.5,1.8068181818181819,0.0,0.0,0.5681818181818182,0.3068181818181818,0.0,0.0,0.0,0.0,0.0,0.0,5.545454545454546,0.0,8.045454545454545,0.0,0.0,5.840909090909091,10.715909090909092
1125,0.0,0.0,0.0,0.0,2.760869565217391,1.5217391304347827,0.0,0.0,0.0,0.0,2.5869565217391304,0.0,0.0,0.0,0.0,0.30434782608695654,0.0,0.0,4.369565217391305,0.6086956521739131,10.673913043478262,19.391304347826086
1126,0.0,0.0,0.0,0.0070921985815602835,0.0,0.0,0.0,0.7021276595744681,0.0,0.0,0.0,0.0,0.0,0.0,0.0,3.2127659574468086,0.0,0.7163120567375887,0.0,0.0,11.170212765957446,19.141843971631207
1127,0.0,0.0,0.0,0.0,0.0,0.0,2.189189189189189,0.40540540540540543,0.0,0.9459459459459459,0.0,0.0,0.0,0.0,0.13513513513513514,87.51351351351352,3.27027027027027,0.0,0.0,0.0,21.62162162162162,36.67567567567568
1128,0.0,0.0,0.0,0.0,0.0,0.0,0.0,0.0,1.0869565217391304,0.0,0.0,0.0,0.0,0.0,0.0,85.58695652173913,0.021739130434782608,0.0,0.0,0.0,17.804347826086957,27.23913043478261
1129,0.6923076923076923,0.0,0.0,0.0,2.58974358974359,0.0,0.9230769230769231,0.23076923076923078,0.0,0.0,0.0,0.0,0.0,0.0,0.0,68.76923076923077,0.8717948717948718,0.0,4.846153846153846,0.0,25.358974358974358,46.15384615384615
1130,0.0,0.0,0.0,0.0,0.0,0.0,0.037037037037037035,0.0,11.851851851851851,0.0,0.0,0.0,0.0,0.0,0.25925925925925924,65.22222222222223,1.037037037037037,0.0,0.0,0.0,27.37037037037037,47.2962962962963
1131,0.0,0.0,0.0,0.0,0.0,0.0,0.0,0.0,0.0,0.0,0.0,0.0,0.0,0.0,0.0,1.5,0.0,1.1923076923076923,0.0,0.0,2.1538461538461537,6.730769230769231
1132,0.0,0.0,0.0,0.0,0.0,0.0,0.0,0.0,0.0,0.0,0.0,0.0,0.0,0.0,0.0,1.0,0.0,0.0,0.0,0.0,4.4375,5.875
1133,0.0,0.0,0.0,0.0,0.0,0.0,0.0,0.0,0.0,0.0,0.0,0.0,0.0,0.0,1.0,2.25,0.0,0.0,0.0,0.0,12.875,25.875
1134,0.36363636363636365,0.0,0.0,0.0,0.0,0.0,0.7575757575757576,0.3333333333333333,1.0909090909090908,0.0,0.0,0.0,0.0,0.0,0.696969696969697,43.90909090909091,1.4242424242424243,5.848484848484849,0.0,6.242424242424242,36.03030303030303,64.0909090909091
1135,0.0,0.0,0.0,0.07801418439716312,0.0,0.0,0.0,1.0921985815602837,0.0,0.0,0.0,0.0,0.0,0.0,0.0,2.198581560283688,0.0,1.3829787234042554,0.0,0.0,10.205673758865249,19.06382978723404
1136,0.15702479338842976,0.0,0.0,0.0,0.0,0.0,0.0,1.6528925619834711,0.0,0.0,0.0,0.0,0.0,0.0,0.0,3.024793388429752,0.0,0.2066115702479339,0.0,0.0,13.479338842975206,23.47107438016529
1137,0.0,0.0,0.0,0.0,0.0,0.0,0.0,0.2,0.0,0.0,0.0,0.0,0.0,0.0,0.0,6.0,0.0,3.5,0.0,0.0,3.9,11.9
1138,0.13793103448275862,0.0,0.0,0.0,0.0,0.0,0.0,0.13793103448275862,0.0,0.0,0.0,0.0,0.0,0.0,0.0,46.0,0.6551724137931034,0.0,8.068965517241379,0.0,21.75862068965517,41.3448275862069
1139,0.0,0.0,0.0,0.0,0.0,0.0,0.0,0.034482758620689655,0.0,0.0,0.0,0.0,0.0,0.0,0.0,1.793103448275862,0.0,0.5,0.0,0.0,4.758620689655173,7.862068965517241
1140,0.1092436974789916,0.0,0.0,0.0,0.0,0.0,0.0,0.0,0.0,0.0,0.0,0.0,0.0,0.0,0.0,8.260504201680673,0.0,1.0252100840336134,0.0,0.0,8.731092436974789,13.983193277310924
1141,0.0,0.0,0.0,0.0,0.0,0.0,0.0,0.0,0.0,0.0,0.0,0.0,0.0,0.0,0.0,89.875,0.4166666666666667,0.0,0.2916666666666667,0.0,11.583333333333334,19.458333333333332
1142,0.0,0.0,0.0,0.2867132867132867,0.18181818181818182,0.0,0.0,0.3356643356643357,0.0,0.0,0.0,0.0,0.0,0.0,0.0,4.713286713286713,0.0,0.8951048951048951,0.0,0.0,7.111888111888112,13.146853146853147
1143,0.0,0.0,0.0,0.21428571428571427,1.625,0.0,0.0,0.0,0.0,0.0,3.857142857142857,0.0,0.0,0.0,0.0,4.089285714285714,0.0,1.6071428571428572,0.0,0.0,1.9642857142857142,4.928571428571429
1144,0.0,0.0,0.0,0.0,0.0,0.0,0.0,0.02857142857142857,0.0,0.0,0.0,0.0,0.0,0.0,0.0,2.4685714285714284,0.0,1.5542857142857143,0.0,0.0,8.274285714285714,15.211428571428572
1145,0.0,0.0,0.0,0.6134453781512605,3.495798319327731,0.0,0.0,0.4117647058823529,0.0,0.0,0.6890756302521008,0.0,0.0,0.0,0.0,2.3949579831932772,0.0,1.2605042016806722,0.0,0.0,11.07563025210084,19.462184873949578
1146,0.07142857142857142,0.0,0.0,0.0,0.0,0.0,0.0,0.8428571428571429,0.0,0.0,0.0,0.0,0.0,0.0,0.0,2.3142857142857145,0.0,1.0714285714285714,0.0,0.0,4.914285714285715,9.3
1147,0.0,0.0,0.0,0.0,0.0,1.2361111111111112,0.0,0.0,0.0,0.0,1.5694444444444444,0.0,0.0,0.0,0.0,0.7361111111111112,0.0,1.8472222222222223,0.7777777777777778,0.09722222222222222,10.36111111111111,20.02777777777778
1148,0.0,0.0,0.0,0.0,0.0,0.0,0.0,0.0,2.090909090909091,0.0,0.0,0.0,0.0,0.0,0.0,49.36363636363637,0.0,0.0,0.0,0.0,5.7272727272727275,7.818181818181818
1149,1.5909090909090908,0.0,0.0,0.0,0.0,0.0,0.0,0.0,0.0,0.0,0.0,0.0,0.0,0.0,0.0,177.72727272727272,0.7272727272727273,0.0,0.0,27.59090909090909,21.636363636363637,39.54545454545455
1150,0.625,0.0,0.0,0.0,0.0,0.0,0.53125,0.0,0.03125,0.0,0.0,0.0,0.0,0.0,0.46875,36.78125,1.71875,1.21875,0.0,0.3125,32.375,57.375
1151,0.0,0.0,0.0,0.0,0.0,0.0,0.0,0.0,0.0,0.0,0.0,0.0,0.0,0.0,0.0,2.926470588235294,0.0,2.4558823529411766,0.0,0.0,2.2058823529411766,5.676470588235294
1152,0.0,0.0,0.0,0.0,0.0,0.0,0.0,0.1792452830188679,0.0,0.0,0.0,0.0,0.0,0.0,0.0,9.037735849056604,0.0,1.4056603773584906,0.0,0.0,5.688679245283019,11.641509433962264
1153,0.0,0.0,0.0,0.0,0.0,9.216216216216216,0.0,0.0,0.0,0.0,0.0,0.0,0.0,0.0,0.0,0.0,0.0,0.0,0.7837837837837838,3.108108108108108,10.35135135135135,23.62162162162162
1154,0.0,0.0,0.0,0.0,0.0,0.0,1.024390243902439,0.0,1.9024390243902438,0.0,0.0,0.0,0.0,0.0,2.341463414634146,70.85365853658537,2.1707317073170733,0.0,0.0,0.0,23.658536585365855,38.926829268292686
1155,0.0,0.0,0.0,0.5178571428571429,0.0,0.125,0.14285714285714285,0.0,0.0,0.0,4.607142857142857,0.0,0.0,0.0,0.23214285714285715,2.0714285714285716,0.6428571428571429,0.0,0.3392857142857143,0.0,13.767857142857142,26.178571428571427
1156,0.0,0.0,0.0,0.0,0.0,0.0,0.0,0.9032258064516129,0.0,0.0,0.0,0.0,0.0,0.0,0.0,8.419354838709678,0.0,1.6451612903225807,0.0,0.0,11.774193548387096,20.64516129032258
1157,0.0,0.0,0.0,0.0,0.0,0.0,0.0,0.0,0.0,0.0,0.0,0.0,0.0,0.0,0.0,1.5,0.0,0.0,0.0,0.0,5.5,8.625
1158,0.0,0.0,0.0,0.0,0.0,0.0,0.006756756756756757,0.16216216216216217,0.0,0.0,0.08783783783783784,0.0,0.0,0.0,0.0,3.114864864864865,0.0,0.20270270270270271,0.0,0.0,8.047297297297296,13.83108108108108
1159,0.0,0.0,0.0,0.0,0.0,0.0,0.0,0.0,0.0,0.0,0.0,0.0,0.0,0.0,0.05,2.61,0.0,0.175,0.0,0.0,9.325,15.755
1160,0.0,0.0,0.0,0.0,0.0,0.0,0.0,0.0,3.967741935483871,0.0,0.0,0.0,0.0,0.0,0.0,75.41935483870968,0.1935483870967742,0.0,0.0,0.0,27.419354838709676,44.41935483870968
1161,1.0512820512820513,0.0,0.0,0.5641025641025641,4.384615384615385,0.0,1.2820512820512822,3.230769230769231,0.0,0.6410256410256411,0.0,0.0,0.0,0.0,0.0,71.7948717948718,3.8205128205128207,0.0,0.0,0.0,37.97435897435897,59.87179487179487
1162,0.0,0.0,0.0,0.0,0.0,0.0,0.0,0.0,0.0,0.0,0.0,0.0,0.0,0.0,0.0,13.25,0.0,10.136363636363637,0.0,0.0,17.022727272727273,29.90909090909091
1163,0.09032258064516129,0.0,0.0,0.0,0.7161290322580646,0.0,0.0,1.864516129032258,0.0,0.0,0.3419354838709677,0.0,0.0,0.0,0.0,6.245161290322581,0.0,1.135483870967742,0.0,0.0,11.535483870967742,20.412903225806453
1164,0.0,0.0,0.0,0.0,0.0,0.0,0.0,0.0,0.0,0.0,0.0,0.0,0.0,0.0,0.0,5.428571428571429,0.0,3.0,0.0,0.0,6.285714285714286,7.857142857142857
1165,0.0,0.0,0.0,0.275,0.7375,0.0,0.0,0.425,0.45,0.0,0.0,0.0,0.0,0.0,0.0,6.775,0.0,2.45,0.0,0.0,7.775,14.1875
1166,0.0,0.0,0.0,0.0,0.75,0.0,0.0,0.0,0.0,0.0,0.0,0.0,0.0,0.0,0.0,2.95,0.0,2.8,0.0,0.0,4.3,4.85
1167,0.5625,0.0,0.0,0.0,0.0,0.0,0.125,0.3125,0.0,0.375,0.0,0.0,0.0,0.0,3.4375,136.4375,2.0625,0.0,0.0,0.0,11.0,19.625
1168,0.0,0.0,0.0,0.0,0.0,0.0,0.0,0.0,0.0,0.0,0.0,0.0,0.0,0.0,0.0,2.169811320754717,0.0,0.4339622641509434,0.0,0.0,3.4716981132075473,6.415094339622642
1169,0.0,0.0,0.0,0.5180722891566265,12.313253012048193,0.0,0.0,0.0,0.0,0.0,19.433734939759034,0.0,0.0,0.0,0.0,3.5301204819277108,0.0,0.40963855421686746,0.0,0.0,4.445783132530121,9.481927710843374
1170,0.0,0.0,0.0,0.0,0.0,0.0,0.0,0.4567901234567901,0.0,0.0,0.0,0.0,0.0,0.0,0.0,11.024691358024691,0.0,3.8641975308641974,0.0,0.0,4.222222222222222,8.765432098765432
1171,0.05,0.0,0.3,0.0,0.0,0.0,1.45,1.875,0.0,0.5,0.0,0.0,0.0,0.0,1.8,56.0,2.575,0.0,0.1,0.0,30.65,53.275
1172,0.38011695906432746,0.0,0.0,0.04678362573099415,0.017543859649122806,0.0,0.0,0.0935672514619883,0.0,0.0,0.04678362573099415,0.0,0.0,0.0,0.0,8.538011695906432,0.0,4.374269005847953,0.0,0.0,5.356725146198831,9.988304093567251
1173,0.0,0.0,0.0,0.0,0.0,0.0,0.0,0.47,0.0,0.0,0.0,0.0,0.0,0.0,0.0,11.45,0.0,12.21,0.0,0.0,18.36,30.58
1174,0.0,0.0,0.0,1.5774647887323943,19.366197183098592,0.0,0.08450704225352113,0.07042253521126761,0.0,0.0,45.225352112676056,0.0,0.0,0.0,0.0,5.690140845070423,0.0,0.2676056338028169,0.0,0.0,2.436619718309859,7.366197183098592
1175,0.0,0.0,0.0,0.46808510638297873,0.3617021276595745,5.042553191489362,0.0,0.0,0.0,0.0,5.0,0.0,0.0,0.0,0.0,1.0212765957446808,0.0,0.46808510638297873,0.0,0.0,15.872340425531915,28.74468085106383
1176,1.0526315789473684,0.0,0.0,0.0,0.0,0.0,0.0,0.10526315789473684,0.0,0.0,0.0,0.0,0.0,0.0,0.42105263157894735,131.42105263157896,0.6842105263157895,0.0,2.210526315789474,0.0,6.947368421052632,13.0
1177,0.52,0.0,0.0,0.0,0.0,0.0,0.04,0.08,0.0,0.0,0.0,0.0,0.0,0.0,0.0,15.2,0.12,0.0,0.0,0.0,20.52,33.72
1178,0.0,0.0,0.0,0.0,0.0,0.0,0.0,0.0,0.0,0.0,0.0,0.0,0.0,0.0,0.0,11.285714285714286,0.0,13.904761904761905,0.0,0.0,4.333333333333333,6.238095238095238
1179,0.0,0.0,0.0,0.0,0.0,0.0,0.0,0.0,0.0,0.0,0.35514018691588783,0.0,0.0,0.0,0.0,3.574766355140187,0.0,0.8551401869158879,0.0,0.0,10.285046728971963,18.799065420560748
1180,0.0,0.0,0.0,0.42105263157894735,0.0,0.0,0.21052631578947367,0.0,0.0,0.0,0.0,0.0,0.0,0.0,1.4210526315789473,7.315789473684211,0.9473684210526315,0.0,0.0,0.0,7.473684210526316,12.31578947368421
1181,0.0,0.0,0.0,3.9523809523809526,7.083333333333333,0.0,0.0,1.0595238095238095,0.0,0.0,0.0,0.0,0.0,0.0,0.0,5.428571428571429,0.0,5.511904761904762,0.0,0.0,7.821428571428571,16.154761904761905
1182,0.0,0.0,0.0,0.8936170212765957,9.425531914893616,0.0,0.0,0.0,0.0,0.0,15.414893617021276,0.0,0.0,0.0,0.0,3.74468085106383,0.0,3.9361702127659575,0.0,0.0,6.0212765957446805,11.617021276595745
1183,0.0,0.0,0.0,0.11764705882352941,0.21323529411764705,0.0,0.0,0.125,0.0,0.0,0.0,0.0,0.0,0.0,0.0,2.764705882352941,0.0,1.375,0.0,0.0,6.014705882352941,11.558823529411764
1184,0.0,0.0,0.0,0.0,0.0,0.0,0.0,1.7079646017699115,0.0,0.0,0.0,0.0,0.0,0.0,0.0,10.265486725663717,0.0,6.088495575221239,0.0,0.0,10.123893805309734,19.24778761061947
1185,0.0,0.0,0.0,0.0,0.0,0.0,0.0,0.6428571428571429,0.0,0.0,0.0,0.0,0.0,0.0,0.0,3.0476190476190474,0.0,0.0,0.0,0.0,6.0476190476190474,11.357142857142858
1186,0.0,0.0,0.0,0.0,0.0,0.0,0.0,0.15,0.0,0.0,0.0,0.0,0.0,0.0,0.0,2.8,0.0,1.025,0.0,0.0,4.975,9.275
1187,0.6304347826086957,0.0,0.0,0.0,0.0,0.0,0.0,0.0,0.0,0.043478260869565216,0.0,0.0,0.0,0.0,0.0,49.5,0.06521739130434782,0.0,0.0,0.0,27.782608695652176,47.21739130434783
1188,0.9487179487179487,0.0,0.0,0.0,0.0,0.0,0.5128205128205128,0.0,0.0,0.7948717948717948,0.0,0.0,0.0,0.0,2.5128205128205128,71.2051282051282,2.641025641025641,0.0,0.0,0.0,36.61538461538461,60.666666666666664
1189,0.0,0.0,0.0,0.0,0.0,0.0,0.0,0.84,0.0,0.0,0.0,0.0,0.0,0.0,0.0,19.96,0.0,11.06,0.0,0.0,9.06,15.96
1190,0.09302325581395349,0.0,0.0,0.0,0.0,0.0,0.0,0.015503875968992248,0.0,0.0,0.0,0.0,0.0,0.0,0.0,1.8372093023255813,0.0,3.7674418604651163,0.0,0.0,10.271317829457365,18.565891472868216
1191,0.0,0.0,0.0,0.0,0.0,0.0,0.0,0.3805309734513274,0.0,0.0,0.0,0.0,0.0,0.0,0.0,1.5663716814159292,0.0,1.1061946902654867,0.0,0.0,12.371681415929203,20.82300884955752
1192,0.0,0.0,0.0,0.0,0.0,0.0,0.0,0.0,0.0,0.0,0.0,0.0,0.0,0.0,0.0,9.064516129032258,0.0,1.1935483870967742,0.0,0.0,4.645161290322581,7.645161290322581
1193,0.0,0.0,0.0,0.0,0.0,0.0,0.625,3.4375,0.0,0.6875,0.0,0.0,0.0,0.0,0.0,127.1875,3.4375,0.0,0.0,0.0,13.5,24.125
1194,0.9,0.0,0.0,0.0,0.0,0.0,0.0,0.0,0.0,0.0,0.0,0.0,0.0,0.0,0.0,76.6,0.4,0.0,0.0,0.0,10.8,20.2
1195,1.2272727272727273,0.0,0.4090909090909091,0.0,0.7272727272727273,0.0,1.6363636363636365,3.409090909090909,0.0,0.5909090909090909,0.0,0.0,0.0,0.0,0.13636363636363635,44.22727272727273,2.727272727272727,0.0,2.0,0.0,25.818181818181817,48.5
1196,0.5,0.0,0.0,0.0,0.0,0.0,0.0,0.0,0.0,0.0,27.45,0.0,0.0,0.0,0.0,60.15,0.0,0.0,0.0,0.0,29.7,48.85
1197,0.0,0.0,0.0,0.0,0.0,0.0,0.0,0.72,0.0,0.0,0.0,0.0,0.0,0.0,0.0,3.36,0.0,0.92,0.0,0.0,4.48,8.52
1198,0.0,0.0,0.0,1.5391304347826087,0.5217391304347826,0.0,0.0,0.43478260869565216,0.0,0.0,0.1565217391304348,0.0,0.0,0.0,0.0,4.556521739130435,0.0,4.269565217391304,0.0,0.0,13.408695652173913,23.130434782608695
1199,0.07729468599033816,0.0,0.0,0.0,0.0,0.0,0.0,0.3526570048309179,0.0,0.0,0.0,0.0,0.0,0.0,0.0,8.63768115942029,0.0,0.5362318840579711,0.0,0.0,15.681159420289855,28.014492753623188
1200,0.0,0.0,0.0,1.127659574468085,8.148936170212766,0.0,0.0,0.425531914893617,0.0,0.0,0.0,0.0,0.0,0.0,0.0,55.87234042553192,0.1276595744680851,0.0,4.48936170212766,0.0,19.106382978723403,29.70212765957447
1201,0.0,0.0,0.0,0.0,0.0,0.0,0.0,0.0,0.0,0.0,0.0,0.0,0.0,0.0,0.0,4.079754601226994,0.0,3.208588957055215,0.0,0.0,9.613496932515337,17.680981595092025
1202,0.0,0.0,0.0,0.664,0.704,0.0,0.0,0.0,0.0,0.0,5.776,0.0,0.0,0.0,0.0,3.72,0.0,5.408,0.0,0.0,6.856,13.072
1203,0.12871287128712872,0.0,0.0,0.034653465346534656,0.0049504950495049506,0.0,0.0,0.5,0.0,0.0,0.0,0.0,0.0,0.0,0.0,3.9356435643564356,0.0,1.8564356435643565,0.0,0.0,13.247524752475247,22.787128712871286
1204,0.0,0.0,0.0,0.0,0.0,0.0,0.0,0.3333333333333333,0.0,0.0,0.0,0.0,0.0,0.0,0.0,5.444444444444445,0.022222222222222223,0.26666666666666666,0.0,0.0,3.577777777777778,7.955555555555556
1205,0.0,0.0,0.0,0.0,0.8478260869565217,0.0,0.0,0.0,0.0,0.0,0.9782608695652174,0.0,0.0,0.0,0.0,1.6521739130434783,0.0,0.0,0.0,0.0,1.891304347826087,5.760869565217392
1206,0.3939393939393939,0.0,0.0,0.0,0.0,0.0,0.0,0.0,0.0,0.0,0.0,0.0,0.0,0.0,0.15151515151515152,94.0,0.3939393939393939,0.0,0.0,0.0,10.575757575757576,18.424242424242426
1207,0.0,0.0,0.0,0.375,0.25,0.0,0.0,0.75,0.0,0.0,0.0,0.0,0.0,0.0,0.0,7.5,0.0,10.75,0.0,0.0,4.6875,7.875
1208,0.0,0.0,0.0,0.0,0.0,0.0,0.0,0.175,0.0,0.0,0.0,0.0,0.0,0.0,0.0,2.675,0.0,0.65,0.0,0.0,8.3625,16.025
1209,0.5084745762711864,0.5932203389830508,0.0,0.0,0.0,0.0,0.3898305084745763,1.4576271186440677,0.0,0.5423728813559322,0.0,0.0,0.0,0.0,0.0,89.62711864406779,1.7796610169491525,0.0,0.0,0.0,31.11864406779661,50.30508474576271
1210,0.0,0.0,0.0,0.0,0.0,0.0,0.0,1.3333333333333333,0.0,0.0,0.0,0.0,0.0,0.0,0.0,3.2745098039215685,0.0,0.5686274509803921,0.0,0.0,4.823529411764706,8.254901960784315
1211,0.0,0.0,0.0,0.0,0.0,0.0,0.0,0.0,1.975,0.0,0.0,0.0,0.0,0.0,0.225,39.425,0.4,0.0,0.0,0.0,19.375,34.55
1212,0.0,0.0,0.0,0.011764705882352941,0.7058823529411765,0.0,0.36470588235294116,1.4,0.0,0.0,1.988235294117647,0.0,0.0,0.0,0.0,4.541176470588235,0.7176470588235294,4.764705882352941,0.0,0.0,8.670588235294117,16.694117647058825
1213,0.8292682926829268,0.0,0.0,0.12195121951219512,0.7317073170731707,0.0,0.0,0.0,0.0,0.0,0.0,0.0,0.0,0.0,0.0,62.80487804878049,0.21951219512195122,1.829268292682927,0.0,0.0,4.682926829268292,9.658536585365853
1214,0.0,0.0,0.0,0.0,0.0,0.0,0.0,0.0,0.0,0.0,0.0,0.0,0.0,0.0,0.0,2.0714285714285716,0.0,0.0,0.0,0.0,3.2142857142857144,8.214285714285714
1215,0.0,0.0,0.0,0.0,0.0,0.0,0.0,1.2878787878787878,0.0,0.0,0.0,0.0,0.0,0.0,0.0,4.333333333333333,0.0,0.21212121212121213,0.0,0.0,6.196969696969697,13.166666666666666
1216,0.0,0.0,0.0,0.0,0.0,0.0,0.0,0.0,0.0,0.0,0.0,0.0,0.0,0.0,0.0,1.1346153846153846,0.028846153846153848,2.730769230769231,0.0,0.0,2.201923076923077,5.144230769230769
1217,0.0,0.0,0.0,0.0,0.0,0.0,0.0,0.5923076923076923,0.0,0.0,0.0,0.0,0.0,0.0,0.0,3.8230769230769233,0.007692307692307693,2.169230769230769,0.0,0.0,10.815384615384616,18.192307692307693
1218,0.0,0.0,0.0,0.6617647058823529,2.5588235294117645,0.0,0.0,0.014705882352941176,0.0,0.0,0.1323529411764706,0.0,0.0,0.0,0.0,8.397058823529411,0.0,7.3088235294117645,0.0,0.0,14.102941176470589,24.470588235294116
1219,0.0,0.0,0.0,0.0,0.0,0.0,0.0,0.0,0.0,0.0,0.0,0.0,0.0,0.0,0.0,50.07692307692308,0.3076923076923077,0.0,0.0,0.0,11.846153846153847,22.076923076923077
1220,0.7636363636363637,0.0,0.0,0.0,0.0,0.0,0.7090909090909091,0.0,0.0,0.0,0.0,0.0,0.0,0.0,0.0,83.87272727272727,1.0,0.0,0.0,0.5272727272727272,37.10909090909091,60.78181818181818
1221,0.0,0.0,0.0,0.0,0.0,0.0,0.0,1.1458333333333333,0.0,0.0,0.0,0.0,0.0,0.0,0.0,4.0,0.0,0.10416666666666667,0.0,0.0,5.479166666666667,11.083333333333334
1222,0.0,0.0,0.0,1.0,14.690909090909091,0.0,0.0,0.0,0.0,0.0,31.363636363636363,0.0,0.0,0.0,0.0,1.2727272727272727,0.0,0.0,0.0,0.0,4.509090909090909,9.909090909090908
1223,0.0,0.0,0.0,0.0,0.0,0.0,0.0,1.0394736842105263,0.0,0.0,0.0,0.0,0.0,0.0,0.0,14.078947368421053,0.013157894736842105,5.2368421052631575,0.0,0.0,3.3421052631578947,7.0394736842105265
1224,0.0,0.0,0.0,0.7692307692307693,2.4358974358974357,0.0,0.07692307692307693,0.3076923076923077,0.0,0.0,1.794871794871795,0.0,0.0,0.0,0.0,30.692307692307693,0.05128205128205128,0.0,1.2307692307692308,0.0,17.76923076923077,28.743589743589745
1225,1.0434782608695652,0.0,0.0,0.0,0.0,0.0,0.0,1.4057971014492754,0.0,0.0,0.0,0.0,0.0,0.0,0.0,12.840579710144928,0.0,2.1956521739130435,0.0,0.0,9.22463768115942,15.72463768115942
1226,0.0,0.0,0.0,0.0,0.0,0.0,0.0,0.2222222222222222,3.5555555555555554,0.0,0.0,0.0,0.0,0.0,0.0,5.285714285714286,0.0,6.142857142857143,0.0,0.0,11.53968253968254,20.50793650793651
1227,0.0,0.0,0.0,0.0,0.0,0.0,0.0,0.0,0.0,0.0,0.0,0.0,0.0,0.0,0.0,3.630434782608696,0.0,1.75,0.0,0.0,6.913043478260869,14.543478260869565
1228,0.0,0.0,0.0,1.0789473684210527,3.3421052631578947,0.0,0.13157894736842105,1.5,0.0,0.0,3.9210526315789473,0.0,0.0,0.0,0.0,44.0,1.1842105263157894,0.0,3.1842105263157894,0.0,25.342105263157894,39.39473684210526
1229,0.0,0.0,0.0,0.0,0.0,0.0,0.0,0.0,0.05263157894736842,0.0,0.0,0.0,0.0,0.0,0.0,93.65789473684211,0.34210526315789475,0.0,0.0,0.0,38.473684210526315,66.0
1230,0.0,0.0,0.0,2.2371794871794872,8.60897435897436,0.0,0.0,0.0,0.0,0.0,19.41025641025641,0.0,0.0,0.0,0.0,2.6923076923076925,0.0,1.8012820512820513,0.0,0.0,11.333333333333334,21.916666666666668
1231,0.2838709677419355,0.0,0.0,0.0,0.0,0.0,0.0,1.1548387096774193,0.0,0.0,0.0,0.0,0.0,0.0,0.0,3.9419354838709677,0.0,4.2,0.0,0.0,11.95483870967742,21.019354838709678
1232,0.0,0.0,0.0,0.0,0.0,0.0,0.0,0.0,0.0,0.0,0.0,0.0,0.0,0.0,0.0,1.0454545454545454,0.0,1.1590909090909092,0.0,0.0,2.75,7.454545454545454
1233,0.0,0.0,0.0,0.20512820512820512,0.0,0.0,0.0,0.10256410256410256,0.0,0.0,0.4230769230769231,0.0,0.0,0.0,0.0,1.2692307692307692,0.0,6.32051282051282,0.0,0.0,5.871794871794871,10.85897435897436
1234,0.0,0.0,0.0,0.0,0.8028169014084507,0.0,0.0,0.704225352112676,0.0,0.0,1.1971830985915493,0.0,0.0,0.0,0.0,4.178403755868545,0.0,1.15962441314554,0.0,0.0,6.629107981220657,12.244131455399062
1235,0.0,0.0,0.0,0.0,0.0,0.0,0.0,0.3507853403141361,0.0,0.0,0.0,0.0,0.0,0.0,0.0,4.282722513089006,0.0,3.492146596858639,0.0,0.0,8.722513089005236,15.979057591623036
1236,1.3,0.0,0.0,0.0,0.0,0.0,0.13333333333333333,0.0,0.9666666666666667,0.0,0.0,0.0,0.0,0.0,0.36666666666666664,100.4,0.8666666666666667,0.0,0.0,0.0,29.633333333333333,48.766666666666666
1237,0.0,0.0,0.0,0.0,1.1111111111111112,0.0,0.0,0.0,0.0,0.0,0.0,0.0,0.0,0.0,0.0,2.757575757575758,0.0,5.848484848484849,0.0,0.0,2.1616161616161618,4.888888888888889
1238,0.0,0.0,0.0,0.0,0.0,0.0,0.0,0.0,0.0,0.0,0.0,0.0,0.0,0.0,0.0,2.5903614457831323,0.0,0.5542168674698795,0.0,0.0,4.63855421686747,7.36144578313253
1239,0.0,0.0,0.0,0.0,0.0,0.0,0.0,0.010638297872340425,0.0,0.0,0.0,0.0,0.0,0.0,0.0,4.468085106382978,0.0,0.425531914893617,0.0,0.0,6.276595744680851,12.712765957446809
1240,0.0,0.0,0.0,0.0,0.0,0.0,0.0,0.18181818181818182,0.0,0.0,0.0,0.0,0.0,0.0,0.0,4.515151515151516,0.0,1.5454545454545454,0.0,0.0,6.181818181818182,11.93939393939394
1241,0.0,0.0,0.0,0.8,6.12,0.0,0.0,0.2,0.0,0.0,5.76,0.0,0.0,0.0,0.0,5.86,0.0,1.94,0.0,0.0,3.42,5.96
1242,0.0,0.0,0.0,0.0,0.0,0.0,0.0,0.125,0.0,0.0,0.0,0.0,0.0,0.0,0.0,17.008333333333333,0.0,3.316666666666667,0.0,0.0,11.491666666666667,19.858333333333334
1243,0.0,0.0,0.0,0.0,0.0,0.0,0.0,0.58,0.0,0.0,0.0,0.0,0.0,0.0,0.0,1.29,0.0,0.29,0.0,0.0,8.42,14.64
1244,1.7142857142857142,0.0,0.0,0.3333333333333333,5.476190476190476,0.0,0.0,0.0,0.0,0.0,0.0,0.0,0.0,0.0,0.0,106.66666666666667,0.6190476190476191,0.0,0.0,0.0,4.0,9.761904761904763
1245,0.2702702702702703,0.0,0.0,0.0,0.0,0.0,0.0,0.32432432432432434,0.0,0.0,0.0,0.0,0.0,0.0,0.0,4.945945945945946,0.0,0.5945945945945946,0.0,0.0,6.243243243243243,10.64864864864865
1246,0.0,0.0,0.0,0.0,0.0,0.0,0.0,0.0,0.0,0.0,0.0,0.0,0.0,0.0,0.0,27.813953488372093,0.046511627906976744,6.837209302325581,0.0,0.0,1.4651162790697674,3.8372093023255816
1247,0.0,0.0,0.0,0.0,0.0,0.0,0.0,0.0,1.1666666666666667,0.0,0.0,0.0,0.0,0.0,0.0,59.25,0.3333333333333333,0.0,0.0,0.0,28.75,46.916666666666664
1248,0.0,0.0,0.0,0.0,0.020833333333333332,0.0,0.0625,0.0,4.5,0.0,0.0,0.0,0.0,0.0,0.0,33.395833333333336,0.25,0.0,2.3958333333333335,0.0,17.625,29.541666666666668
1249,0.0,0.0,0.0,0.0,0.0,0.0,0.0,0.015037593984962405,0.0,0.0,0.0,0.0,0.0,0.0,0.0,2.2330827067669174,0.0,1.7218045112781954,0.0,0.0,8.345864661654135,15.022556390977444
1250,0.0,0.0,0.0,0.0,0.0,0.0,0.0,0.9292035398230089,0.0,0.0,0.0,0.0,0.0,0.0,0.0,2.725663716814159,0.0,0.831858407079646,0.0,0.0,5.15929203539823,9.539823008849558
1251,0.16666666666666666,0.0,0.0,0.03125,0.0,0.0,0.0,0.5104166666666666,0.0,0.14583333333333334,0.3125,0.0,0.0,0.0,0.0,2.5520833333333335,0.0,0.7083333333333334,0.0,0.0,9.6875,16.927083333333332
1252,0.0,0.0,0.0,0.0,0.0,0.0,0.0,0.0,0.0,0.0,0.0,0.0,0.0,0.0,0.0,1.275,0.0,2.1,0.0,0.0,3.675,5.175
1253,0.0,0.0,0.0,0.0,0.0,0.0,0.0,2.3275862068965516,0.20689655172413793,0.0,0.0,0.0,0.0,0.0,0.0,4.758620689655173,0.0,3.560344827586207,0.0,0.0,12.801724137931034,20.646551724137932
1254,0.2,0.0,0.0,0.0,0.24444444444444444,0.0,0.0,0.07407407407407407,0.0,0.0,0.0,0.0,0.0,0.0,0.0,3.77037037037037,0.0,1.651851851851852,0.0,0.0,10.2,18.644444444444446
1255,0.0,0.0,0.0,0.8307692307692308,1.0307692307692307,0.0,0.0,1.4307692307692308,0.0,0.0,1.2307692307692308,0.0,0.0,0.0,0.0,60.353846153846156,1.1384615384615384,8.815384615384616,0.0,0.0,5.907692307692308,12.092307692307692
1256,0.0,0.0,0.0,0.0,0.0,0.0,0.0,0.0,0.0,0.0,0.0,0.0,0.0,0.0,0.0,97.1875,0.34375,0.0,0.0,0.0,24.90625,43.9375
1257,0.0,0.0,0.0,0.0,5.404761904761905,0.0,0.0,0.0,0.0,0.0,25.928571428571427,0.0,0.0,0.0,0.0,39.04761904761905,0.0,0.0,2.7857142857142856,0.0,18.357142857142858,34.095238095238095
1258,0.0,0.0,0.0,0.0,0.0,0.0,0.0,0.0,0.0,0.0,0.0,0.0,0.0,0.0,0.0,1.4301075268817205,0.0,1.6989247311827957,0.0,0.0,2.4086021505376345,5.290322580645161
1259,0.0,0.0,0.0,0.0,1.4230769230769231,0.0,0.4519230769230769,1.5288461538461537,0.0,0.0,1.9903846153846154,0.0,0.0,0.0,0.0,5.144230769230769,0.5096153846153846,2.326923076923077,0.0,0.0,9.057692307692308,16.221153846153847
1260,1.0731707317073171,0.0,0.0,0.0,0.0,0.0,0.0,0.0,3.097560975609756,0.0,0.0,0.0,0.0,0.0,0.0,51.02439024390244,0.17073170731707318,0.0,0.0,0.0,18.414634146341463,29.365853658536587
1261,0.0,0.0,0.0,0.0,0.0,0.0,0.0,0.0,0.0,0.0,0.0,0.0,0.0,0.0,0.0,6.104575163398692,0.0,1.4836601307189543,0.0,0.0,10.176470588235293,17.934640522875817
1262,0.04,0.0,0.0,0.0,0.0,0.0,0.0,0.0,0.0,0.0,0.0,0.0,0.0,0.0,0.0,2.2857142857142856,0.0,1.1371428571428572,0.0,0.0,8.965714285714286,16.81714285714286
1263,0.0,0.0,0.0,1.6504854368932038,0.0,0.0,0.0,0.970873786407767,0.0,0.0,2.3300970873786406,0.0,0.0,1.0194174757281553,0.0,5.252427184466019,0.0,3.7184466019417477,0.0,0.0,4.067961165048544,8.96116504854369
1264,0.0,0.0,0.0,0.0,0.0,0.0,0.0,3.5930232558139537,0.0,0.0,8.755813953488373,0.0,0.0,0.0,0.0,35.593023255813954,0.0,0.20930232558139536,0.0,0.0,19.011627906976745,34.372093023255815
1265,0.0,0.0,0.0,0.0,0.0,0.0,0.0,0.0,0.0,0.0,0.0,0.0,0.0,0.0,0.0,3.4675324675324677,0.0,2.4805194805194803,0.0,0.0,4.8311688311688314,10.12987012987013
1266,0.0,0.0,0.0,0.0,0.0,0.0,0.0,0.0,1.6666666666666667,0.0,0.0,0.0,0.0,0.0,0.0,81.96296296296296,0.0,0.0,0.0,0.0,32.74074074074074,54.925925925925924
1267,0.0,0.0,0.0,0.0,0.0,0.0,0.3333333333333333,0.0,0.0,0.0,0.0,0.0,0.0,0.0,0.9166666666666666,92.5,1.3333333333333333,0.0,0.0,0.0,19.0,29.333333333333332
1268,0.0,0.0,0.0,0.0,0.0,0.0,0.0,0.0,0.0,0.0,0.0,0.0,0.0,0.0,0.025,101.05,0.525,0.0,0.0,19.925,36.6,62.225
1269,0.14093959731543623,0.0,0.0,0.0,0.0,0.0,0.0,0.0738255033557047,0.0,0.0,0.0,0.0,0.0,0.0,0.0,2.2416107382550337,0.006711409395973154,2.7651006711409396,0.0,0.0,8.449664429530202,17.08053691275168
1270,0.0,0.0,0.0,0.0,0.0,0.0,0.0,0.0,0.0,0.0,0.0,0.0,0.0,0.0,0.0,2.1677018633540373,0.0,0.8695652173913043,0.0,0.0,7.850931677018633,15.180124223602485
1271,0.0,0.0,0.0,0.0,0.0,0.0,0.0,0.2698412698412698,0.0,0.0,0.0,0.0,0.0,0.0,0.0,4.73015873015873,0.0,0.8492063492063492,0.0,0.0,4.412698412698413,8.619047619047619
1272,0.0,0.0,0.0,0.0,0.0,0.0,0.0,0.0,0.0,0.0,0.0,0.0,0.0,0.0,0.0,1.8392857142857142,0.0,1.1607142857142858,0.0,0.0,3.232142857142857,7.589285714285714
1273,0.04597701149425287,0.0,0.0,0.0,0.0,0.0,0.0,0.11494252873563218,0.0,0.0,0.0,0.0,0.0,0.0,0.0,2.735632183908046,0.0,0.0,0.0,0.0,10.632183908045977,19.137931034482758
1274,0.0,0.0,0.0,0.9923664122137404,7.67175572519084,0.4732824427480916,0.0,0.7709923664122137,0.0,0.0,1.4427480916030535,0.0,0.0,0.0,0.0,5.152671755725191,0.0,6.259541984732825,0.0,0.0,5.32824427480916,10.755725190839694
1275,0.0,0.0,0.0,0.48,3.16,0.0,0.0,0.0,0.0,0.0,6.36,0.0,0.0,0.0,0.0,76.12,0.04,0.32,0.0,0.0,10.0,18.68
1276,0.7317073170731707,0.0,0.0,0.0,0.0,0.0,0.0,0.0,0.0,0.0,0.0,0.0,0.0,0.0,0.0,85.78048780487805,0.1951219512195122,0.0,0.0,0.0,13.487804878048781,22.0
1277,0.0,0.0,0.0,0.0,0.02142857142857143,0.0,0.0,0.014285714285714285,0.0,0.0,0.0,0.0,0.0,0.0,0.0,2.4857142857142858,0.0,2.757142857142857,0.0,0.0,9.092857142857143,17.4
1278,0.0,0.0,0.0,0.0,0.0,0.0,0.0,2.2327586206896552,0.0,0.0,4.224137931034483,0.0,0.0,0.0,0.3706896551724138,16.68103448275862,0.0,0.6810344827586207,0.0,0.0,12.913793103448276,24.732758620689655
1279,0.0,0.0,0.0,0.0,0.0,0.0,0.0,1.9310344827586208,0.0,0.0,0.0,0.0,0.0,0.0,0.0,2.689655172413793,0.0,2.6206896551724137,0.0,0.0,5.310344827586207,9.827586206896552
1280,0.0,0.0,0.0,0.0,0.0,0.0,0.0,1.0740740740740742,0.0,0.0,0.0,0.0,0.0,0.0,0.0,2.7037037037037037,0.0,0.5185185185185185,0.0,0.0,3.814814814814815,7.925925925925926
1281,1.3,0.0,0.0,0.0,0.0,0.0,0.0,0.0,0.0,0.0,0.0,0.0,0.0,0.0,0.0,227.4,1.7,0.0,0.0,0.0,0.0,7.8
1282,0.0,0.0,0.0,0.0,0.0,0.0,0.0,0.08333333333333333,0.0,0.0,0.0,0.0,0.0,0.0,0.0,2.2,0.0,1.9,0.0,0.0,10.108333333333333,16.425
1283,0.0,0.0,0.0,0.0,0.0,0.0,0.0,0.08928571428571429,0.0,0.0,0.0,0.0,0.0,0.0,0.0,1.7946428571428572,0.0,2.0625,0.0,0.0,3.517857142857143,7.25
1284,0.0,0.0,0.0,0.0,0.0,0.0,0.008695652173913044,0.16521739130434782,0.0,0.0,0.0,0.0,0.0,0.0,0.0,3.1826086956521737,0.0,2.4956521739130433,0.0,0.0,11.826086956521738,21.42608695652174
1285,0.0,0.0,0.0,0.0,0.0,0.0,0.0,0.0,0.0,0.0,0.0,0.0,0.0,0.0,0.0,21.272727272727273,0.2727272727272727,0.0,0.0,0.0,13.318181818181818,21.181818181818183
1286,0.0,0.0,0.0,0.0,0.0,0.0,0.0,0.967741935483871,0.0,0.0,0.0,0.0,0.0,0.0,0.0,1.967741935483871,0.0,0.22580645161290322,0.0,0.0,7.387096774193548,12.612903225806452
1287,0.0,0.0,0.0,0.0,0.0,0.0,0.0,0.18181818181818182,0.0,0.0,0.0,0.0,0.0,0.0,1.3636363636363635,3.4318181818181817,0.0,2.3636363636363638,0.0,0.0,5.113636363636363,11.022727272727273
1288,0.0,0.0,0.0,0.0,1.434782608695652,0.0,0.0,0.34782608695652173,0.0,0.0,1.0,0.0,0.0,0.0,0.0,4.217391304347826,0.0,1.3043478260869565,0.0,0.0,4.304347826086956,4.869565217391305
1289,0.0,0.0,0.0,0.78125,0.0,0.0,0.0,0.765625,0.0,0.0,0.0,0.0,0.0,0.0,0.0,9.390625,0.0,6.28125,0.0,0.0,6.65625,12.5625
1290,0.0,0.0,0.0,0.0,0.0,0.0,0.08695652173913043,0.0,0.0,0.0,0.0,0.0,0.0,0.0,1.9130434782608696,99.91304347826087,1.0,0.0,0.0,0.0,21.08695652173913,34.65217391304348
1291,0.0,0.0,0.0,0.0,0.0,0.0,0.0,0.0,0.0,0.0,0.0,0.0,0.0,0.0,0.0,4.392857142857143,0.0,5.0928571428571425,0.0,0.0,6.8428571428571425,13.528571428571428
1292,0.0,0.0,0.0,0.013888888888888888,0.05555555555555555,0.0,0.0,0.0,0.0,0.0,0.04861111111111111,0.0,0.0,0.0,0.0,2.0416666666666665,0.0,1.6597222222222223,0.0,0.0,9.07638888888889,16.22222222222222
1293,0.0,0.0,0.0,0.0,0.0,0.0,0.0,0.0,0.0,0.0,0.0,0.0,0.0,0.013888888888888888,0.0,3.125,0.0,1.6805555555555556,0.0,0.0,7.694444444444445,16.541666666666668
1294,0.24242424242424243,0.0,0.0,0.0,0.0,0.0,0.0,0.0,3.378787878787879,0.0,0.0,0.0,0.0,0.0,0.0,32.18181818181818,0.0,0.0,0.0,0.0,22.939393939393938,38.833333333333336
1295,0.0,0.0,0.0,0.0,0.0,0.0,0.0,0.10828025477707007,0.0,0.0,0.0,0.0,0.0,0.0,0.0,5.828025477707007,0.050955414012738856,2.248407643312102,0.0,0.0,11.363057324840764,20.095541401273884
1296,0.0,0.0,0.0,0.0,0.0,0.0,0.0,0.0,0.0,0.0,0.0,0.0,0.0,0.0,0.0,2.2954545454545454,0.0,0.6022727272727273,0.0,0.0,7.3977272727272725,12.477272727272727
1297,0.0,0.0,0.0,2.36,1.08,0.0,0.82,1.54,0.0,0.0,17.96,0.0,0.0,0.0,0.0,10.08,0.62,2.06,5.9,0.0,4.92,10.54
1298,0.0,0.0,0.0,0.0,0.0,0.0,0.0,0.0,0.0,0.0,0.0,0.0,0.0,0.0,0.0,38.6,0.0,0.0,0.0,0.0,0.0,15.533333333333333
1299,0.0,0.0,0.0,0.0,0.4117647058823529,0.0,0.0,0.0,0.0,0.0,0.0,0.0,0.0,0.0,0.35294117647058826,77.3529411764706,0.5294117647058824,0.0,1.2352941176470589,0.0,17.88235294117647,28.529411764705884
1300,0.0,0.0,0.0,0.006896551724137931,0.05517241379310345,0.0,0.0,0.6758620689655173,0.0,0.0,0.0,0.0,0.0,0.0,0.0,1.9172413793103449,0.04827586206896552,0.020689655172413793,0.0,0.0,8.53103448275862,15.296551724137931
1301,0.0,0.0,0.0,0.0,0.0,0.0,0.92,2.546666666666667,0.0,0.0,0.0,0.0,0.0,0.0,0.0,6.84,1.2933333333333332,3.453333333333333,0.0,0.0,7.1466666666666665,11.84
1302,0.0,0.0,0.0,0.0,0.0,0.0,0.0,0.0,0.0,0.0,0.0,0.0,0.0,0.0,0.0,7.132352941176471,0.0,2.1029411764705883,0.0,0.0,6.6911764705882355,12.147058823529411
1303,0.0,0.0,0.0,0.0,0.0,0.0,0.0,0.0,0.0,0.0,0.0,0.0,0.0,0.0,0.0,78.18604651162791,0.6511627906976745,0.0,0.0,0.0,19.25581395348837,30.976744186046513
1304,0.0,0.0,0.0,0.0,0.0,0.0,0.0,0.7716535433070866,0.0,0.0,0.0,0.0,0.0,0.0,0.0,1.6220472440944882,0.0,0.08661417322834646,0.0,0.0,9.511811023622048,17.094488188976378
1305,0.0,0.0,0.0,0.0,0.0,0.0,0.0,0.6031746031746031,0.0,0.0,0.0,0.0,0.0,0.0,0.0,3.738095238095238,0.0,0.36507936507936506,0.0,0.0,8.396825396825397,15.531746031746032
1306,0.8611111111111112,0.0,0.0,0.0,0.0,0.0,0.0,2.5555555555555554,0.0,0.0,0.0,0.0,0.0,0.0,0.0,4.194444444444445,0.0,1.2222222222222223,0.0,0.0,8.972222222222221,14.194444444444445
1307,1.170731707317073,0.0,0.0,0.0,0.4878048780487805,0.0,0.0,0.0,0.0,0.0,0.9512195121951219,0.0,0.0,0.0,0.0,116.73170731707317,0.5853658536585366,0.0,3.1219512195121952,0.0,32.073170731707314,54.73170731707317
1308,0.43859649122807015,0.0,0.0,0.0,0.0,0.0,0.0,0.0,1.8771929824561404,0.0,0.0,0.0,0.0,0.0,0.0,36.01754385964912,0.0,0.0,0.0,0.0,19.57894736842105,31.42105263157895
1309,0.20253164556962025,0.0,0.0,0.006329113924050633,0.0,0.0,0.0,0.006329113924050633,0.0,0.0,0.0,0.0,0.0,0.0,0.0,3.9746835443037973,0.0,3.1265822784810124,0.0,0.0,9.70253164556962,16.670886075949365
1310,0.0,0.0,0.0,0.0,5.2727272727272725,0.0,0.0,0.045454545454545456,0.0,0.0,1.2727272727272727,0.0,0.0,0.0,0.0,90.9090909090909,0.0,0.0,12.318181818181818,0.0,25.954545454545453,40.72727272727273
1311,0.0,0.0,0.0,0.0,14.168831168831169,0.0,0.0,0.0,0.0,0.0,28.181818181818183,0.0,0.0,9.584415584415584,0.0,5.402597402597403,0.0,1.4155844155844155,0.0,0.0,7.2727272727272725,15.415584415584416
1312,0.0,0.0,0.0,1.434782608695652,6.032608695652174,0.0,0.0,0.010869565217391304,0.0,0.0,28.543478260869566,0.0,0.0,0.0,0.0,3.1956521739130435,0.0,1.0217391304347827,0.0,0.0,5.326086956521739,12.456521739130435
1313,0.0,0.0,0.0,0.0,0.0,0.0,0.8627450980392157,1.1176470588235294,0.0,0.0,0.0,0.0,0.0,0.0,0.0,6.96078431372549,0.0,1.6274509803921569,0.0,0.0,6.647058823529412,10.509803921568627
1314,0.0,0.0,0.0,0.18243243243243243,0.0,0.0,0.0,0.02027027027027027,0.0,0.0,0.0,0.0,0.0,0.0,0.0,6.074324324324325,0.0,4.22972972972973,0.0,0.0,7.466216216216216,16.39189189189189
1315,0.0,0.0,0.0,0.0,0.0,0.0,0.0,1.3888888888888888,0.0,0.4722222222222222,0.0,0.0,0.0,0.0,0.0,110.58333333333333,1.9166666666666667,0.0,0.0,0.0,30.13888888888889,52.361111111111114
1316,0.0449438202247191,0.0,0.0,0.0,0.24157303370786518,0.0,0.0,0.29775280898876405,0.0,0.0,0.4101123595505618,0.0,0.0,0.0,0.0,3.803370786516854,0.0,2.455056179775281,0.0,0.0,8.286516853932584,15.162921348314606
1317,0.0,0.0,0.0,0.0,0.0,0.0,0.0,1.8783783783783783,0.0,0.0,0.0,0.0,0.0,0.0,0.0,14.337837837837839,0.0,3.6216216216216215,0.0,0.0,8.445945945945946,14.77027027027027
1318,0.1134020618556701,0.0,0.0,0.0,0.0,0.0,0.0,0.29896907216494845,0.0,0.0,0.0,0.0,0.0,0.0,0.0,6.907216494845361,0.0,6.010309278350515,0.0,0.0,17.77319587628866,29.38144329896907
1319,0.0,0.0,0.0,0.0,0.0,0.0,0.0,0.1,0.0,0.0,0.0,0.0,0.0,0.0,0.0,11.225,0.0,1.0,0.0,0.0,3.2,5.2
1320,0.0,0.0,0.0,0.0,0.0,0.0,0.0,1.5909090909090908,0.0,0.0,0.0,0.0,0.0,0.0,0.0,1.6136363636363635,0.0,0.36363636363636365,0.0,0.0,5.25,9.477272727272727
1321,0.0,0.0,0.0,0.0,0.0,0.0,0.0,0.0,0.0,0.0,0.0,0.0,0.0,0.0,0.0,30.523809523809526,0.0,0.0,0.0,0.0,0.0,8.619047619047619
1322,0.6538461538461539,0.0,0.0,0.0,0.0,0.0,0.0,0.0,0.0,0.0,0.0,0.0,0.0,0.0,0.0,49.30769230769231,0.11538461538461539,0.0,0.0,0.0,18.692307692307693,33.42307692307692
1323,0.0,0.0,0.0,0.0,0.0,0.0,0.0,0.22137404580152673,0.0,0.0,0.0,0.0,0.0,0.0,0.0,2.404580152671756,0.0,0.061068702290076333,0.0,0.0,10.625954198473282,19.00763358778626
1324,0.0,0.0,0.0,1.0384615384615385,0.0,0.0,0.0,0.0,0.0,0.0,4.038461538461538,0.0,0.0,0.0,0.0,5.269230769230769,0.0,1.0769230769230769,2.3846153846153846,0.0,3.8461538461538463,6.538461538461538
1325,0.16923076923076924,0.0,0.0,0.0,0.0,0.0,0.0,0.0,0.0,0.0,0.0,0.0,0.0,0.0,0.007692307692307693,2.292307692307692,0.0,0.6,0.0,0.0,10.253846153846155,17.43846153846154
1326,0.0,0.0,0.0,2.9038461538461537,0.0,0.0,0.0,2.0384615384615383,0.0,0.0,0.0,0.0,0.0,0.0,0.0,14.51923076923077,0.0,2.0384615384615383,0.0,0.0,4.4423076923076925,10.365384615384615
1327,0.0,0.0,0.0,0.0,1.0,0.0,0.0,0.0,0.0,0.0,0.0,0.0,0.0,0.0,0.0,62.05,0.3,0.0,0.0,0.0,31.75,50.2
1328,0.0,0.0,0.0,0.0,0.0,0.0,0.0,0.0,0.0,0.0,0.0,0.0,0.0,0.0,0.0,1.5988372093023255,0.0,1.6395348837209303,0.0,0.0,8.755813953488373,15.581395348837209
1329,0.43333333333333335,0.0,0.0,0.0,0.0,0.0,0.0,0.0,0.0,0.0,0.0,0.0,0.0,0.0,0.0,1.5222222222222221,0.0,0.16666666666666666,0.0,0.0,13.733333333333333,22.5
1330,0.0,0.0,0.0,0.0,0.15789473684210525,0.0,0.0,0.0,0.0,0.0,0.0,0.0,0.0,0.10526315789473684,0.0,4.526315789473684,0.0,5.052631578947368,0.0,0.0,4.421052631578948,6.0
1331,0.0,0.0,0.0,0.0,0.0,0.0,0.0,0.7045454545454546,0.0,0.0,0.0,0.0,0.0,0.0,0.0,1.2272727272727273,0.0,0.6363636363636364,0.0,0.0,5.5227272727272725,10.318181818181818
1332,0.0,0.0,0.0,0.011494252873563218,0.0,0.0,0.0,0.07662835249042145,0.0,0.0,0.0,0.0,0.0,0.0,0.0,3.4406130268199235,0.0,1.4597701149425288,0.0,0.0,7.712643678160919,15.03831417624521
1333,0.0,0.0,0.0,0.9344262295081968,2.6721311475409837,0.0,0.0,0.14754098360655737,0.0,0.0,14.557377049180328,0.0,0.0,0.0,0.0,6.770491803278689,0.0,0.8852459016393442,3.7540983606557377,0.0,4.754098360655738,8.721311475409836
1334,0.28431372549019607,0.0,0.0,0.11764705882352941,0.0,0.0,0.0,0.13725490196078433,0.0,0.0,0.0,0.0,0.0,0.0,0.0,3.411764705882353,0.0,1.1666666666666667,0.0,0.0,6.176470588235294,11.03921568627451
1335,0.0,0.0,0.0,0.0,0.0,0.0,0.0,1.5625,0.0,0.0,0.0,0.0,0.0,0.0,0.0,5.125,0.0,0.125,0.0,0.0,5.625,7.5625
1336,0.0,0.0,0.0,0.0,0.0,0.0,0.0,0.0,0.0,0.0,0.0,0.0,0.0,0.0,0.0,1.0769230769230769,0.0,0.0,0.0,0.0,3.076923076923077,7.076923076923077
1337,0.0,0.0,0.0,0.0,0.0,0.0,0.0,0.0,0.0,0.0,0.0,0.0,0.0,0.0,0.0,1.3225806451612903,0.0,1.032258064516129,0.0,0.0,3.4516129032258065,8.774193548387096
1338,0.0,0.0,0.0,0.0,0.0,0.0,0.0,0.0,0.0,0.0,0.0,0.0,0.0,0.0,0.0,1.903225806451613,0.0,0.4838709677419355,0.0,0.0,3.2903225806451615,8.03225806451613
1339,0.0,0.0,0.0,0.0,0.0,0.0,0.0,0.0,0.0,0.0,0.0,0.0,0.0,0.0,0.0,61.80952380952381,0.0,0.0,1.1428571428571428,0.0,14.476190476190476,21.19047619047619
1340,0.391304347826087,0.0,0.0,0.0,0.0,0.0,0.0,0.0,0.0,0.0,1.3478260869565217,0.0,0.0,0.0,0.0,49.391304347826086,0.13043478260869565,0.0,0.0,0.0,17.565217391304348,27.217391304347824
1341,0.30434782608695654,0.0,0.0,0.0,0.0,0.0,0.0,0.0,0.0,0.0,0.0,0.0,0.0,0.0,0.0,4.217391304347826,0.0,1.8985507246376812,0.0,0.0,13.855072463768115,23.884057971014492
1342,0.0,0.0,0.0,0.9361702127659575,6.329787234042553,0.0,0.0,0.0,0.0,0.0,4.776595744680851,0.0,0.0,0.0,0.0,3.0531914893617023,0.0,1.925531914893617,0.0,0.0,6.138297872340425,11.893617021276595
1343,0.0,0.0,0.0,0.0,0.0,0.0,0.0,0.09302325581395349,0.0,0.0,0.0,0.0,0.0,0.0,0.0,1.302325581395349,0.0,0.0,0.0,0.0,4.744186046511628,7.488372093023256
1344,0.0,0.0,0.0,0.0,0.48717948717948717,0.0,0.0,0.0,0.0,0.0,0.0,0.0,0.0,0.0,0.0,73.8974358974359,0.717948717948718,0.0,0.0,0.0,13.692307692307692,26.487179487179485
1345,0.0,0.0,0.0,0.0,0.0,0.0,0.0,0.015873015873015872,0.0,0.0,0.0,0.0,0.0,0.0,0.0,2.6031746031746033,0.0,0.1746031746031746,0.0,0.0,6.238095238095238,10.603174603174603
1346,0.0,0.0,0.0,0.005405405405405406,0.0,0.0,0.0,0.0,0.0,0.0,0.22702702702702704,0.0,0.0,0.0,0.0,1.945945945945946,0.0,1.172972972972973,0.0,0.0,8.221621621621622,16.043243243243243
1347,0.0,0.0,0.0,0.8444444444444444,7.955555555555556,0.0,0.0,0.0,0.0,0.0,13.466666666666667,0.0,0.0,0.0,0.0,68.11111111111111,0.35555555555555557,0.0,0.0,0.0,9.044444444444444,16.666666666666668
1348,0.0,0.0,0.0,0.0,0.0,0.0,0.0,0.06956521739130435,0.0,0.0,0.0,0.0,0.0,0.0,0.0,3.652173913043478,0.043478260869565216,1.6,0.0,0.0,11.756521739130434,20.243478260869566
1349,0.0,0.0,0.0,2.0,22.304347826086957,0.0,0.0,0.0,0.0,0.0,38.072463768115945,0.0,0.0,0.0,0.0,25.318840579710145,0.2608695652173913,0.0,0.0,0.0,9.81159420289855,17.463768115942027
1350,0.0,0.0,0.0,0.14492753623188406,1.1594202898550725,0.0,0.0,0.0,0.0,0.0,7.659420289855072,0.0,0.0,0.0,0.0,4.260869565217392,0.0,2.579710144927536,0.0,0.0,10.181159420289855,18.797101449275363
1351,0.0,0.0,0.0,0.0,0.0,0.0,0.0,0.0,0.0,0.0,0.0,0.0,0.0,0.0,0.0,15.3125,0.0,0.0,0.0,0.0,2.9375,6.1875
1352,0.0,0.0,0.0,0.0,0.0,0.0,0.17532467532467533,0.9675324675324676,0.0,0.0,0.0,0.0,0.0,0.0,0.0,6.123376623376624,0.18831168831168832,5.590909090909091,0.0,0.0,7.603896103896104,14.123376623376624
1353,0.0,0.0,0.0,0.0,0.0,0.0,0.0,0.0,0.0,0.0,0.0,0.0,0.0,0.0,0.0,2.736842105263158,0.0,3.526315789473684,0.0,0.0,3.263157894736842,7.526315789473684
1354,0.8148148148148148,0.0,0.0,0.7407407407407407,0.0,0.0,0.0,0.16666666666666666,0.0,0.0,0.0,0.0,0.0,0.0,0.0,1.4074074074074074,0.0,0.0,0.0,0.0,9.666666666666666,18.77777777777778
1355,0.0,0.0,0.0,0.9791666666666666,0.2708333333333333,0.0,0.0,0.22916666666666666,0.0,0.0,1.0416666666666667,0.0,0.0,0.0,0.0,7.625,0.0,5.645833333333333,0.0,0.0,3.3333333333333335,8.0625
1356,0.0,0.0,0.0,0.0,0.0,0.0,0.0,0.0,0.0,0.0,0.0,0.0,0.0,0.0,0.0,2.8853503184713376,0.0,1.9936305732484076,0.0,0.0,3.6878980891719744,7.063694267515924
1357,0.0,0.0,0.0,0.0,0.0,0.0,0.0,0.0,0.0,0.0,0.0,0.0,0.0,0.0,0.0,2.138888888888889,0.0,0.7361111111111112,0.0,0.0,5.152777777777778,9.597222222222221
1358,0.3225806451612903,0.0,0.0,0.0,0.0,0.0,0.0,0.0,0.0,0.0,0.0,0.0,0.0,0.0,0.0,6.967741935483871,0.0,3.1451612903225805,0.0,0.0,7.241935483870968,13.870967741935484
1359,0.0,0.0,0.0,0.0,0.0,0.0,0.5116279069767442,2.627906976744186,0.0,0.32558139534883723,0.0,0.0,0.0,0.0,0.0,67.65116279069767,3.604651162790698,0.0,0.0,0.0,27.25581395348837,48.372093023255815
1360,0.0,0.0,0.0,0.0,0.0,0.0,0.0,0.0,0.0,0.0,0.0,0.0,0.0,0.0,0.0,4.222222222222222,0.0,3.0,0.0,0.0,4.166666666666667,9.444444444444445
1361,0.0,0.0,0.0,0.0,0.0,0.0,0.0,0.0,0.0,0.0,0.0,0.0,0.0,0.0,0.0,1.0909090909090908,0.0,0.0,0.0,0.0,5.181818181818182,9.227272727272727
1362,0.0,0.0,0.0,0.0,0.0,0.0,0.9411764705882353,0.0,0.0,0.0,0.0,0.0,0.0,0.0,3.0,85.82352941176471,1.6176470588235294,0.0,0.0,0.0,24.264705882352942,39.794117647058826
1363,0.0,0.0,0.0,0.07954545454545454,0.3068181818181818,0.0,0.0,0.0,0.0,0.0,0.3181818181818182,0.0,0.0,0.0,0.0,2.5,0.0,1.0681818181818181,0.0,0.0,5.488636363636363,9.738636363636363
1364,0.23529411764705882,0.0,0.0,0.0,0.0,0.0,0.0,0.0,0.29411764705882354,0.0,12.941176470588236,0.0,0.0,0.0,0.0,68.8529411764706,0.08823529411764706,0.0,0.0,0.0,24.794117647058822,42.26470588235294
1365,1.4393939393939394,0.0,0.0,0.0,0.0,0.0,0.0,1.4545454545454546,0.0,0.2727272727272727,0.0,0.0,0.0,0.0,0.0,7.5,0.0,2.772727272727273,0.0,0.0,11.575757575757576,19.78787878787879
1366,0.0,0.0,0.0,0.11538461538461539,0.0,0.0,0.0,0.05128205128205128,0.0,0.0,0.0,0.0,0.0,0.0,0.0,2.717948717948718,0.0,0.24358974358974358,0.0,0.0,6.551282051282051,13.346153846153847
1367,0.14814814814814814,0.0,0.0,0.0,0.0,0.0,0.0,0.7037037037037037,0.0,0.0,0.0,0.0,0.0,0.0,0.0,2.2962962962962963,0.0,1.0740740740740742,0.0,0.0,4.611111111111111,7.555555555555555
1368,0.14285714285714285,0.0,0.0,0.0,0.0,0.0,0.0,0.0,0.0,0.0,0.0,0.0,0.0,0.0,0.0,3.0384615384615383,0.0,0.4835164835164835,0.0,0.0,11.994505494505495,21.708791208791208
1369,0.3956043956043956,0.0,0.0,0.0,0.0,0.0,0.0,0.0,0.9340659340659341,0.0,0.0,0.0,0.0,0.0,0.0,47.7032967032967,0.01098901098901099,0.0,0.0,0.0,8.219780219780219,15.142857142857142
1370,0.0,0.0,0.0,0.0,0.0,0.0,0.0,0.0,0.0,0.0,0.0,0.0,0.0,0.0,0.0,5.142857142857143,0.0,0.0,0.0,0.0,2.5,6.428571428571429
1371,0.0,0.0,0.0,0.20121951219512196,1.1829268292682926,0.0,0.006097560975609756,0.024390243902439025,0.0,0.0,0.8536585365853658,0.0,0.0,0.0,0.0,3.7865853658536586,0.0,0.7439024390243902,0.0,0.0,6.884146341463414,14.128048780487806
1372,0.0,0.0,0.0,0.0,0.0,0.0,0.0,0.0,0.0,0.0,41.93939393939394,0.0,0.0,0.0,0.0,3.5757575757575757,0.0,0.6363636363636364,0.0,0.0,2.4242424242424243,5.181818181818182
1373,0.0,0.0,0.0,0.0,0.0,0.0,0.0,0.0,0.0,0.0,0.0,0.0,0.0,0.0,0.0,2.8135593220338984,0.0,1.0,0.0,0.0,5.483050847457627,10.245762711864407
1374,0.7142857142857143,0.0,0.0,0.0,0.0,0.0,0.0,0.0,0.0,0.0,0.0,0.0,0.0,0.0,0.0,60.32142857142857,0.0,0.0,0.0,0.0,10.464285714285714,19.821428571428573
1375,0.0,0.0,0.0,0.0,0.0,0.0,0.0,0.0,0.0,0.0,0.0,0.0,0.0,0.0,0.0,4.95,0.0,0.0,0.0,0.0,3.05,9.15
1376,0.053763440860215055,0.0,0.0,0.0,0.0,0.0,0.0,0.7634408602150538,0.0,0.0,0.0,0.0,0.0,0.0,0.0,2.5483870967741935,0.0,0.7204301075268817,0.0,0.0,4.413978494623656,9.478494623655914
1377,0.0,0.0,0.0,0.0,0.0,0.0,0.3,1.7,0.0,0.0,0.0,0.0,0.0,0.0,0.0,134.8,1.3,0.0,12.2,0.0,14.9,26.75
1378,0.0,0.0,0.0,0.0,0.0,0.0,0.0,0.0,0.0,0.0,0.0,0.0,0.0,0.0,0.0,2.122137404580153,0.0,0.6183206106870229,0.0,0.0,9.732824427480915,15.923664122137405
1379,0.0,0.0,0.0,0.0,0.0,0.0,0.0,0.8272251308900523,0.0,0.0,0.0,0.0,0.0,0.0,0.0,6.994764397905759,0.0,1.418848167539267,0.0,0.0,6.319371727748691,11.989528795811518
1380,0.0,0.0,0.0,0.0,0.0,0.0,0.0,0.0,0.0,0.0,0.0,0.0,0.0,0.0,0.0,51.611111111111114,0.05555555555555555,0.0,0.0,0.0,11.055555555555555,19.5
1381,0.0,0.0,0.0,0.0,0.0,0.0,0.0,0.0,0.0,0.0,0.0,0.0,0.0,0.0,0.0,1.9193548387096775,0.0,1.564516129032258,0.0,0.0,6.354838709677419,13.016129032258064
1382,0.0,0.0,0.0,0.0,0.0,0.0,0.0,0.0,0.0,0.0,0.0,0.0,0.0,0.0,0.0,89.71428571428571,0.0,0.0,0.0,0.0,4.142857142857143,10.285714285714286
1383,1.44,0.0,0.0,0.0,0.0,0.0,0.0,0.0,0.0,0.0,0.6,0.0,0.0,0.0,0.0,56.24,0.0,0.0,0.0,0.0,23.76,41.16
1384,0.09558823529411764,0.0,0.0,0.3088235294117647,1.4338235294117647,0.0,0.0,0.0,0.0,0.0,0.0,0.0,0.0,0.0,0.0,4.742647058823529,0.0,1.9044117647058822,0.18382352941176472,0.0,10.419117647058824,19.080882352941178
1385,0.0,0.0,0.0,0.0,0.0,0.0,0.0,0.0,0.0,0.0,0.0,0.0,0.0,0.0,0.0,4.271428571428571,0.0,3.3,0.0,0.0,1.9,5.542857142857143
1386,0.0,0.0,0.0,0.0,0.0,0.0,0.0,0.0,0.0,0.0,0.0,0.0,0.0,0.0,0.0,4.901639344262295,0.0,1.459016393442623,0.0,0.0,12.114754098360656,21.721311475409838
1387,0.0,0.0,0.0,0.0,0.0,0.0,0.0,0.0,0.0,0.0,0.0,0.0,0.0,0.0,0.0,2.5454545454545454,0.0,1.7727272727272727,0.0,0.0,5.954545454545454,10.348484848484848
1388,0.0,0.0,0.0,0.0,0.0,0.0,0.0,0.0,0.0,0.0,0.0,0.0,0.0,0.0,0.0,1.5714285714285714,0.0,0.0,0.0,0.0,14.142857142857142,26.0
1389,0.0,0.0,0.0,0.0,0.0,0.0,0.0,0.0,0.0,0.0,0.0,0.0,0.0,0.0,0.0,3.2170542635658914,0.0,1.441860465116279,0.0,0.0,9.550387596899224,16.775193798449614
1390,0.29523809523809524,0.0,0.0,0.3523809523809524,0.7523809523809524,0.0,0.0,0.0,0.0,0.0,0.0,0.0,0.0,0.0,0.0,3.2666666666666666,0.0,1.9333333333333333,0.0,0.0,6.314285714285714,11.847619047619048
1391,0.0,0.0,0.0,0.7317073170731707,2.9390243902439024,0.0,0.0,0.0,0.0,0.0,5.329268292682927,0.0,0.0,0.0,0.0,4.548780487804878,0.0,3.8780487804878048,0.0,0.0,4.878048780487805,8.71951219512195
1392,0.2654320987654321,0.0,0.0,0.0,0.0,0.0,0.0,1.123456790123457,0.0,0.12962962962962962,0.0,0.0,0.0,0.0,0.0,7.283950617283951,0.0,0.24074074074074073,0.0,0.0,16.839506172839506,27.962962962962962
1393,0.0,0.0,0.0,0.0,0.0,0.0,0.0,0.0,0.0,0.0,0.0,0.0,0.0,0.0,0.0,7.7924528301886795,0.0,3.7358490566037736,0.0,0.0,3.660377358490566,6.0
1394,0.0391304347826087,0.0,0.0,0.0,0.17391304347826086,0.0,0.0,0.6782608695652174,0.0,0.0,0.1565217391304348,0.0,0.0,0.0,0.0,3.856521739130435,0.0,1.708695652173913,0.0,0.0,11.1,18.713043478260868
1395,0.0,0.0,0.0,0.0,0.0,0.0,0.0,0.0,0.0,0.0,0.0,0.0,0.0,0.0,0.0,62.08,0.2,0.0,0.0,0.0,20.48,35.32
1396,0.0,0.0,0.0,0.0,0.0,0.0,0.0,0.0,0.0,0.0,0.0,0.0,0.0,0.0,0.0,1.5789473684210527,0.0,0.14035087719298245,0.0,0.0,6.666666666666667,11.649122807017545
1397,0.7142857142857143,0.0,0.0,1.489795918367347,6.122448979591836,8.795918367346939,0.3469387755102041,0.42857142857142855,0.0,0.0,0.0,0.0,0.0,0.0,0.0,5.020408163265306,0.0,2.2857142857142856,0.0,0.0,10.89795918367347,21.142857142857142
1398,0.7027027027027027,0.0,0.0,0.8918918918918919,1.527027027027027,0.12162162162162163,0.0,0.0,0.0,0.0,0.2702702702702703,0.0,0.0,0.0,0.0,7.783783783783784,0.0,9.85135135135135,0.0,0.0,13.972972972972974,24.243243243243242
1399,0.0,0.0,0.0,0.0,0.0,0.0,0.0,0.0,0.8571428571428571,0.0,0.0,0.0,0.0,0.0,0.0,36.80952380952381,0.0,0.0,0.0,0.0,0.0,8.095238095238095
1400,0.0,0.0,0.0,0.03787878787878788,0.0,0.0,0.0,0.16666666666666666,0.0,0.0,0.0,0.0,0.0,0.0,0.2196969696969697,6.015151515151516,0.0,1.606060606060606,0.0,0.0,9.318181818181818,17.674242424242426
1401,0.0,0.0,0.0,0.0,0.0,0.0,0.0,0.0,0.0,0.0,0.0,0.0,0.0,0.0,0.0,1.683673469387755,0.0,0.3469387755102041,0.0,0.0,9.612244897959183,16.091836734693878
1402,0.5526315789473685,0.0,0.0,0.0,0.0,0.0,0.5789473684210527,0.0,0.0,0.15789473684210525,2.736842105263158,0.0,0.0,0.0,0.10526315789473684,20.394736842105264,1.9473684210526316,0.0,0.0,0.0,29.026315789473685,52.6578947368421
1403,0.0,0.0,0.0,0.0,0.0,0.0,0.0,1.2125984251968505,0.0,0.0,0.0,0.0,0.0,0.0,0.0,7.4015748031496065,0.047244094488188976,5.181102362204724,0.0,0.0,12.188976377952756,21.52755905511811
1404,0.0,0.0,0.0,0.0,0.0,0.0,0.0,0.0,0.0,0.0,0.0,0.0,0.0,0.0,0.0,2.8,0.0,0.0,0.0,0.0,4.32,8.84
1405,0.0,0.0,0.0,0.0,0.0,0.0,0.0,0.0,6.791666666666667,0.0,0.0,0.0,0.0,0.0,0.0,8.583333333333334,0.0,0.0,0.0,0.0,4.333333333333333,7.875
1406,0.0,0.0,0.0,0.0,0.0,0.0,0.0,0.0,0.0,0.0,0.0,0.0,0.0,0.0,0.0,1.6939890710382515,0.0,0.44808743169398907,0.0,0.0,10.6775956284153,19.120218579234972
1407,0.0,0.0,0.0,0.0,0.0,0.0,2.142857142857143,3.9523809523809526,0.0,0.0,0.0,0.0,0.0,0.0,0.0,130.14285714285714,3.4285714285714284,0.0,0.0,0.0,19.38095238095238,32.61904761904762
1408,0.5833333333333334,0.0,0.0,0.0,0.0,0.0,0.0,0.0,0.0,0.0,0.0,0.0,0.0,0.0,0.0,70.66666666666667,0.4166666666666667,0.0,0.0,0.0,15.166666666666666,25.291666666666668
1409,0.0,0.0,0.0,0.0,0.0,0.0,0.0,0.039525691699604744,0.0,0.0,0.1541501976284585,0.0,0.0,0.0,0.0,1.5731225296442688,0.0,0.12648221343873517,0.0,0.0,9.351778656126482,17.74703557312253
1410,0.0,0.0,0.0,0.0,0.0,0.0,0.014285714285714285,0.2714285714285714,0.0,0.0,0.0,0.0,0.0,0.0,0.0,75.31428571428572,0.24285714285714285,0.0,0.0,0.0,14.285714285714286,25.557142857142857
1411,0.0,0.0,0.0,0.0,0.0,0.0,1.1842105263157894,3.3157894736842106,0.0,0.0,0.0,0.0,0.0,0.0,0.0,146.28947368421052,2.026315789473684,0.0,0.0,3.0,34.26315789473684,56.73684210526316
1412,0.0,0.0,0.0,0.0,0.0,0.0,0.0,0.0,0.0,0.0,0.0,0.0,0.0,0.0,0.0,2.6601307189542482,0.0,0.803921568627451,0.0,0.0,8.88888888888889,15.320261437908497
1413,0.0,0.0,0.0,0.0,0.0,0.0,0.0,1.7087378640776698,0.0,0.0,0.0,0.0,0.0,0.0,0.0,5.0,0.0,3.8737864077669903,0.0,0.0,12.96116504854369,21.533980582524272
1414,0.0,0.0,0.0,0.0,0.0,0.0,0.0,0.0,0.0,0.0,0.0,0.0,0.0,0.0,0.5625,6.4375,0.0,5.125,0.0,0.0,2.75,6.0625
1415,0.0,0.0,0.0,0.0,0.0,0.0,0.0,0.0,0.0,0.0,0.0,0.0,0.0,0.0,0.0,3.5035971223021583,0.0,1.669064748201439,0.0,0.0,8.39568345323741,15.172661870503598
1416,0.0,0.0,0.0,0.0,0.0,0.0,0.0,0.1111111111111111,2.3333333333333335,0.0,0.0,0.0,0.0,0.0,0.0,32.44444444444444,0.0,0.0,0.0,0.0,2.9444444444444446,9.333333333333334
1417,0.0,0.0,0.0,0.0,0.0,0.0,0.2962962962962963,0.6666666666666666,4.277777777777778,0.3148148148148148,0.0,0.0,0.0,0.0,0.0,32.5,0.5555555555555556,0.0,0.09259259259259259,0.0,23.90740740740741,38.51851851851852
1418,0.0,0.0,0.0,0.18888888888888888,0.1,0.0,0.0,0.0,0.0,0.0,0.0,0.0,0.0,0.0,0.0,14.7,0.0,6.788888888888889,0.0,0.0,11.21111111111111,20.366666666666667
1419,0.5963302752293578,0.0,0.0,0.0,0.0,0.0,0.0,0.0,0.0,0.0,0.0,0.0,0.0,0.0,0.0,1.128440366972477,0.0,0.6697247706422018,0.0,0.0,11.53211009174312,20.513761467889907
1420,0.0,0.0,0.0,0.11409395973154363,2.8187919463087248,0.0,0.0,0.1342281879194631,0.0,0.0,6.738255033557047,0.0,0.0,0.0,0.0,4.060402684563758,0.0,1.342281879194631,0.0,0.0,9.630872483221477,17.08724832214765
1421,0.0,0.0,0.0,0.0,0.0,0.0,0.0,0.0,0.0,0.0,0.0,0.0,0.0,0.0,0.0,1.7714285714285714,0.0,0.3142857142857143,0.0,0.0,2.6,5.742857142857143
1422,0.0,0.0,0.0,0.0,0.0,0.0,0.0,0.0,1.6896551724137931,0.0,0.0,0.0,0.0,0.0,0.0,32.03448275862069,0.0,0.0,0.0,0.0,12.344827586206897,21.137931034482758
1423,1.0384615384615385,0.0,0.0,0.0,0.0,0.0,1.3076923076923077,3.6153846153846154,0.0,0.3076923076923077,0.0,0.0,0.0,0.0,0.0,104.34615384615384,2.769230769230769,0.0,0.0,0.0,36.57692307692308,59.92307692307692
1424,0.0,0.0,0.0,0.0,0.0,0.0,0.0,0.0,0.0,0.0,0.0,0.0,0.0,0.0,0.0,1.472972972972973,0.0,0.0,0.0,0.0,10.283783783783784,17.445945945945947
1425,0.0851063829787234,0.0,0.0,0.5638297872340425,1.7287234042553192,0.0,0.0,0.031914893617021274,0.0,0.0,0.0,0.0,0.0,0.0,0.0,6.377659574468085,0.0,2.367021276595745,1.4202127659574468,0.0,7.053191489361702,12.606382978723405
1426,0.0,0.0,0.0,0.0,0.0,0.0,0.0,0.125,0.0,0.0,0.0,0.0,0.0,0.0,0.0,1.7692307692307692,0.0,1.8076923076923077,0.0,0.0,7.4326923076923075,15.115384615384615
1427,0.0,0.0,0.0,0.0,0.0,0.0,0.0,0.0,0.0,0.0,0.0,0.0,0.0,0.0,0.0,1.25,0.0,0.55,0.0,0.0,4.075,9.25
1428,0.0,0.0,0.0,0.0,0.0,0.0,0.0,0.0,0.0,0.0,0.0,0.0,0.0,0.0,0.0,3.717948717948718,0.0,2.051282051282051,0.0,0.0,3.3333333333333335,8.76923076923077
1429,0.0,0.0,0.0,0.0,0.0,0.0,0.0,0.625,0.0,0.0,0.0,0.0,0.0,0.0,0.7083333333333334,6.666666666666667,0.0,2.7083333333333335,0.0,0.0,3.9166666666666665,9.041666666666666
1430,0.0,0.0,0.0,0.0,0.0,0.0,0.0,0.10743801652892562,0.0,0.0,0.0,0.0,0.0,0.0,0.0,4.487603305785124,0.0,2.355371900826446,0.0,0.0,11.314049586776859,20.05785123966942
1431,1.0,0.0,0.0,0.0,0.0,0.0,2.0344827586206895,3.3793103448275863,0.0,0.6206896551724138,0.0,0.0,0.0,0.0,0.0,147.68965517241378,2.7586206896551726,0.0,0.0,0.0,34.793103448275865,54.62068965517241
1432,0.0,0.0,0.0,0.01904761904761905,0.10476190476190476,0.0,0.009523809523809525,0.0,0.0,0.0,0.1523809523809524,0.0,0.0,0.0,0.0,2.257142857142857,0.009523809523809525,0.41904761904761906,0.08571428571428572,0.0,13.438095238095238,24.38095238095238
1433,0.0,0.0,0.0,0.5555555555555556,1.8333333333333333,0.0,0.0,0.05555555555555555,0.0,0.0,0.0,0.0,0.0,0.0,0.0,3.888888888888889,0.0,2.2777777777777777,0.0,0.0,1.9444444444444444,6.388888888888889
1434,0.0,0.0,0.0,0.0,0.0,0.0,0.0,0.07575757575757576,0.0,0.0,0.0,0.0,0.0,0.0,0.0,3.1363636363636362,0.0,1.9545454545454546,0.0,0.0,9.022727272727273,15.446969696969697
1435,0.0,0.0,0.0,0.0,0.0,0.0,0.0,0.0,0.7368421052631579,0.0,0.0,0.0,0.0,0.0,0.0,52.89473684210526,0.3684210526315789,0.0,0.0,0.0,11.210526315789474,22.31578947368421
1436,0.7931034482758621,0.0,0.0,0.0,0.0,0.0,0.1724137931034483,0.06896551724137931,0.0,0.13793103448275862,0.0,0.0,0.0,0.0,0.0,85.44827586206897,0.3793103448275862,0.0,0.0,0.0,27.379310344827587,38.55172413793103
1437,0.6590909090909091,0.0,0.0,0.0,0.0,0.0,0.25,0.0,0.0,0.29545454545454547,0.0,0.0,0.0,0.0,2.2045454545454546,26.90909090909091,2.977272727272727,0.0,0.0,0.0,21.318181818181817,35.34090909090909
1438,0.0,0.0,0.0,0.0,0.0,0.0,0.0,0.0,0.0,0.0,0.0,0.0,0.0,0.0,0.0,1.5833333333333333,0.0,0.9166666666666666,0.0,0.0,4.020833333333333,8.104166666666666
1439,0.0,0.0,0.0,0.0,0.0,0.0,0.0,1.5416666666666667,0.0,0.0,0.0,0.0,0.0,0.0,0.0,0.041666666666666664,0.0,0.0,0.0,0.0,4.125,6.041666666666667
1440,0.0,0.0,0.02040816326530612,0.0,1.7959183673469388,0.0,0.9387755102040817,2.183673469387755,0.5306122448979592,0.42857142857142855,0.0,0.0,0.0,0.0,0.0,37.244897959183675,0.7959183673469388,0.0,3.2857142857142856,0.0,22.897959183673468,41.48979591836735
1441,0.0,0.0,0.0,0.0,0.0,0.0,0.06666666666666667,0.3333333333333333,0.0,0.0,0.0,0.0,0.0,0.0,0.0,138.0,1.2,0.0,0.0,0.0,13.866666666666667,25.4
1442,0.0,0.0,0.0,0.0,0.0,0.0,0.009708737864077669,1.1650485436893203,0.0,0.0,0.0,0.0,0.0,0.0,0.0,6.87378640776699,0.0,3.2718446601941746,0.0,0.0,7.621359223300971,13.679611650485437
1443,0.19047619047619047,0.0,0.0,0.0,0.0,0.0,0.0,0.0,0.0,0.0,0.0,0.0,0.0,0.0,0.0,6.904761904761905,0.0,0.09523809523809523,0.0,0.0,3.380952380952381,7.380952380952381
1444,0.22857142857142856,0.0,0.0,0.0,0.0,0.0,0.0,0.9619047619047619,0.0,0.0,0.0,0.0,0.0,0.0,0.0,1.9047619047619047,0.0,0.7238095238095238,0.0,0.0,10.923809523809524,19.314285714285713
1445,0.3472222222222222,0.0,0.19444444444444445,0.0,0.0,0.0,0.5972222222222222,1.5555555555555556,0.1388888888888889,0.0,0.0,0.0,0.0,0.0,0.0,47.65277777777778,0.9722222222222222,0.0,0.0,0.0,23.86111111111111,38.833333333333336
1446,0.0,0.0,0.0,0.0,5.285714285714286,0.0,0.0,0.5714285714285714,0.0,0.0,0.0,0.0,0.0,0.0,0.6428571428571429,40.5,1.1428571428571428,0.0,3.357142857142857,0.0,8.357142857142858,15.714285714285714
1447,0.0,0.0,0.0,0.0,0.0,0.0,1.3529411764705883,0.0,0.0,0.0,0.0,0.0,0.0,0.0,0.0,51.411764705882355,2.7058823529411766,0.0,0.0,0.0,26.176470588235293,53.8235294117647
1448,0.0,0.0,0.0,0.0,0.0,0.0,0.0,0.7476635514018691,0.0,0.0,0.0,0.0,0.0,0.0,0.0,16.130841121495326,0.11214953271028037,2.4766355140186915,0.0,0.0,12.934579439252337,21.80373831775701
1449,0.0,0.0,0.0,0.0,0.0,0.0,0.0,0.043478260869565216,0.0,0.0,0.0,0.0,0.0,0.0,0.2608695652173913,3.4565217391304346,0.0,1.5217391304347827,0.0,0.0,3.0869565217391304,7.086956521739131
1450,0.0,0.0,0.0,0.0,0.0,0.0,0.0,0.0,0.0,0.0,0.0,0.0,0.0,0.0,0.0,4.333333333333333,0.0,4.6,0.0,0.0,3.3777777777777778,9.244444444444444
1451,0.0,0.0,0.0,0.0,0.0,0.0,0.7586206896551724,1.896551724137931,0.0,0.0,0.0,0.0,0.0,0.0,0.0,194.9655172413793,2.0,0.0,0.0,0.0,14.310344827586206,26.06896551724138
1452,0.41346153846153844,0.0,0.0,0.0,0.0,0.0,0.0,0.7596153846153846,0.0,0.0,0.0,0.0,0.0,0.0,0.0,4.211538461538462,0.028846153846153848,1.1442307692307692,0.0,0.0,5.038461538461538,9.346153846153847
1453,0.0,0.0,0.0,0.0,0.0,0.0,0.02857142857142857,0.0,0.0,0.0,0.0,0.0,0.0,0.0,0.0,2.6,0.0,1.8285714285714285,0.0,0.0,13.942857142857143,22.34285714285714
1454,0.0,0.0,0.0,0.0,0.0,0.0,0.0,0.09090909090909091,0.0,0.0,0.0,0.0,0.0,0.0,0.0,2.981818181818182,0.0,1.8545454545454545,0.0,0.0,3.5727272727272728,8.954545454545455
1455,0.4722222222222222,0.0,0.0,0.0,10.13888888888889,0.0,1.1666666666666667,0.8055555555555556,0.0,0.0,0.0,0.0,0.0,0.0,3.75,37.72222222222222,2.1666666666666665,0.0,12.305555555555555,0.0,20.944444444444443,35.5
1456,0.0,0.0,0.0,0.0,0.0,0.0,0.48148148148148145,1.8703703703703705,0.0,0.0,0.0,0.0,0.0,0.0,0.0,87.70370370370371,1.3518518518518519,0.0,0.0,0.0,26.166666666666668,45.03703703703704
1457,0.0,0.0,0.0,0.0,0.0,0.0,0.0,1.5333333333333334,0.0,0.0,0.0,0.0,0.0,0.0,0.0,1.0666666666666667,0.0,2.2,0.0,0.0,4.033333333333333,8.633333333333333
1458,0.0,0.0,0.0,0.0,8.840579710144928,0.0,0.0,0.0,0.0,0.0,18.0,0.0,0.0,0.0,0.0,5.956521739130435,0.0,2.463768115942029,0.0,0.0,3.652173913043478,8.623188405797102
1459,0.0,0.0,0.0,0.04225352112676056,0.4507042253521127,0.0,0.0,1.2816901408450705,0.0,0.0,0.0,0.0,0.0,0.0,0.0,3.8732394366197185,0.0,2.4225352112676055,0.14084507042253522,0.0,6.661971830985915,13.112676056338028
1460,0.0,0.0,0.0,0.0,0.0,0.0,0.0,1.338235294117647,0.0,0.0,0.0,0.0,0.0,0.0,0.014705882352941176,6.367647058823529,0.0,4.779411764705882,0.0,0.0,9.205882352941176,16.264705882352942
1461,0.0,0.0,0.0,0.0,0.0,0.0,0.0,0.0,0.0,0.0,0.0,0.0,0.0,0.0,0.0,29.75,0.0,0.0,25.25,0.0,10.5,18.75
1462,0.0,0.0,0.0,0.0,0.0,0.0,0.0,0.0,0.0,0.0,0.0,0.0,0.0,0.0,0.0,3.03125,0.0,6.1875,0.0,0.0,5.0,10.0625
1463,0.0,0.0,0.0,0.0,4.291666666666667,0.0,1.375,3.2083333333333335,0.0,0.0,0.0,0.0,0.0,0.0,0.0,33.416666666666664,2.4166666666666665,0.0,4.291666666666667,0.0,14.833333333333334,23.875
1464,0.0,0.0,0.0,0.0,0.0,0.0,0.0,0.0,0.0,0.0,0.0,0.0,0.0,0.0,0.0,1.375,0.0,1.6875,0.0,0.0,4.25,8.875
1465,0.3380281690140845,0.0,0.0,0.014084507042253521,0.0,0.0,0.0,0.15492957746478872,0.0,0.0,0.0,0.0,0.0,0.0,0.0,2.1901408450704225,0.0,2.056338028169014,0.0,0.0,10.366197183098592,18.746478873239436
1466,0.0,0.0,0.0,0.0,8.411764705882353,0.0,0.0,0.0,0.0,0.0,63.85294117647059,0.0,0.0,0.0,0.0,10.823529411764707,0.0,0.0,1.7941176470588236,0.0,5.911764705882353,10.117647058823529
1467,0.0,0.0,0.0,0.0,0.0,0.0,0.0,0.0,0.0,0.0,0.0,0.0,0.0,0.0,0.0,0.6666666666666666,0.0,9.333333333333334,0.0,0.0,5.333333333333333,9.666666666666666
1468,0.1,0.0,0.0,0.0,0.0,0.0,0.0,0.26,0.0,0.0,0.0,0.0,0.0,0.0,0.0,2.06,0.0,5.12,0.0,0.0,5.2,9.92
1469,0.6304347826086957,0.0,0.4782608695652174,0.0,3.8260869565217392,0.0,0.4782608695652174,2.717391304347826,0.15217391304347827,0.2826086956521739,0.0,0.0,0.0,0.0,0.06521739130434782,29.67391304347826,2.130434782608696,0.0,5.956521739130435,0.0,25.434782608695652,44.76086956521739
1470,0.0,0.0,0.0,0.0,0.0,0.0,0.0,0.0,0.0,0.0,0.0,0.0,0.0,0.0,0.0,1.4834437086092715,0.0,0.7152317880794702,0.0,0.0,9.251655629139073,16.490066225165563
1471,0.0,0.0,0.0,0.0,0.0,0.0,0.8333333333333334,0.0,0.0,1.3333333333333333,0.0,0.0,0.0,0.0,2.8333333333333335,58.5,3.1666666666666665,0.0,1.8333333333333333,0.0,23.5,36.666666666666664
1472,0.0,0.0,0.0,0.0,4.96969696969697,0.0,0.0,0.5151515151515151,0.0,0.0,13.818181818181818,0.0,0.0,0.0,0.0,106.78787878787878,0.696969696969697,0.0,0.0,0.0,12.666666666666666,22.333333333333332
1473,0.0,0.0,0.0,0.0,0.0,0.0,0.037037037037037035,0.0,0.0,0.0,0.0,0.0,0.0,0.0,0.0,18.944444444444443,0.0,0.0,0.0,0.0,16.09259259259259,24.75925925925926
1474,0.0,0.0,0.0,0.1388888888888889,0.8888888888888888,0.0,0.0,0.6666666666666666,0.0,0.0,1.6944444444444444,0.0,0.0,0.0,0.0,3.6944444444444446,0.0,4.277777777777778,0.0,0.0,2.9722222222222223,6.916666666666667
1475,0.0,0.0,0.0,0.0,0.012269938650306749,0.0,0.0,0.1165644171779141,0.0,0.0,0.0,0.0,0.0,0.0,0.0,2.245398773006135,0.0,2.4846625766871164,0.0,0.0,9.447852760736197,17.42331288343558
1476,0.0,0.0,0.0,0.0,0.0,0.0,0.0,0.0,0.0,0.0,0.0,0.0,0.0,0.0,0.0,2.9411764705882355,0.0,1.7941176470588236,0.0,0.0,2.9411764705882355,6.794117647058823
1477,0.0,0.0,0.1282051282051282,0.0,0.6666666666666666,0.0,0.02564102564102564,0.23076923076923078,4.333333333333333,0.0,0.0,0.0,0.0,0.0,0.0,49.743589743589745,0.358974358974359,0.0,7.948717948717949,0.0,19.435897435897434,34.15384615384615
1478,0.7777777777777778,0.0,0.0,0.0,0.0,0.0,0.0,0.0,0.0,0.0,0.0,0.0,0.0,0.0,0.0,176.44444444444446,0.7777777777777778,0.0,0.0,0.0,9.833333333333334,15.555555555555555
1479,0.7101449275362319,0.0,0.0,0.0,0.0,0.0,0.0,0.2463768115942029,0.0,0.0,0.0,0.0,0.0,0.0,0.0,4.884057971014493,0.0,0.2318840579710145,0.0,0.0,7.681159420289855,13.985507246376812
1480,0.049079754601226995,0.0,0.0,0.9693251533742331,10.50920245398773,0.0,0.13496932515337423,0.3803680981595092,0.0,0.0,14.39877300613497,0.0,0.0,0.0,0.0,3.423312883435583,0.3067484662576687,1.6625766871165644,4.576687116564417,0.0,9.441717791411042,18.96319018404908
1481,0.2748091603053435,0.0,0.0,0.0,0.0,0.0,0.0,0.0,0.0,0.0,0.0,0.0,0.0,0.0,0.0,1.7633587786259541,0.0,1.099236641221374,0.0,0.0,8.961832061068701,14.786259541984732
1482,0.0,0.0,0.0,0.0,0.0,0.0,0.0,0.41379310344827586,0.0,0.0,0.0,0.0,0.0,0.0,0.0,3.0413793103448277,0.0,5.710344827586207,0.0,0.0,9.358620689655172,17.951724137931034
1483,0.0,0.0,0.16666666666666666,0.0,0.0,0.0,1.1666666666666667,2.9444444444444446,0.0,0.5277777777777778,0.0,0.0,0.0,0.0,0.0,50.611111111111114,2.0555555555555554,0.0,4.555555555555555,0.0,33.30555555555556,54.333333333333336
1484,0.0,0.0,0.0,0.4090909090909091,0.0,0.0,0.0,0.36363636363636365,0.0,0.0,0.0,0.0,0.0,0.0,0.0,3.1818181818181817,0.0,4.954545454545454,0.0,0.0,3.8181818181818183,7.090909090909091
1485,0.0,0.0,0.0,0.0,0.0,0.0,0.0,0.0,0.0,0.0,0.0,0.0,0.0,0.0,0.0,2.3541666666666665,0.0,0.6666666666666666,0.0,0.0,3.8958333333333335,10.1875
1486,0.0,0.0,0.0,0.0,0.0,0.0,0.0,0.6,0.0,0.0,0.0,0.0,0.0,0.0,0.0,1.9125,0.0,2.575,0.0,0.0,6.2125,11.2625
1487,0.0,0.0,0.0,0.0,0.0,0.0,0.0,0.0,0.0,0.0,0.0,0.0,0.0,0.0,0.0,1.2714285714285714,0.0,0.15714285714285714,0.0,0.0,5.7,11.885714285714286
1488,0.0,0.0,0.0,0.0,0.0,0.0,0.0,0.0,0.0,0.0,0.0,0.0,0.0,0.0,0.0,1.8653846153846154,0.0,0.38461538461538464,0.0,0.0,2.0384615384615383,5.211538461538462
1489,0.0,0.0,0.0,0.0,0.0,0.0,0.0,0.0,0.0,0.0,0.0,0.0,0.0,0.0,0.0,3.5757575757575757,0.30303030303030304,5.121212121212121,0.0,0.0,4.909090909090909,11.090909090909092
1490,0.0,0.0,0.0,0.0,0.0,0.0,0.0,0.0,0.0,0.0,0.0,0.0,0.0,0.0,2.0,84.69444444444444,2.6666666666666665,0.0,0.0,0.0,25.11111111111111,41.916666666666664
1491,0.0,0.0,0.0,0.0,0.0,0.0,0.0,0.2920353982300885,0.0,0.0,0.0,0.0,0.0,0.0,0.0,2.9557522123893807,0.0,2.920353982300885,0.0,0.0,5.168141592920354,10.716814159292035
1492,0.0,0.0,0.0,0.25,0.0,0.0,0.0,0.0,0.0,0.0,0.0,0.0,0.0,0.0,0.0,5.1875,0.0,4.75,0.0625,0.0,3.6875,6.5
1493,0.37142857142857144,0.0,0.0,0.0,0.0,0.0,1.0857142857142856,1.1428571428571428,0.0,0.5714285714285714,0.0,0.0,0.0,0.0,0.0,6.828571428571428,0.8571428571428571,13.057142857142857,0.0,0.0,15.685714285714285,27.571428571428573
1494,0.0,0.0,0.0,0.0,0.0,0.0,0.0,0.5783132530120482,0.6024096385542169,0.0,0.0,0.0,0.0,0.0,0.0,6.506024096385542,0.0,1.7710843373493976,0.0,0.0,6.156626506024097,11.385542168674698
1495,0.14615384615384616,0.0,0.0,0.007692307692307693,0.0,0.0,0.0,0.09230769230769231,0.0,0.0,0.0,0.0,0.0,0.0,0.0,2.669230769230769,0.0,1.0,0.0,0.0,9.176923076923076,16.06923076923077
1496,0.0,0.0,0.0,0.0,0.0,0.0,0.0,1.8461538461538463,0.0,0.0,0.0,0.0,0.0,0.0,0.0,8.989010989010989,0.054945054945054944,1.3186813186813187,0.0,0.0,13.604395604395604,23.505494505494507
1497,0.0,0.0,0.0,0.08108108108108109,8.18918918918919,0.0,0.0,0.0,0.40540540540540543,0.0,39.2972972972973,0.0,0.0,0.0,0.0,3.135135135135135,0.0,0.1891891891891892,1.4594594594594594,0.0,2.2972972972972974,6.972972972972973
1498,0.0,0.0,0.0,0.0,0.0,0.0,0.0,0.04854368932038835,0.0,0.0,0.0,0.0,0.0,0.0,0.0,2.2524271844660193,0.0,3.936893203883495,0.0,0.0,7.432038834951456,14.12135922330097
1499,0.5,0.0,0.0,0.0,0.0,0.0,0.05172413793103448,0.5,0.0,0.0,0.0,0.0,0.0,0.0,0.0,4.362068965517241,0.06896551724137931,0.43103448275862066,0.0,0.0,5.655172413793103,11.137931034482758
1500,0.8918918918918919,0.0,0.0,0.0,0.02702702702702703,0.0,0.4594594594594595,0.2972972972972973,0.0,0.35135135135135137,0.0,0.0,0.0,0.0,0.3783783783783784,41.513513513513516,0.8108108108108109,0.0,2.675675675675676,0.0,18.945945945945947,33.24324324324324
1501,1.0714285714285714,0.0,0.0,0.0,0.0,0.0,1.1071428571428572,0.7142857142857143,0.0,0.0,0.0,0.0,0.0,0.0,5.214285714285714,128.46428571428572,2.6785714285714284,0.0,3.25,0.0,26.678571428571427,45.57142857142857
1502,0.0,0.0,0.0,0.06369426751592357,0.025477707006369428,0.0,0.0,0.07006369426751592,0.0,0.0,0.0,0.0,0.0,0.0,0.0,3.713375796178344,0.0,1.10828025477707,0.0,0.0,5.528662420382165,10.528662420382165
1503,0.0,0.0,0.0,0.0,0.0,0.0,0.0,0.0,0.0,0.0,0.0,0.0,0.0,0.0,0.0,34.285714285714285,0.0,0.0,0.0,0.0,7.0,10.857142857142858
1504,0.18867924528301888,0.0,0.0,0.0,0.0,0.0,0.0,0.0,0.0,0.0,0.0,0.0,0.0,0.0,0.0,2.2830188679245285,0.0,0.5094339622641509,0.0,0.0,10.669811320754716,19.77358490566038
1505,0.0,0.0,0.0,0.0,0.0,0.0,0.0,0.2708333333333333,0.0,0.0,0.0,0.0,0.0,0.0,0.0,1.7708333333333333,0.0,0.9375,0.0,0.0,4.125,8.333333333333334
1506,0.0,0.0,0.0,0.0,0.0,0.0,0.0,0.13636363636363635,0.0,0.0,0.0,0.0,0.0,0.0,0.0,3.038961038961039,0.0,2.188311688311688,0.0,0.0,5.915584415584416,11.162337662337663
1507,1.2653061224489797,0.0,0.0,0.0,0.0,0.0,0.6938775510204082,2.673469387755102,0.0,0.0,0.0,0.0,0.0,0.0,0.0,100.06122448979592,2.877551020408163,0.0,0.0,0.0,25.510204081632654,43.08163265306123
1508,0.8333333333333334,0.0,0.0,0.0,0.0,0.0,0.0,0.0,0.0,0.0,0.0,0.0,0.0,0.0,0.0,82.58333333333333,1.4166666666666667,0.0,5.861111111111111,0.0,24.0,39.638888888888886
1509,0.17293233082706766,0.0,0.0,0.0,0.0,0.0,0.0,0.0,0.0,0.0,0.0,0.0,0.0,0.0,0.0,1.9022556390977443,0.0,3.4135338345864663,0.0,0.0,9.473684210526315,16.218045112781954
1510,1.7708333333333333,0.0,0.0,0.0,0.6041666666666666,0.0,1.0208333333333333,2.2083333333333335,0.0,0.625,0.0,0.0,0.0,0.0,1.0833333333333333,76.95833333333333,2.7291666666666665,0.0,7.145833333333333,0.0,25.9375,40.791666666666664
1511,0.0,0.0,0.0,0.0,6.157894736842105,0.0,0.0,0.5263157894736842,0.0,0.0,3.5789473684210527,0.0,0.0,0.0,0.0,174.47368421052633,0.631578947368421,0.0,0.0,0.0,9.842105263157896,12.31578947368421
1512,0.0,0.0,0.0,0.0,0.0,0.0,0.0,0.0,0.0,0.0,0.0,0.0,0.0,0.0,0.0,19.697674418604652,0.0,0.0,0.0,0.0,20.697674418604652,34.325581395348834
1513,0.0,0.0,0.0,0.0,0.0,0.0,0.0,0.0,0.0,0.0,0.0,0.0,0.0,0.0,0.0,2.049019607843137,0.0,1.0686274509803921,0.0,0.0,7.362745098039215,14.019607843137255
1514,0.40425531914893614,0.0,0.0425531914893617,0.0,0.0,0.0,0.425531914893617,1.297872340425532,0.0,0.23404255319148937,0.0,0.0,0.0,0.0,0.0,79.12765957446808,1.127659574468085,0.0,1.446808510638298,0.0,17.27659574468085,29.340425531914892
1515,0.0,0.0,0.0,0.0,0.0,0.0,0.0,0.6666666666666666,0.0,0.0,0.0,0.0,0.0,0.0,0.0,4.944444444444445,0.0,2.3055555555555554,0.0,0.0,10.416666666666666,17.453703703703702
1516,0.0,0.0,0.0,0.0,0.0,0.0,0.0,0.0,0.0,0.0,0.0,0.0,0.0,0.0,0.0,75.875,0.125,0.0,7.125,0.0,9.375,17.625
1517,0.43373493975903615,0.0,0.0,0.0,0.0,0.0,0.0,0.0,0.0,0.0,0.0,0.0,0.0,0.0,0.0,4.240963855421687,0.0,3.0120481927710845,0.0,0.0,8.132530120481928,14.337349397590362
1518,0.0,0.0,0.0,0.0,0.0,0.0,0.0,0.0,0.0,0.0,0.0,0.0,0.0,0.0,0.0,1.1612903225806452,0.0,1.967741935483871,0.0,0.0,5.580645161290323,8.67741935483871
1519,0.0,0.0,0.0,0.0,0.0,0.0,0.0,0.0,0.0,0.0,0.0,0.0,0.0,0.0,0.0,0.8333333333333334,0.0,0.0,0.0,0.0,4.833333333333333,8.166666666666666
1520,0.0,0.0,0.0,0.0,0.0,0.0,0.0,0.0,0.0,0.0,0.0,0.0,0.0,0.0,0.0,2.9,0.05,3.2,0.0,0.0,1.55,6.75
1521,1.2380952380952381,0.0,0.47619047619047616,0.0,6.5476190476190474,0.0,1.2142857142857142,4.404761904761905,0.0,0.30952380952380953,11.095238095238095,0.0,0.0,0.0,0.0,110.0952380952381,5.142857142857143,0.0,0.0,0.0,31.047619047619047,52.357142857142854
1522,0.0,0.0,0.0,0.0,0.0,0.0,0.0,1.4625,0.0,0.0,0.0,0.0,0.0,0.0,0.0,9.025,0.0,3.0,0.0,0.0,5.6125,10.2375
1523,0.0,0.0,0.0,0.0,0.0,0.0,0.0,0.0,0.0,0.0,0.0,0.0,0.0,0.0,0.0,1.5538461538461539,0.0,1.9384615384615385,0.0,0.0,4.369230769230769,9.015384615384615
1524,0.0,0.0,0.0,0.0,0.0,0.0,1.4210526315789473,3.5789473684210527,0.0,0.0,0.0,0.0,0.0,0.0,0.0,84.63157894736842,3.1578947368421053,0.0,2.6315789473684212,0.0,7.842105263157895,14.052631578947368
1525,0.3656716417910448,0.0,0.0,0.0,0.0,0.0,0.0,0.7910447761194029,0.0,0.0,0.0,0.0,0.0,0.0,0.0,3.4776119402985075,0.0,7.455223880597015,0.0,0.0,6.858208955223881,12.940298507462687
1526,0.2158273381294964,0.0,0.0,0.0,0.0,0.0,0.0,0.0,0.0,0.0,0.0,0.0,0.0,0.0,0.0,2.697841726618705,0.0,1.2949640287769784,0.0,0.0,9.798561151079136,17.56115107913669
1527,0.8032786885245902,0.0,0.0,0.639344262295082,0.0,0.0,0.18032786885245902,0.3442622950819672,0.0,0.0,3.2459016393442623,0.0,0.0,0.0,0.18032786885245902,122.32786885245902,0.39344262295081966,0.0,5.065573770491803,0.8524590163934426,25.459016393442624,44.52459016393443
1528,0.3269230769230769,0.0,0.0,0.0,0.0,0.0,0.0,0.0,0.0,0.0,0.0,0.0,0.0,0.0,0.0,2.269230769230769,0.0,1.1923076923076923,0.0,0.0,3.4615384615384617,7.0
1529,0.0,0.0,0.0,0.0,0.04424778761061947,0.0,0.0,0.02654867256637168,0.0,0.0,0.0,0.0,0.0,0.0,0.0,5.070796460176991,0.0,1.592920353982301,0.0,0.0,9.79646017699115,16.964601769911503
1530,0.0,0.0,0.0,0.0,0.0,0.0,0.0,0.0,0.0,0.0,0.0,0.0,0.0,0.0,0.0,3.2564102564102564,0.0,5.730769230769231,0.0,0.0,4.243589743589744,9.243589743589743
1531,0.3787878787878788,0.0,0.0,0.0,0.0,0.0,0.0,0.0,0.0,0.0,0.0,0.0,0.0,0.0,0.0,1.803030303030303,0.0,0.06060606060606061,0.0,0.0,2.696969696969697,6.454545454545454
1532,0.0,0.0,0.0,0.0,0.0,0.0,0.0,0.0,0.0,0.0,0.0,0.0,0.0,0.0,0.0,1.752212389380531,0.0,0.9292035398230089,0.0,0.0,7.495575221238938,12.902654867256636
1533,0.026785714285714284,0.0,0.0,0.6160714285714286,7.625,0.0,0.0,0.8839285714285714,0.0,0.35714285714285715,4.419642857142857,0.0,0.0,0.0,2.1517857142857144,9.5625,0.7053571428571429,8.035714285714286,0.0,0.0,10.526785714285714,19.580357142857142
1534,0.0,0.0,0.0,0.0,0.0,0.0,0.0,0.0660377358490566,0.009433962264150943,0.0,0.0,0.0,0.0,0.0,0.0,2.830188679245283,0.0,3.2169811320754715,0.0,0.0,10.5,17.87735849056604
1535,0.0,0.0,0.0,0.0,0.0,0.0,0.0,0.0,0.0,0.0,0.0,0.0,0.0,0.0,0.0,3.159090909090909,0.0,1.5,0.0,0.0,5.340909090909091,9.125
1536,0.3986013986013986,0.0,0.0,0.0,0.0,0.0,0.0,0.0,0.0,0.0,0.0,0.0,0.0,0.0,0.0,2.3076923076923075,0.0,1.5594405594405594,0.0,0.0,6.370629370629371,12.811188811188812
1537,0.4121212121212121,0.0,0.0,0.0,0.0,0.0,0.0,0.0,0.0,0.0,0.0,0.0,0.0,0.0,0.0,2.224242424242424,0.0,0.3939393939393939,0.0,0.0,9.757575757575758,18.4
1538,0.0,0.0,0.0,0.0,0.0,0.0,0.0,0.375,0.0,0.0,0.0,0.0,0.0,0.0,0.0,2.75,0.0,0.0,0.0,0.0,4.5,10.583333333333334
1539,0.0,0.0,0.0,0.0,0.0,0.0,0.0,0.0,0.0,0.0,0.0,0.0,0.0,0.0,0.0,2.783333333333333,0.016666666666666666,2.8583333333333334,0.0,0.0,10.516666666666667,18.825
1540,0.4,0.0,0.0,0.0,0.0,0.0,1.4,0.0,0.0,0.0,0.0,0.0,0.0,0.0,0.0,128.8,1.6,0.0,2.9,0.0,15.7,25.3
1541,0.4647887323943662,0.0,0.0,0.0,0.22535211267605634,0.0,0.0,0.0,0.0,0.0,0.30985915492957744,0.0,0.0,0.0,0.0,3.492957746478873,0.0,1.6338028169014085,0.07042253521126761,0.0,2.591549295774648,6.267605633802817
1542,0.18633540372670807,0.0,0.0,0.0,0.0,0.0,0.0,0.4782608695652174,0.0,0.006211180124223602,0.0,0.0,0.0,0.0,0.006211180124223602,2.8385093167701863,0.037267080745341616,4.024844720496894,0.0,0.0,8.962732919254659,16.987577639751553
1543,0.015873015873015872,0.0,0.0,0.4126984126984127,3.9444444444444446,0.0,0.29365079365079366,1.0238095238095237,0.0,0.12698412698412698,6.444444444444445,0.0,0.0,0.0,0.0,5.73015873015873,0.4126984126984127,3.6031746031746033,0.0,0.0,10.531746031746032,20.285714285714285
1544,0.25833333333333336,0.0,0.0,0.0,0.0,0.0,0.0,0.44166666666666665,0.0,0.0,0.0,0.0,0.0,0.0,0.0,2.7,0.0,0.4,0.0,0.0,8.458333333333334,14.241666666666667
1545,1.6451612903225807,0.0,0.0,0.0,0.0,0.0,1.064516129032258,3.3870967741935485,0.0,0.0,0.0,0.0,0.0,0.0,1.1935483870967742,76.51612903225806,4.225806451612903,0.0,0.0,0.0,32.935483870967744,58.96774193548387
1546,0.0,0.0,0.0,0.5555555555555556,3.7083333333333335,0.0,0.0,0.0,3.1666666666666665,0.0,26.333333333333332,0.0,0.0,0.0,0.0,5.597222222222222,0.0,4.430555555555555,3.3472222222222223,0.0,6.861111111111111,15.444444444444445
1547,0.0,0.0,0.0,0.0,0.0,0.0,0.0,0.0,0.0,0.0,0.0,0.0,0.0,0.0,0.0,6.097560975609756,0.0,2.3902439024390243,0.0,0.0,2.8292682926829267,6.390243902439025
1548,0.0,0.0,0.0,0.0,0.0,0.0,0.0,0.0,7.363636363636363,0.09090909090909091,0.0,0.0,0.0,0.0,0.0,20.484848484848484,0.0,0.0,0.0,0.0,16.151515151515152,28.939393939393938
1549,0.6875,0.0,0.0,0.0,0.0,0.0,0.0,0.0,0.0,0.0,0.0,0.0,0.0,0.0,0.0,85.5625,0.34375,0.0,21.0625,0.0,14.65625,27.59375
1550,0.0,0.0,0.0,0.4306569343065693,0.291970802919708,0.0,0.48175182481751827,0.927007299270073,0.0,0.0,0.583941605839416,0.0,0.0,0.0,0.0,8.153284671532846,0.44525547445255476,4.189781021897811,0.0,0.0,9.569343065693431,18.45985401459854
1551,0.10416666666666667,0.0,0.0,0.0,0.0,0.0,0.0,0.0,0.0,0.0,0.0,0.0,0.0,0.0,0.0,2.90625,0.0,5.072916666666667,0.0,0.0,3.0104166666666665,6.854166666666667
1552,0.2672413793103448,0.0,0.0,0.0,0.0,0.0,0.0,0.0,0.0,0.0,0.0,0.0,0.0,0.0,0.0,2.689655172413793,0.0,2.0517241379310347,0.0,0.0,11.0,18.905172413793103
1553,0.23134328358208955,0.0,0.0,0.0,0.0,0.0,0.0,0.0,0.0,0.0,0.0,0.0,0.0,0.0,0.0,2.708955223880597,0.0,2.6417910447761193,0.0,0.0,9.208955223880597,17.111940298507463
1554,0.0,0.0,0.0,2.6666666666666665,2.5555555555555554,0.0,0.0,1.2222222222222223,0.0,0.0,0.0,0.0,0.0,0.0,0.0,4.777777777777778,0.0,4.888888888888889,0.0,0.0,5.888888888888889,14.777777777777779
1555,0.0,0.0,0.0,0.0,0.0,0.0,0.0,0.0,0.0,0.0,0.0,0.0,0.0,0.0,0.0,51.69230769230769,0.5384615384615384,0.0,0.0,0.0,8.461538461538462,12.846153846153847
1556,0.8837209302325582,0.0,0.0,0.0,0.0,0.0,0.0,0.0,6.3023255813953485,0.0,0.0,0.0,0.0,0.0,0.0,12.906976744186046,0.023255813953488372,0.0,0.0,0.0,13.651162790697674,21.186046511627907
1557,0.0,0.0,0.0,0.0,0.0,0.0,0.9459459459459459,2.0,0.02702702702702703,0.0,0.0,0.0,0.0,0.0,0.0,29.10810810810811,1.162162162162162,0.0,0.0,0.0,7.756756756756757,13.945945945945946
1558,0.2545454545454545,0.0,0.0,0.0,0.0,0.0,0.0,0.12727272727272726,0.0,0.0,0.0,0.0,0.0,0.0,0.0,3.7636363636363637,0.0,2.9454545454545453,0.0,0.0,5.818181818181818,10.872727272727273
1559,0.0,0.0,0.0,0.0,0.0,0.0,1.6296296296296295,4.444444444444445,0.0,0.5925925925925926,0.0,0.0,0.0,0.0,2.4444444444444446,73.0,3.4814814814814814,0.0,7.481481481481482,0.0,11.25925925925926,20.703703703703702
1560,0.0,0.0,0.0,0.0,0.0,0.0,0.0,0.26851851851851855,0.0,0.0,0.0,0.0,0.0,0.0,0.0,10.38888888888889,0.0,8.75925925925926,0.0,0.0,9.416666666666666,18.39814814814815
1561,0.0,0.0,0.0,0.0,8.807692307692308,0.0,0.4423076923076923,2.4423076923076925,0.0,0.0,20.826923076923077,0.0,0.0,0.0,0.0,87.73076923076923,1.7115384615384615,0.0,0.9038461538461539,0.0,14.711538461538462,26.76923076923077
1562,0.0,0.0,0.0,0.0,0.0,0.0,0.0,0.0,0.0,0.0,0.0,0.0,0.0,0.0,0.0,3.0063291139240507,0.0,2.949367088607595,0.0,0.0,7.974683544303797,13.835443037974683
1563,0.0,0.0,0.0,0.0,0.0,0.0,0.0,0.24812030075187969,0.0,0.0,0.0,0.0,0.0,0.0,0.0,7.62406015037594,0.0,6.090225563909774,0.0,0.0,9.466165413533835,16.74436090225564
1564,0.0,0.0,0.0,0.0,0.0,0.0,0.0,0.0,2.3492063492063493,0.3492063492063492,0.0,0.0,0.0,0.0,0.0,43.23809523809524,0.1111111111111111,0.0,0.0,0.0,31.0,53.58730158730159
1565,0.0,0.0,0.0,0.0,0.0,0.0,0.0,0.12987012987012986,0.0,0.0,0.0,0.0,0.0,0.0,0.0,2.311688311688312,0.0,0.6558441558441559,0.0,0.0,4.454545454545454,9.168831168831169
1566,0.0,0.0,0.0,0.0,0.0,0.0,0.0,0.0,0.0,0.0,0.0,0.0,0.0,0.0,0.0,3.3488372093023258,0.0,7.046511627906977,0.0,0.0,2.2790697674418605,6.767441860465116
1567,0.0,0.0,0.0,0.0,0.0,0.0,0.0,0.25,0.0,0.0,0.0,0.0,0.0,0.0,0.0,2.7,0.0,0.0,0.0,0.0,5.8,9.15
1568,0.0,0.0,0.0,0.0,8.41304347826087,0.0,0.3695652173913043,2.5217391304347827,0.0,0.0,10.91304347826087,0.0,0.0,0.0,0.06521739130434782,32.108695652173914,1.7608695652173914,0.0,1.065217391304348,0.0,10.717391304347826,18.52173913043478
1569,0.9230769230769231,0.0,0.0,0.0,0.0,0.0,1.1923076923076923,2.0384615384615383,0.0,0.0,0.0,0.0,0.0,0.0,0.0,98.96153846153847,1.8461538461538463,0.0,1.0769230769230769,0.0,9.0,15.884615384615385
1570,0.0,0.0,0.0,0.0,9.91304347826087,0.0,0.0,0.6521739130434783,0.0,0.0,2.0869565217391304,0.0,0.0,0.0,0.0,117.56521739130434,0.21739130434782608,0.0,1.2608695652173914,0.0,20.130434782608695,31.652173913043477
1571,0.21264367816091953,0.0,0.0,0.0,0.0,0.0,0.0,0.1206896551724138,0.0,0.0,0.0,0.0,0.0,0.0,0.0,3.6436781609195403,0.0,7.385057471264368,0.0,0.0,9.706896551724139,17.85632183908046
1572,0.0,0.0,0.0,1.5660377358490567,10.754716981132075,0.0,0.0,0.8113207547169812,0.0,0.0,11.283018867924529,0.0,0.0,0.0,0.0,6.528301886792453,0.0,3.018867924528302,0.0,0.0,2.9245283018867925,6.566037735849057
1573,0.7368421052631579,0.0,0.0,0.0,0.0,0.0,1.9210526315789473,0.3684210526315789,0.0,0.0,0.0,0.0,0.0,0.0,7.552631578947368,90.3157894736842,3.1052631578947367,0.0,0.0,0.0,18.55263157894737,34.973684210526315
1574,0.0,0.0,0.0,0.0,0.5769230769230769,0.0,0.019230769230769232,0.07692307692307693,0.0,0.0,0.0,0.0,0.0,0.0,0.0,70.46153846153847,0.40384615384615385,0.0,0.0,0.0,22.173076923076923,37.09615384615385
1575,0.0,0.0,0.0,0.0,0.0,0.0,0.3333333333333333,1.1282051282051282,0.0,0.34615384615384615,0.0,0.0,0.0,0.0,0.0,83.02564102564102,1.5769230769230769,0.0,0.0,0.0,26.166666666666668,44.61538461538461
1576,0.3333333333333333,0.0,0.0,0.0,0.0,0.0,0.0,0.0,0.0,0.0,0.0,0.0,0.0,0.0,0.0,3.013333333333333,0.0,0.5733333333333334,0.0,0.0,7.08,13.413333333333334
1577,0.0,0.0,0.0,0.24444444444444444,0.0,0.0,0.1,0.05555555555555555,0.0,0.0,0.0,0.0,0.0,0.0,0.0,9.011111111111111,0.14444444444444443,3.577777777777778,0.0,0.0,11.21111111111111,21.466666666666665
1578,0.0,0.0,0.0,0.0,0.0,0.0,0.0,0.0,0.0,0.0,0.0,0.0,0.0,0.0,0.0,2.6448598130841123,0.0,1.8317757009345794,0.0,0.0,10.411214953271028,18.953271028037385
1579,0.9210526315789473,0.0,0.0,0.0,0.0,0.0,0.0,0.0,0.0,0.0,0.0,0.0,0.0,0.0,0.0,77.92105263157895,0.3684210526315789,0.0,0.0,0.0,14.578947368421053,26.63157894736842
1580,0.15,0.0,0.0,0.0,0.0,0.0,0.0,0.0,3.3125,0.0,0.0,0.0,0.0,0.0,0.0,17.75,0.1125,4.4625,0.0,0.0,18.0,30.1125
1581,0.0,0.0,0.0,0.0,0.0,0.0,0.0,0.0,0.0,0.0,0.0,0.0,0.0,0.0,0.0,3.725,0.0,1.525,0.0,0.0,3.85,6.2
1582,0.0,0.0,0.0,0.15384615384615385,0.0,0.0,0.0,0.0,0.0,0.0,0.0,0.0,0.0,0.0,0.0,8.846153846153847,0.0,0.23076923076923078,0.0,0.0,3.1923076923076925,6.653846153846154
1583,0.10526315789473684,0.0,0.0,0.0,0.0,0.0,0.0,0.0,0.0,0.0,0.0,0.0,0.0,0.0,0.0,3.3333333333333335,0.0,2.1403508771929824,0.0,0.0,6.43859649122807,11.736842105263158
1584,0.0,0.0,0.0,0.0,0.0,0.0,0.0,0.0,0.0,0.0,0.0,0.0,0.0,0.0,0.0,5.724137931034483,0.0,2.1724137931034484,0.0,0.0,3.103448275862069,7.275862068965517
1585,0.15492957746478872,0.0,0.0,0.04225352112676056,1.1056338028169015,0.0,0.0,0.0,0.0,0.0,0.16901408450704225,0.0,0.0,0.0,0.0,3.3309859154929575,0.0,1.2253521126760563,0.0,0.0,10.45774647887324,18.359154929577464
1586,0.0,0.0,0.0,0.0,0.0,0.0,0.0,0.047619047619047616,0.0,0.0,0.0,0.0,0.0,0.0,0.0,1.4285714285714286,0.0,0.0,0.0,0.0,3.7777777777777777,8.253968253968255
1587,0.0,0.0,0.0,0.0,0.0,0.0,0.8809523809523809,0.0,0.0,0.6666666666666666,0.0,0.0,0.0,0.0,3.761904761904762,67.5952380952381,2.3095238095238093,0.0,0.19047619047619047,0.0,16.523809523809526,27.38095238095238
1588,0.29508196721311475,0.0,0.0,0.0,5.344262295081967,0.0,0.26229508196721313,0.0,0.0,0.03278688524590164,0.0,0.0,0.0,0.0,0.5573770491803278,56.31147540983606,0.3770491803278688,0.0,0.0,0.0,14.819672131147541,24.950819672131146
1589,0.0,0.0,0.0,0.0,0.0,0.0,0.0,0.0,0.013157894736842105,0.0,0.0,0.0,0.0,0.0,0.0,5.447368421052632,0.0,2.1315789473684212,0.0,0.0,1.6842105263157894,4.434210526315789
1590,0.019867549668874173,0.0,0.0,0.0,0.0,0.0,0.0,0.2251655629139073,0.0,0.0,0.0,0.0,0.0,0.0,0.0,3.748344370860927,0.0,4.450331125827814,0.0,0.0,3.7152317880794703,7.728476821192053
1591,0.0,0.0,0.0,0.0,0.0,0.0,0.0,0.0,0.0,0.0,0.0,0.0,0.0,0.0,0.0,3.381443298969072,0.0,1.0206185567010309,0.0,0.0,10.11340206185567,15.43298969072165
1592,0.0,0.0,0.0,0.0,0.0,0.0,0.0,0.0,0.0,0.0,0.0,0.0,0.0,0.0,0.0,52.15384615384615,0.3076923076923077,0.0,3.3846153846153846,0.3269230769230769,16.923076923076923,29.192307692307693
1593,0.14788732394366197,0.0,0.0,0.0,0.0,0.0,0.0,0.0,0.0,0.0,0.0,0.0,0.0,0.0,0.0,2.76056338028169,0.0,2.23943661971831,0.0,0.0,8.901408450704226,16.190140845070424
1594,0.0,0.0,0.0,0.0,0.0,0.0,0.0,0.0,0.0,0.0,0.0,0.0,0.0,0.0,0.0,8.870967741935484,0.0,9.053763440860216,0.0,0.0,5.698924731182796,11.655913978494624
1595,0.45454545454545453,0.0,0.0,0.0,5.545454545454546,0.0,1.0909090909090908,2.3636363636363638,0.0,0.0,1.5454545454545454,0.0,0.0,0.0,0.0,77.0,3.0,3.0,1.9090909090909092,0.0,10.363636363636363,22.09090909090909
1596,0.0,0.0,0.0,0.0,0.0,0.0,0.0,0.0,0.0,0.0,0.0,0.0,0.0,0.0,0.0,2.537037037037037,0.0,0.1111111111111111,0.0,0.0,3.4814814814814814,8.314814814814815
1597,0.0,0.0,0.0,0.0,0.0,0.0,1.489795918367347,0.0,0.0,0.0,0.0,0.0,0.0,0.0,4.918367346938775,86.93877551020408,2.489795918367347,0.0,0.0,0.0,31.775510204081634,53.69387755102041
1598,0.3389830508474576,0.0,0.0,0.0,0.0,0.0,0.0,0.0,10.694915254237289,0.0,0.0,0.0,0.0,0.0,0.0,27.593220338983052,0.13559322033898305,0.0,0.0,0.0,17.35593220338983,28.593220338983052
1599,0.7714285714285715,0.0,0.0,0.0,0.0,0.0,0.7714285714285715,1.4285714285714286,0.05714285714285714,0.2571428571428571,0.0,0.0,0.0,0.0,0.0,38.94285714285714,0.7142857142857143,0.0,0.0,0.0,15.971428571428572,26.314285714285713
1600,0.0,0.0,0.0,0.0,15.444444444444445,0.0,0.05555555555555555,0.027777777777777776,0.0,0.0,17.63888888888889,0.0,0.0,0.0,0.3055555555555556,26.444444444444443,0.0,0.0,42.361111111111114,0.0,5.888888888888889,17.305555555555557
1601,0.2857142857142857,0.0,0.0,0.0,4.595238095238095,0.0,1.1428571428571428,0.8809523809523809,0.0,0.047619047619047616,0.47619047619047616,0.0,0.0,0.0,3.619047619047619,33.92857142857143,3.642857142857143,0.0,0.6666666666666666,0.0,23.666666666666668,40.833333333333336
1602,0.0,0.0,0.0,0.3482142857142857,1.25,0.0,0.0,0.0,2.4107142857142856,0.0,0.0,0.0,0.0,0.0,0.0,9.955357142857142,0.0,8.6875,1.625,0.0,9.205357142857142,17.482142857142858
1603,0.0,0.0,0.0,0.0,0.0,0.0,0.0,0.0,0.0,0.0,0.0,0.0,0.0,0.0,0.0,2.902439024390244,0.0,3.902439024390244,0.0,0.0,4.365853658536586,9.804878048780488
1604,0.3103448275862069,0.0,0.0,0.0,0.0,0.0,0.9655172413793104,0.0,0.0,0.41379310344827586,0.0,0.0,0.0,0.0,4.931034482758621,29.75862068965517,2.5172413793103448,0.0,2.413793103448276,0.0,26.310344827586206,46.51724137931034
1605,0.0,0.0,0.0,0.0,0.0,0.0,0.0,0.0,0.625,0.0,0.0,0.0,0.0,0.0,0.0,25.125,0.0,0.0,0.0,0.0,21.5625,32.25
1606,0.0,0.0,0.0,0.0,0.0,0.0,0.0,0.09174311926605505,0.0,0.0,0.0,0.0,0.46788990825688076,0.0,0.0,10.073394495412844,0.0,13.623853211009175,0.0,0.0,3.229357798165138,7.541284403669724
1607,0.0,0.0,0.0,0.0,0.0,0.0,0.0,1.4230769230769231,0.0,0.0,0.0,0.0,0.0,0.0,0.0,7.961538461538462,0.0,5.576923076923077,0.0,0.0,3.9615384615384617,8.423076923076923
1608,0.0,0.0,0.0,0.0,0.0,1.9,1.0666666666666667,0.0,0.0,0.0,0.0,0.0,0.0,0.0,0.0,31.7,0.26666666666666666,0.0,0.0,0.0,12.0,20.966666666666665
1609,0.14457831325301204,0.0,0.0,0.0,0.0,0.0,0.0,0.0,0.0,0.0,0.0,0.0,0.0,0.0,0.0,1.6265060240963856,0.0,0.3493975903614458,0.0,0.0,9.216867469879517,16.819277108433734
1610,0.0,0.0,0.0,0.0,0.0,0.0,0.0,0.0,0.0,0.0,0.0,0.0,0.0,0.0,0.0,2.371794871794872,0.0,0.5641025641025641,0.0,0.0,5.615384615384615,10.35897435897436
1611,0.22905027932960895,0.0,0.0,0.0,0.0,0.0,0.0,0.2737430167597765,0.0,0.0,0.0,0.0,0.0,0.0,0.0,3.430167597765363,0.0,1.8715083798882681,0.0,0.0,8.30167597765363,15.145251396648044
1612,0.0,0.0,0.0,0.0,0.0,0.0,0.09375,0.15625,2.25,0.21875,0.0,0.0,0.0,0.0,0.0,16.4375,0.125,0.0,0.0,0.0,7.5,14.125
1613,0.0,0.0,0.0,0.0,0.0,0.0,0.0,0.5,0.0,0.0,0.0,0.0,0.0,0.0,0.0,2.3863636363636362,0.0,1.3409090909090908,0.0,0.0,2.8181818181818183,7.931818181818182
1614,0.0,0.0,0.0,0.0,0.0,0.0,0.0,0.0,0.0,0.0,0.0,0.0,0.0,0.0,0.0,6.315789473684211,0.0,1.6842105263157894,0.0,0.0,2.3157894736842106,6.526315789473684
1615,0.0,0.0,0.0,0.025,0.13125,0.0,0.0,0.0375,0.0,0.0,0.0,0.0,0.0,0.0,0.0,3.56875,0.0,4.36875,0.0,0.0,6.74375,13.23125
1616,0.6363636363636364,0.0,0.0,0.0,4.954545454545454,0.0,0.13636363636363635,0.045454545454545456,0.0,0.0,8.818181818181818,0.0,0.0,0.0,0.045454545454545456,48.95454545454545,0.8181818181818182,8.318181818181818,19.727272727272727,0.0,12.5,21.045454545454547
1617,0.0,0.0,0.0,0.0,9.526315789473685,0.0,0.10526315789473684,0.5,0.0,0.0,4.9605263157894735,0.0,0.0,0.0,0.0,32.06578947368421,0.39473684210526316,0.0,0.0,0.0,9.697368421052632,20.342105263157894
1618,0.0,1.434782608695652,0.0,0.0,0.0,2.4130434782608696,0.32608695652173914,0.0,0.0,0.0,0.0,0.0,0.0,0.0,0.0,72.30434782608695,0.3695652173913043,0.0,0.0,0.0,32.78260869565217,54.08695652173913
1619,0.04861111111111111,0.0,0.0,0.0,0.0,0.0,0.0,0.027777777777777776,0.0,0.0,0.0,0.0,0.0,0.0,0.0,2.3680555555555554,0.0,1.0902777777777777,0.0,0.0,6.847222222222222,12.70138888888889
1620,0.0,0.0,0.0,0.0,0.0,0.0,0.0,0.0,0.0,0.0,0.0,0.0,0.0,0.0,0.0,1.6923076923076923,0.0,0.15384615384615385,0.0,0.0,2.641025641025641,7.923076923076923
1621,0.0,0.0,0.0,0.0,0.0,0.0,0.0625,0.0,0.0,0.0,0.0,0.0,0.0,0.0,0.125,29.9375,0.3125,0.0,5.125,0.0,9.5625,18.375
1622,0.0,0.0,0.0,0.0,0.0,0.0,0.0,0.0,0.0,0.0,0.0,0.0,0.0,0.0,0.0,2.240506329113924,0.0,1.7088607594936709,0.0,0.0,3.7974683544303796,6.468354430379747
1623,0.34536082474226804,0.0,0.0,0.0,0.0,0.0,0.0,0.0,0.0,0.0,0.0,0.0,0.0,0.0,0.0,1.7731958762886597,0.0,0.8041237113402062,0.0,0.0,11.639175257731958,19.84536082474227
1624,0.0,0.0,0.0,0.0,0.0,0.0,0.0,0.0,0.0,0.0,0.0,0.0,0.0,0.0,0.0,2.121212121212121,0.0,4.212121212121212,0.0,0.0,4.090909090909091,7.181818181818182
1625,0.6428571428571429,0.0,0.0,0.0,0.0,0.0,2.1666666666666665,0.6190476190476191,0.0,0.30952380952380953,0.0,0.0,0.0,0.0,5.095238095238095,52.404761904761905,3.5,2.642857142857143,1.2380952380952381,0.0,29.476190476190474,49.357142857142854
1626,1.1875,0.0,0.0,0.0,0.0,0.0,0.6875,0.75,0.0,0.3125,0.0,0.0,0.0,0.0,0.0,35.375,1.0,0.0,0.5625,0.0,13.625,25.5
1627,0.0,0.0,0.0,0.0,0.0,0.0,0.0,0.0,0.13793103448275862,0.0,0.0,0.0,0.0,0.0,0.0,44.37931034482759,0.1724137931034483,0.0,0.0,0.0,31.06896551724138,53.310344827586206
1628,0.0,0.0,0.0,0.0,0.0,0.0,0.0,0.02247191011235955,0.0,0.0,0.0,0.0,0.0,0.0,0.0,3.393258426966292,0.0,3.3258426966292136,0.0,0.0,7.573033707865169,13.46629213483146
1629,0.0,0.0,0.0,0.0,0.0,0.0,0.0,0.0,0.0,0.0,0.0,0.0,0.0,0.0,0.0,2.2857142857142856,0.0,0.8571428571428571,0.0,0.0,5.285714285714286,6.428571428571429
1630,0.0,0.0,0.0,0.0,0.0,0.0,0.0,0.3829787234042553,0.0,0.0,0.0,0.0,0.0,0.0,0.0,5.957446808510638,0.0,0.1276595744680851,0.0,0.0,6.042553191489362,10.382978723404255
1631,0.6,0.0,0.0,0.0,1.8666666666666667,0.0,0.044444444444444446,0.4222222222222222,0.0,0.0,0.0,0.0,0.0,0.0,0.5555555555555556,60.355555555555554,0.5777777777777777,0.0,1.4666666666666666,0.0,23.266666666666666,40.91111111111111
1632,0.6206896551724138,0.0,0.0,0.0,0.0,0.0,0.0,0.0,0.0,0.0,0.0,0.0,0.0,0.0,0.0,81.41379310344827,0.13793103448275862,0.0,0.0,37.37931034482759,23.06896551724138,42.13793103448276
1633,0.2288135593220339,0.0,0.0,0.0,0.0,0.0,0.0,0.2711864406779661,0.0,0.0,0.0,0.0,0.0,0.0,0.0,3.2966101694915255,0.0,3.406779661016949,0.0,0.0,3.5,7.084745762711864
1634,0.0,0.0,0.0,0.0,0.34375,0.0,0.0,0.0,0.0,0.0,0.0,0.0,0.0,0.0,0.0,6.671875,0.0,2.828125,0.0,0.0,5.5625,10.140625
1635,0.0,0.0,0.0,0.0,0.0,0.0,0.0,1.3333333333333333,0.0,0.0,0.0,0.0,1.2745098039215685,0.0,0.0,9.862745098039216,0.0,7.607843137254902,0.0,0.0,5.1568627450980395,9.666666666666666
1636,0.0,0.0,0.0,0.0,0.0,0.0,0.0,0.0,0.0,0.0,0.0,0.0,0.0,0.0,0.0,3.34375,0.0,0.65625,0.0,0.0,3.46875,6.0625
1637,0.0,0.0,0.0,0.0,0.0,0.0,0.0,0.05405405405405406,0.0,0.0,0.0,0.0,0.0,0.0,0.0,1.8738738738738738,0.0,0.45045045045045046,0.0,0.0,10.657657657657658,19.414414414414413
1638,0.3111111111111111,0.0,0.0,0.0,0.0,0.0,0.0,0.022222222222222223,0.0,0.0,0.0,0.0,0.0,0.0,0.0,45.75555555555555,0.17777777777777778,0.0,0.0,0.0,23.377777777777776,38.71111111111111
1639,0.0,0.0,0.0,0.0,0.0,0.0,0.0,0.4266666666666667,0.0,0.0,0.0,0.0,0.0,0.0,0.0,6.28,0.0,3.1333333333333333,0.0,0.0,3.3066666666666666,7.306666666666667
1640,0.0,0.0,0.0,0.0,0.0,0.0,0.0,0.49707602339181284,0.0,0.0,0.0,0.0,0.0,0.0,0.0,4.52046783625731,0.0,4.912280701754386,0.0,0.0,4.187134502923977,8.052631578947368
1641,0.0,0.0,0.0,0.056768558951965066,0.2576419213973799,0.0,0.0,0.0,0.0,0.0,0.4497816593886463,0.0,0.0,0.0,0.0,5.427947598253275,0.0,2.3013100436681224,0.0,0.0,4.3406113537117905,7.816593886462882
1642,0.7058823529411765,0.0,0.0,0.0,0.0,0.0,0.058823529411764705,0.0,0.0,0.0,0.0,0.0,0.0,0.0,0.0,58.23529411764706,0.7647058823529411,0.0,1.0,0.0,18.647058823529413,33.88235294117647
1643,0.13138686131386862,0.0,0.0,0.0,0.0,0.0,0.0,0.0,0.0,0.0,0.0,0.0,0.0,0.0,0.0,1.9854014598540146,0.0,0.0,0.0,0.0,7.934306569343065,14.255474452554745
1644,0.6296296296296297,0.0,0.0,0.0,0.0,0.0,0.0,1.3703703703703705,0.0,0.0,0.0,0.0,0.0,0.0,0.0,1.8518518518518519,0.0,2.074074074074074,0.0,0.0,4.962962962962963,9.703703703703704
1645,0.6875,0.0,0.0,0.0,0.0,0.0,0.8125,1.6875,0.6666666666666666,0.14583333333333334,0.0,0.0,0.0,0.0,0.0,85.1875,1.5416666666666667,0.0,0.0,0.0,20.416666666666668,35.625
1646,0.0,0.0,0.0,0.0,0.0,0.0,0.0,0.4107142857142857,0.0,0.0,0.0,0.0,0.0,0.0,0.0,2.4732142857142856,0.0,0.5089285714285714,0.0,0.0,8.455357142857142,14.303571428571429
1647,0.0,0.0,0.0,0.0,0.0,0.0,0.0,0.4,0.0,0.0,0.0,0.0,0.0,0.0,0.0,12.544444444444444,0.0,5.0,0.0,0.0,9.588888888888889,18.711111111111112
1648,0.21875,0.0,0.0,0.0,0.0,0.0,0.625,0.09375,0.0,0.25,0.0,0.0,0.0,0.0,3.84375,21.3125,3.0,0.0,19.46875,0.0,19.34375,37.59375
1649,0.8,0.0,0.0,0.0,0.0,0.0,0.0,0.0,0.2,0.0,0.0,0.0,0.0,0.0,0.0,109.86666666666666,0.5333333333333333,0.0,0.0,0.0,10.533333333333333,16.2
1650,0.0,0.0,0.0,0.0,0.0,0.0,0.13978494623655913,0.6559139784946236,0.0,0.0,0.0,0.0,0.0,0.0,0.0,12.365591397849462,0.0,2.3440860215053765,0.0,0.0,11.440860215053764,20.49462365591398
1651,0.18012422360248448,0.0,0.0,0.0,0.0,0.0,0.0,0.0,0.0,0.0,0.0,0.0,0.0,0.0,0.0,1.6521739130434783,0.0,0.6024844720496895,0.0,0.0,7.906832298136646,13.602484472049689
1652,0.0,0.0,0.0,0.0,0.0,0.0,0.0,0.0,0.0,0.0,0.0,0.0,0.0,0.0,0.0,2.2857142857142856,0.0,0.0,0.0,0.0,3.5714285714285716,13.571428571428571
1653,0.34285714285714286,0.0,0.0,0.0,3.4285714285714284,0.0,0.0,0.2,0.0,0.0,0.0,0.0,0.0,0.0,0.0,48.142857142857146,0.2857142857142857,0.0,0.0,0.0,9.742857142857142,16.37142857142857
1654,0.5757575757575758,0.0,0.0,0.0,0.0,0.0,0.0,0.0,0.030303030303030304,0.0,0.0,0.0,0.0,0.0,0.0,67.0909090909091,0.030303030303030304,0.0,0.0,0.0,30.181818181818183,52.878787878787875
1655,0.13793103448275862,0.0,0.0,0.0,0.3333333333333333,0.0,0.0,0.0,2.4597701149425286,0.0,0.0,0.0,0.0,0.0,0.0,27.344827586206897,0.011494252873563218,1.206896551724138,0.6896551724137931,0.0,11.206896551724139,19.74712643678161
1656,0.16666666666666666,0.0,0.0,0.0,0.0,0.0,0.0,0.19696969696969696,0.0,0.0,0.0,0.0,0.0,0.0,0.0,2.0757575757575757,0.0,0.5909090909090909,0.0,0.0,3.3484848484848486,6.515151515151516
1657,0.0,0.0,0.0,0.5483870967741935,1.096774193548387,0.0,0.0,1.6774193548387097,0.0,0.0,0.0,0.0,0.0,0.0,0.0,13.483870967741936,0.0,6.838709677419355,0.0,0.0,3.6451612903225805,7.838709677419355
1658,0.0,0.0,0.0,0.0,0.0,0.0,0.0,0.0,0.0,0.0,0.0,0.0,0.0,0.0,0.08,42.64,0.72,0.0,0.0,0.0,13.52,21.56
1659,0.7037037037037037,0.0,1.0,0.0,6.518518518518518,0.0,3.925925925925926,4.925925925925926,0.0,0.48148148148148145,0.0,0.0,0.0,0.0,0.0,65.48148148148148,2.6296296296296298,0.0,0.0,0.0,39.7037037037037,64.88888888888889
1660,0.0,0.0,0.0,0.0,0.0,0.0,0.0,0.0,0.0,0.0,0.0,0.0,0.0,0.0,0.0,4.578947368421052,0.0,0.0,0.0,0.0,4.368421052631579,6.842105263157895
1661,0.4636363636363636,0.0,0.0,0.0,0.0,0.0,0.0,0.43636363636363634,0.0,0.0,0.0,0.0,0.0,0.0,0.0,8.781818181818181,0.045454545454545456,3.690909090909091,0.0,0.0,11.036363636363637,18.972727272727273
1662,0.0,0.0,0.0,0.0,0.0,0.0,1.1904761904761905,1.9047619047619047,0.0,0.0,0.0,0.0,0.0,0.0,0.0,52.57142857142857,1.6666666666666667,0.0,0.0,0.0,11.095238095238095,17.38095238095238
1663,0.16049382716049382,0.0,0.0,0.0,0.0,0.0,0.0,0.0,0.0,0.0,0.0,0.0,0.0,0.0,0.0,2.5925925925925926,0.0,0.654320987654321,0.0,0.0,8.962962962962964,16.662551440329217
1664,0.2857142857142857,0.0,0.22857142857142856,0.0,0.7428571428571429,0.0,2.742857142857143,0.8285714285714286,0.0,0.5142857142857142,0.0,0.0,0.0,0.0,4.314285714285714,28.457142857142856,4.542857142857143,0.0,4.114285714285714,0.0,28.485714285714284,51.48571428571429
1665,0.6888888888888889,0.0,0.0,0.0,0.0,0.0,1.488888888888889,0.0,0.0,0.6666666666666666,0.0,0.0,0.0,0.0,3.1555555555555554,87.53333333333333,1.9111111111111112,0.0,5.022222222222222,0.0,21.466666666666665,36.46666666666667
1666,0.0,0.0,0.0,0.0,0.0,0.0,0.0,0.5306122448979592,0.0,0.0,0.0,0.0,0.0,0.0,0.0,3.061224489795918,0.0,0.0,0.0,0.0,2.5918367346938775,7.020408163265306
1667,0.0,0.0,0.0,0.24806201550387597,0.0,0.0,0.0,0.0,0.0,0.35658914728682173,0.0,0.0,0.0,0.0,0.0,3.0,0.0,1.3643410852713178,0.0,0.0,10.720930232558139,18.666666666666668
1668,0.0,0.0,0.0,0.0,0.0,0.0,0.0,0.8118811881188119,0.0,0.0,0.0,0.0,0.0,0.0,0.0,2.207920792079208,0.0,1.188118811881188,0.0,0.0,7.336633663366337,13.198019801980198
1669,0.0,0.0,0.0,0.0,0.0,0.0,0.0,0.22764227642276422,0.0,0.0,0.0,0.0,0.0,0.0,0.0,2.6666666666666665,0.0,1.7479674796747968,0.0,0.0,10.886178861788618,19.84552845528455
1670,0.0,0.0,0.0967741935483871,0.0,0.0,0.0,0.5806451612903226,2.4516129032258065,0.0,0.0,1.2903225806451613,0.0,0.0,0.0,0.0,39.61290322580645,1.7741935483870968,0.0,8.548387096774194,0.0,29.93548387096774,46.70967741935484
1671,0.8536585365853658,0.0,0.0,0.0,0.0,0.0,2.4146341463414633,1.4878048780487805,0.0,0.7317073170731707,0.0,0.0,0.0,0.0,1.9268292682926829,17.609756097560975,4.219512195121951,0.0,7.463414634146342,0.0,22.5609756097561,36.97560975609756
1672,0.7439024390243902,0.0,0.0,0.0,0.0,0.0,0.35365853658536583,0.7560975609756098,0.0,0.0,0.0,0.0,0.0,0.0,0.0,7.670731707317073,0.6463414634146342,5.7682926829268295,0.0,0.0,6.378048780487805,14.097560975609756
1673,0.0,0.0,0.0,0.0,0.0,0.0,0.0,0.0,0.0,0.0,0.0,0.0,0.0,0.0,0.0,2.764705882352941,0.0,0.6974789915966386,0.0,0.0,6.873949579831932,12.22689075630252
1674,0.0,0.0,0.0,0.0,0.0,0.0,0.0,0.0,0.0,0.0,0.0,0.0,0.0,0.0,0.0,4.126865671641791,0.0,1.0895522388059702,0.0,0.0,7.455223880597015,12.492537313432836
1675,0.16911764705882354,0.0,0.0,0.0,0.0,0.0,0.0,0.0,0.0,0.0,0.0,0.0,0.0,0.0,0.0,2.3529411764705883,0.0,1.2573529411764706,0.0,0.0,5.345588235294118,9.926470588235293
1676,0.0,0.0,0.0,0.0,0.0,0.0,0.0,0.5304878048780488,0.0,0.0,0.0,0.0,0.0,0.0,0.0,7.152439024390244,0.0,4.012195121951219,0.0,0.0,6.304878048780488,11.841463414634147
1677,0.0,0.0,0.0,0.0,0.0,0.0,0.0,0.0,0.0,0.0,0.0,0.0,0.0,0.0,0.0,74.76923076923077,0.0,0.0,0.0,0.0,14.23076923076923,21.153846153846153
1678,0.0,0.0,0.0,0.0,0.0,0.0,0.0,0.0,0.0,0.0,0.0,0.0,0.0,0.0,0.0,3.0725806451612905,0.0,1.1693548387096775,0.0,0.0,6.862903225806452,13.387096774193548
1679,0.07563025210084033,0.0,0.0,0.0,0.0,0.0,0.0,0.0,0.0,0.0,0.0,0.0,0.0,0.0,0.0,2.008403361344538,0.0,3.6470588235294117,0.0,0.0,10.378151260504202,19.41176470588235
1680,0.30434782608695654,0.0,0.0,0.0,0.0,0.0,0.43478260869565216,0.2608695652173913,0.0,0.34782608695652173,0.0,0.0,0.0,0.0,0.34782608695652173,20.17391304347826,1.6956521739130435,0.0,8.434782608695652,0.0,18.26086956521739,33.17391304347826
1681,0.0,0.0,0.0,0.0,0.0,0.0,1.6666666666666667,1.7083333333333333,0.0,0.3541666666666667,0.0,0.0,0.0,0.0,3.8958333333333335,16.479166666666668,3.0208333333333335,0.0,0.14583333333333334,0.0,17.541666666666668,28.458333333333332
1682,0.0,0.0,0.0,0.0,0.0,0.0,0.0,1.6153846153846154,0.0,0.0,0.0,0.0,0.0,0.0,0.0,4.076923076923077,0.0,1.3846153846153846,0.0,0.0,6.076923076923077,11.846153846153847
1683,1.3571428571428572,0.0,0.0,0.0,0.0,0.0,0.0,0.6428571428571429,0.0,0.0,0.0,0.0,0.0,0.0,0.0,80.60714285714286,0.10714285714285714,0.0,5.535714285714286,0.0,14.25,24.607142857142858
1684,0.0,0.0,0.0,0.0,0.0,0.0,0.0,0.0,0.0,0.0,0.0,0.0,0.0,0.0,0.0,1.375,0.0,3.4375,0.0,0.0,3.4375,4.875
1685,0.0,0.0,0.0,0.25,0.5625,0.0,0.0,0.0,0.0,0.0,1.71875,0.0,0.0,0.0,0.0,3.8125,0.0,0.375,0.0,0.0,3.65625,6.15625
1686,0.10526315789473684,0.0,0.24561403508771928,0.0,5.473684210526316,0.0,1.0701754385964912,1.719298245614035,0.0,0.42105263157894735,7.456140350877193,0.0,0.0,0.0,0.42105263157894735,23.157894736842106,1.5087719298245614,0.0,4.017543859649122,0.0,17.771929824561404,30.50877192982456
1687,0.0,0.0,0.0,0.47058823529411764,0.0,0.0,0.0,0.0,0.0,0.0,0.0,0.0,0.0,0.0,0.0,2.0,0.0,1.5294117647058822,0.0,0.0,1.3529411764705883,6.705882352941177
1688,0.6756756756756757,0.0,0.3783783783783784,0.0,2.5675675675675675,0.0,1.4054054054054055,2.6486486486486487,0.0,0.2972972972972973,0.0,0.0,0.0,0.0,0.7027027027027027,58.21621621621622,3.945945945945946,0.0,2.135135135135135,0.0,21.324324324324323,37.37837837837838
1689,0.0,0.0,0.3939393939393939,0.0,9.848484848484848,0.0,1.5757575757575757,2.909090909090909,0.0,0.12121212121212122,0.0,0.0,0.0,0.0,0.0,87.81818181818181,2.4242424242424243,0.0,0.0,0.0,33.63636363636363,56.24242424242424
1690,1.105263157894737,0.0,0.0,0.0,0.0,0.0,1.7894736842105263,2.263157894736842,0.0,0.5789473684210527,0.0,0.0,0.0,0.0,0.0,70.73684210526316,1.8421052631578947,0.0,0.0,0.0,25.263157894736842,40.94736842105263
1691,0.44,0.0,0.0,0.05333333333333334,0.013333333333333334,0.0,0.0,0.82,0.0,0.0,0.0,0.0,0.0,0.0,0.0,2.506666666666667,0.0,0.43333333333333335,0.0,0.0,7.8133333333333335,13.253333333333334
1692,1.4651162790697674,0.0,0.4418604651162791,0.0,0.0,0.0,0.9302325581395349,0.3023255813953488,0.0,1.069767441860465,0.0,0.0,0.0,0.0,0.0,41.7906976744186,4.046511627906977,0.0,3.9069767441860463,0.0,25.25581395348837,47.372093023255815
1693,0.0,0.0,0.0,0.0,0.0,0.0,0.7407407407407407,0.7037037037037037,0.0,0.0,0.0,0.0,0.0,0.0,0.0,92.48148148148148,0.6296296296296297,0.0,0.0,0.0,17.51851851851852,30.444444444444443
1694,0.0,0.0,0.0,0.0,0.0,0.0,0.0,0.0,0.0,0.0,0.0,0.0,0.0,0.0,0.0,6.5,0.0,21.0,0.0,0.0,3.75,7.75
1695,0.2152777777777778,0.0,0.0,0.0,0.0,0.0,0.0,0.4444444444444444,0.0,0.0,0.0,0.0,0.0,0.0,0.0,3.2569444444444446,0.0,1.9027777777777777,0.0,0.0,8.958333333333334,15.6875
1696,0.21875,0.0,0.0,0.0,0.0,0.0,0.0,0.0390625,0.0,0.0,0.0,0.0,0.0,0.0,0.0,3.3515625,0.0,1.765625,0.0,0.0,8.8046875,16.4609375
1697,0.46938775510204084,0.0,0.0,0.0,0.0,0.0,0.0,0.6530612244897959,0.0,0.0,0.0,0.0,0.0,0.0,0.0,3.836734693877551,0.0,0.5510204081632653,0.0,0.0,6.1020408163265305,11.326530612244898
1698,0.0,0.0,0.0,0.0,0.0,0.0,0.045454545454545456,0.07272727272727272,0.0,0.0,0.0,0.0,0.0,0.0,0.0,11.463636363636363,0.0,4.327272727272727,0.0,0.0,7.945454545454545,15.427272727272728
1699,0.0,0.0,0.0,1.93,6.98,0.0,0.0,0.42,0.0,0.0,10.27,0.0,0.0,0.0,0.0,2.91,0.0,0.16,0.0,0.0,8.9,15.9
1700,0.0,0.0,0.0,0.0,0.0,0.0,0.0,0.046511627906976744,0.0,0.0,0.0,0.0,0.0,0.0,0.0,4.232558139534884,0.0,3.4651162790697674,0.0,0.0,10.883720930232558,19.27906976744186
1701,0.0,0.0,0.0,0.022388059701492536,1.4179104477611941,0.0,0.0,0.11194029850746269,0.0,0.0,2.5970149253731343,0.0,0.0,0.0,0.0,2.291044776119403,0.0,2.0597014925373136,0.0,0.0,8.76865671641791,15.462686567164178
1702,1.8372093023255813,0.0,0.0,0.0,0.0,0.0,1.255813953488372,3.255813953488372,0.046511627906976744,0.5813953488372093,0.0,0.0,0.0,0.0,0.0,165.2093023255814,3.558139534883721,0.0,0.0,2.697674418604651,34.093023255813954,55.04651162790697
1703,0.09090909090909091,0.0,0.0,0.0,0.0,0.0,0.0,0.18181818181818182,0.030303030303030304,0.3939393939393939,0.0,0.0,0.0,0.0,0.0,119.54545454545455,0.7575757575757576,0.0,0.0,0.0,34.696969696969695,60.09090909090909
1704,0.0,0.0,0.0,0.0,0.0,0.0,0.0,0.8873239436619719,0.0,0.0,0.0,0.0,0.0,0.0,0.0,5.169014084507042,0.0,0.9295774647887324,0.0,0.0,2.140845070422535,5.591549295774648
1705,0.0,0.0,0.0,0.0,0.0,0.0,0.0,0.0,0.0,0.0,0.0,0.0,0.0,0.0,0.0,3.347826086956522,0.0,1.1521739130434783,0.0,0.0,2.891304347826087,8.826086956521738
1706,0.0,0.0,0.0,0.0,0.0,0.0,0.0,0.0,0.0,0.0,0.0,0.0,0.0,0.0,0.0,1.6666666666666667,0.0,0.9166666666666666,0.0,0.0,4.583333333333333,10.833333333333334
1707,0.0,0.6571428571428571,0.0,0.0,0.0,0.0,0.17142857142857143,0.2857142857142857,0.0,0.11428571428571428,0.0,0.0,0.0,0.0,0.4,17.771428571428572,0.6285714285714286,0.0,2.0,0.0,17.485714285714284,29.62857142857143
1708,0.0,0.0,0.0,0.0,0.0,0.0,0.28,1.3,0.0,0.0,0.0,0.0,0.0,0.0,0.0,85.84,1.88,0.0,0.0,0.0,25.72,43.46
1709,0.38513513513513514,0.05405405405405406,0.0,0.0,0.0,0.0,0.0,1.0472972972972974,0.0,0.0,0.0,0.0,0.0,0.0,0.0,6.3175675675675675,0.0472972972972973,4.966216216216216,0.0,0.0,2.8175675675675675,7.20945945945946
1710,0.0,0.0,0.0,0.0,0.0,0.0,0.0,0.0,0.0,0.0,0.0,0.0,0.0,0.0,0.0,1.0,0.0,0.0,0.0,0.0,6.333333333333333,6.333333333333333
1711,0.0,0.0,0.0,0.0,0.0,0.0,0.0,1.0649350649350648,0.0,0.0,0.0,0.0,0.0,0.0,0.0,11.194805194805195,0.0,4.2727272727272725,0.0,0.0,9.045454545454545,15.831168831168831
1712,0.0,0.0,0.0,0.0,0.0,0.0,0.0,0.0,0.0,0.0,0.0,0.0,0.0,0.0,0.0,2.2916666666666665,0.0,1.5,0.0,0.0,5.958333333333333,9.0
1713,0.0,0.0,0.0,0.0,0.0,0.0,0.0,0.5555555555555556,0.0,0.0,0.0,0.0,0.0,0.0,0.0,2.111111111111111,0.0,0.0,0.0,0.0,5.62962962962963,10.444444444444445
1714,0.0,0.0,0.0,0.0,0.0,0.0,0.0,0.0,0.0,0.0,0.0,0.0,0.0,0.0,0.0,3.210526315789474,0.0,0.42105263157894735,0.0,0.0,4.526315789473684,6.7368421052631575
1715,0.0,0.0,0.0,0.0,0.0,0.0,0.0,0.0,0.0,0.0,0.0,0.0,0.0,0.0,0.0,1.2608695652173914,0.0,0.043478260869565216,0.0,0.0,3.4782608695652173,7.260869565217392
1716,0.0,0.0,0.0,0.0,0.0,0.0,0.8648648648648649,2.081081081081081,0.0,0.5135135135135135,0.0,0.0,0.0,0.0,0.0,58.567567567567565,4.0,0.0,0.0,0.0,31.675675675675677,53.972972972972975
1717,0.0,0.0,0.0,0.0,0.05128205128205128,0.0,0.0,0.05128205128205128,0.0,0.0,0.0,0.0,0.0,0.0,0.0,32.53846153846154,0.1282051282051282,0.0,0.0,0.0,11.76923076923077,20.53846153846154
1718,0.8367346938775511,0.0,0.0,0.0,0.0,0.0,0.0,0.0,0.0,0.0,0.0,0.0,0.0,0.0,0.0,57.326530612244895,0.4489795918367347,0.0,5.142857142857143,0.0,15.877551020408163,27.79591836734694
1719,0.0,0.0,0.16666666666666666,0.0,2.119047619047619,0.0,2.1904761904761907,0.8571428571428571,0.0,0.09523809523809523,0.0,0.0,0.0,0.0,5.095238095238095,28.61904761904762,4.476190476190476,0.0,0.0,0.0,26.952380952380953,44.69047619047619
1720,0.22727272727272727,0.0,0.0,0.0,2.6818181818181817,0.0,0.9545454545454546,1.5454545454545454,0.0,0.8181818181818182,0.0,0.0,0.0,0.0,0.0,66.9090909090909,2.090909090909091,0.0,1.8181818181818181,0.0,28.09090909090909,49.09090909090909
1721,0.0,0.0,0.0,0.0,0.0,0.0,0.0,0.0,0.0,0.0,0.0,0.0,0.0,0.0,0.0,3.1566265060240966,0.0,4.686746987951807,0.0,0.0,4.927710843373494,8.879518072289157
1722,0.0,0.0,0.0,0.7777777777777778,9.135802469135802,0.0,0.0,0.0,0.0,0.0,23.333333333333332,0.0,0.0,0.0,0.0,2.876543209876543,0.0,1.7037037037037037,0.0,0.0,2.4691358024691357,5.91358024691358
1723,0.0,0.0,0.0,0.0,1.064516129032258,0.0,0.45161290322580644,0.0,0.0,0.0,0.0,0.0,0.0,0.0,1.6451612903225807,38.29032258064516,0.7741935483870968,0.0,0.0,0.0,28.580645161290324,46.38709677419355
1724,1.1666666666666667,0.0,0.0,0.0,0.0,0.0,0.0,0.1,0.0,0.0,0.0,0.0,0.0,0.0,0.0,145.33333333333334,0.6666666666666666,0.0,1.2,0.0,29.933333333333334,50.8
1725,0.0,0.0,0.0,0.0,0.0,0.0,0.0,0.0,0.0,0.0,0.0,0.0,0.0,0.0,0.0,8.609375,0.0,3.46875,0.0,0.0,2.984375,7.84375
1726,0.43478260869565216,0.0,0.0,0.0,4.913043478260869,0.0,0.0,0.0,0.0,0.0,0.0,0.0,0.0,0.0,0.0,10.956521739130435,0.0,8.5,0.0,0.0,5.956521739130435,11.565217391304348
1727,0.0,0.0,0.0,0.0,0.0,0.0,0.0,0.14102564102564102,0.0,0.0,0.0,0.0,0.0,0.0,0.0,3.717948717948718,0.0,1.1602564102564104,0.0,0.0,9.89102564102564,17.30128205128205
1728,0.391304347826087,0.0,0.0,0.0,0.0,0.0,0.0,0.036231884057971016,0.0,0.0,0.0,0.0,0.0,0.0,0.0,2.463768115942029,0.0,3.050724637681159,0.0,0.0,10.18840579710145,17.91304347826087
1729,0.0,0.0,0.0,0.0,8.153846153846153,0.0,0.0,0.05128205128205128,0.0,0.0,22.615384615384617,0.0,0.0,0.0,0.0,36.17948717948718,0.10256410256410256,0.0,1.205128205128205,64.07692307692308,29.256410256410255,51.69230769230769
1730,0.0,0.0,0.0,0.0,0.0,0.0,0.0,0.0,0.0,0.0,0.0,0.0,0.0,0.0,5.0,74.16666666666667,1.6666666666666667,0.0,0.0,0.0,20.666666666666668,36.833333333333336
1731,0.0,0.0,0.0,0.0,11.30188679245283,0.0,0.0,0.05660377358490566,0.0,0.0,32.58490566037736,0.0,0.0,0.0,0.0,34.18867924528302,0.07547169811320754,0.0,5.037735849056604,0.0,11.377358490566039,21.90566037735849
1732,0.22742474916387959,0.0,0.0,0.0,0.0,0.0,0.0,0.5250836120401338,0.0,0.0,0.0,0.0,0.0,0.0,0.0,2.4648829431438126,0.0,2.250836120401338,0.0,0.0,7.642140468227424,14.304347826086957
1733,0.6494845360824743,0.0,0.0,0.0,0.0,0.0,0.0,1.5257731958762886,0.0,0.0,0.0,0.0,0.0,0.0,0.0,5.804123711340206,0.0,0.0,0.0,0.0,6.536082474226804,11.56701030927835
1734,0.2926829268292683,0.0,0.0,0.0,0.0,0.0,0.0,0.0,0.5609756097560976,0.1951219512195122,0.0,0.0,0.0,0.0,0.0,140.90243902439025,0.6341463414634146,0.0,0.0,0.0,20.0,34.390243902439025
1735,0.0784313725490196,0.0,0.0,3.156862745098039,4.823529411764706,0.0,0.0,0.0,0.0,0.0,3.803921568627451,0.0,0.0,0.0,0.0,5.117647058823529,0.0,1.0,0.0,0.0,6.1568627450980395,14.196078431372548
1736,0.0,0.7228915662650602,0.27710843373493976,0.0,11.63855421686747,0.0,1.5783132530120483,2.325301204819277,0.0,0.40963855421686746,5.662650602409639,0.0,0.0,0.0,2.2048192771084336,28.951807228915662,2.819277108433735,0.0,3.0963855421686746,0.0,21.602409638554217,36.855421686746986
1737,1.5625,0.0,0.0,0.0,0.0,0.0,0.0,0.03125,0.40625,0.15625,0.0,0.0,0.0,0.0,0.0,105.6875,0.6875,0.0,0.0,2.5,23.25,41.6875
1738,0.0,0.0,0.0,0.2558139534883721,0.0,0.0,0.0,0.13372093023255813,0.0,0.0,0.0,0.0,0.0,0.0,0.0,2.738372093023256,0.0,0.6744186046511628,0.0,0.0,6.767441860465116,13.424418604651162
1739,0.0,0.0,0.0,0.0,0.0,0.0,0.0,2.642857142857143,0.0,0.0,0.0,0.0,0.0,0.0,0.0,3.7142857142857144,0.0,3.75,0.0,0.0,6.642857142857143,14.464285714285714
1740,0.26229508196721313,0.0,0.0,0.0,6.459016393442623,0.0,0.16393442622950818,0.6229508196721312,0.0,0.0,0.8360655737704918,0.0,0.0,0.0,0.11475409836065574,12.442622950819672,0.06557377049180328,0.0,3.1639344262295084,0.0,17.0,33.049180327868854
1741,0.0,0.3076923076923077,0.23076923076923078,0.0,0.38461538461538464,0.0,1.3846153846153846,2.3076923076923075,0.0,1.1153846153846154,0.0,0.0,0.0,0.0,0.07692307692307693,22.153846153846153,1.3846153846153846,0.0,0.0,0.0,15.423076923076923,26.5
1742,0.0,0.0,0.0,0.03225806451612903,0.12903225806451613,0.0,0.0,0.0,0.0,0.0,0.0,0.0,0.0,0.0,0.0,4.838709677419355,0.0,0.967741935483871,0.0,0.0,2.4193548387096775,6.806451612903226
1743,0.0,0.0,0.0,0.0,0.0,0.0,0.0,0.2,0.0,0.0,0.0,0.0,0.0,0.0,0.0,2.8,0.0,6.8,0.0,0.0,6.4,9.0
1744,0.0,0.0,0.0,0.0,0.0,0.0,0.0,0.0,0.0,0.0,0.0,0.0,0.0,0.0,0.0,18.0,0.2222222222222222,0.0,0.0,0.0,6.444444444444445,16.22222222222222
1745,0.0,0.0,0.0,0.0,0.5161290322580645,0.0,0.3548387096774194,0.16129032258064516,0.0,0.03225806451612903,0.0,0.0,0.0,0.0,4.258064516129032,51.064516129032256,1.8387096774193548,0.0,1.5483870967741935,0.0,15.0,25.70967741935484
1746,0.5555555555555556,0.0,0.07407407407407407,0.0,7.851851851851852,0.0,0.5925925925925926,1.037037037037037,0.0,0.3333333333333333,0.0,0.0,0.0,0.0,0.0,49.55555555555556,0.5185185185185185,0.0,6.333333333333333,0.0,13.037037037037036,22.555555555555557
1747,0.0,0.0,0.0,0.0,0.0,0.0,0.0,0.0,0.0,0.0,0.0,0.0,0.0,0.0,0.0,2.4,0.05714285714285714,4.628571428571429,0.0,0.0,4.171428571428572,7.542857142857143
1748,0.21428571428571427,0.0,0.0,0.0,0.0,0.0,0.0,0.03571428571428571,0.0,0.0,0.0,0.0,0.0,0.0,0.0,2.6517857142857144,0.0,1.4375,0.0,0.0,10.116071428571429,17.928571428571427
1749,0.32142857142857145,0.0,0.0,0.0,3.75,0.0,0.0,0.7857142857142857,0.0,0.0,0.0,0.0,0.0,0.0,0.0,13.392857142857142,0.14285714285714285,0.0,2.4642857142857144,0.0,22.071428571428573,33.82142857142857
1750,0.475,0.0,0.0,0.0,1.825,0.0,0.0,1.775,0.0,0.0,0.0,0.0,0.0,0.0,0.0,74.85,2.225,0.0,2.0,0.0,20.3,32.725
1751,0.0,0.0,0.0,0.0,0.0,0.0,0.0,2.4,0.0,0.0,0.0,0.0,0.0,0.0,0.0,43.666666666666664,1.4,0.0,0.3333333333333333,0.0,9.6,15.533333333333333
1752,0.9726027397260274,0.1780821917808219,0.0547945205479452,0.0,1.0,0.0,1.1369863013698631,0.2328767123287671,0.0410958904109589,0.5616438356164384,0.0,0.0,0.0,0.0,3.26027397260274,12.63013698630137,1.5342465753424657,0.3698630136986301,0.6301369863013698,0.0,16.794520547945204,30.80821917808219
1753,0.0,0.0,0.0,0.0,0.5869565217391305,0.0,0.10869565217391304,0.0,0.717391304347826,0.0,0.0,0.0,0.0,0.0,0.06521739130434782,11.347826086956522,0.17391304347826086,0.0,0.0,0.0,17.76086956521739,31.565217391304348
1754,0.0,0.0,0.0,0.0,0.0,0.0,0.0,0.0,0.0,0.0,0.0,0.0,0.0,0.0,0.0,23.75,0.0,0.0,0.0,0.0,24.0,40.275
1755,0.0,0.0,0.0,0.0,0.0,0.0,0.0,0.0,0.0,0.0,6.3076923076923075,0.0,0.0,0.0,0.0,23.076923076923077,0.0,15.73076923076923,1.8461538461538463,0.0,2.5,5.538461538461538
1756,0.5955056179775281,0.8651685393258427,0.0,0.7865168539325843,3.606741573033708,0.0,0.0,0.0,0.0,0.19101123595505617,0.550561797752809,0.0,0.0,0.0,0.0,20.168539325842698,0.1348314606741573,4.52808988764045,1.9662921348314606,0.0,12.03370786516854,21.39325842696629
1757,0.0,0.0,0.0,0.0,0.0,0.0,0.0,0.0,0.0,0.0,0.0,0.0,0.0,0.0,0.0,2.9555555555555557,0.0,2.8518518518518516,0.0,0.0,9.644444444444444,16.8
1758,0.0,0.0,0.0,0.0,0.0,0.0,0.0,0.0,0.0,0.0,0.0,0.0,0.0,0.0,0.0,20.029411764705884,0.0,0.0,0.0,0.0,12.676470588235293,23.235294117647058
1759,0.0,0.21739130434782608,0.0,0.0,0.0,0.0,0.41304347826086957,0.0,1.8478260869565217,0.2608695652173913,0.0,0.0,0.0,0.0,0.06521739130434782,9.347826086956522,0.2608695652173913,0.0,0.0,0.0,20.956521739130434,33.95652173913044
1760,0.9722222222222222,0.0,0.0,0.0,5.361111111111111,0.0,0.5833333333333334,0.3611111111111111,0.0,0.0,11.027777777777779,0.0,0.0,0.0,4.944444444444445,82.61111111111111,2.3055555555555554,0.0,4.416666666666667,0.0,26.833333333333332,46.361111111111114
1761,0.05,0.0,0.0,0.0,10.35,0.0,1.55,2.4,0.0,0.7,6.95,0.0,0.0,0.0,0.0,59.5,2.95,0.0,7.3,0.0,15.6,30.4
1762,0.0,0.0,0.0,0.0,0.0,0.0,0.15151515151515152,0.0,0.0,0.0,0.0,0.0,0.0,0.0,0.0,58.121212121212125,0.3939393939393939,0.0,0.0,0.0,18.939393939393938,30.636363636363637
1763,0.0,0.0,0.0,5.650793650793651,13.984126984126984,0.0,0.0,0.0,0.0,0.0,21.80952380952381,0.0,0.0,0.0,0.0,1.1904761904761905,0.0,0.42857142857142855,0.0,0.0,5.476190476190476,9.73015873015873
1764,0.023809523809523808,0.0,0.0,0.0,0.0,0.0,0.0,0.10119047619047619,0.0,0.0,0.0,0.0,0.0,0.0,0.0,4.125,0.0,1.6666666666666667,0.0,0.0,7.476190476190476,13.166666666666666
1765,0.0,0.0,0.0,0.0,0.0,0.0,0.0,0.0,1.206896551724138,0.0,0.0,0.0,0.0,0.0,0.0,13.689655172413794,0.0,0.0,0.0,0.0,19.586206896551722,30.517241379310345
1766,0.0,0.0,0.0,0.0,0.0,0.0,0.0,0.1111111111111111,0.0,0.0,0.0,0.0,0.0,0.0,0.0,31.88888888888889,0.2222222222222222,0.0,0.0,0.0,12.777777777777779,27.666666666666668
1767,0.08,0.0,0.0,1.08,2.74,0.0,0.0,0.41,0.0,0.0,2.23,0.0,0.0,0.0,0.0,7.76,0.0,1.82,0.0,0.0,7.5,13.01
1768,0.0,0.0,0.0,0.0,0.0,0.0,0.0,0.0,0.0,0.0,0.0,0.0,0.0,0.0,0.0,2.260869565217391,0.0,0.6086956521739131,0.0,0.0,4.130434782608695,9.173913043478262
1769,0.3669724770642202,0.0,0.0,0.30275229357798167,1.834862385321101,0.0,0.0,0.10091743119266056,0.0,0.0,0.42201834862385323,0.0,0.0,0.0,0.0,4.63302752293578,0.0,1.8256880733944953,0.0,0.0,15.073394495412844,27.229357798165136
1770,0.0,0.0,0.0,0.0,5.716981132075472,0.0,0.37735849056603776,0.39622641509433965,0.0,0.0,0.0,0.0,0.0,0.0,0.6037735849056604,31.67924528301887,0.9622641509433962,0.0,2.188679245283019,0.0,15.056603773584905,27.28301886792453
1771,0.43478260869565216,0.0,0.0,0.0,0.0,0.0,0.0,0.7536231884057971,0.0,0.0,0.0,0.0,0.0,0.0,0.0,3.2028985507246377,0.0,0.8405797101449275,0.0,0.0,3.579710144927536,8.27536231884058
1772,0.19553072625698323,0.0,0.0,0.0,0.0,0.0,0.0,0.35195530726256985,0.0,0.0,0.0,0.0,0.0,0.0,0.0,3.217877094972067,0.0,1.1396648044692737,0.0,0.0,9.335195530726256,16.636871508379887
1773,0.0,0.0,0.0,0.0,0.0,0.0,0.06976744186046512,0.0,0.7441860465116279,0.0,0.0,0.0,0.0,0.0,0.023255813953488372,11.581395348837209,0.11627906976744186,0.0,0.0,0.0,24.441860465116278,43.604651162790695
1774,0.0,0.0,0.0,0.0,0.0,0.0,0.0,0.0,0.0,0.0,0.0,0.0,0.0,0.0,0.0,18.647058823529413,0.0,0.0,4.9411764705882355,0.0,10.823529411764707,18.941176470588236
1775,0.0,0.0,0.0,0.0,0.0,0.0,0.0,0.0,0.0,0.0,0.0,0.0,0.0,0.0,0.0,1.8571428571428572,0.0,3.5714285714285716,0.0,0.0,6.285714285714286,10.428571428571429
1776,0.3435114503816794,0.0,0.0,0.48854961832061067,1.916030534351145,0.0,0.8473282442748091,0.9389312977099237,0.0,0.0,1.4885496183206106,0.0,0.0,0.0,0.816793893129771,7.4961832061068705,0.7404580152671756,3.145038167938931,0.0,0.0,11.900763358778626,20.65648854961832
1777,0.1,0.0,0.2,0.0,2.625,0.0,0.775,2.175,0.0,0.0,0.0,0.0,0.0,0.0,0.7,10.6,1.575,0.0,4.025,0.0,26.675,44.3
1778,0.0,0.0,0.0,0.0,0.0,0.0,0.02857142857142857,0.08571428571428572,0.0,0.14285714285714285,0.0,0.0,0.0,0.0,0.0,11.971428571428572,0.3142857142857143,0.0,0.0,0.0,21.2,38.2
1779,0.0,0.0,0.0,0.0,1.72,0.0,0.0,0.0,0.0,0.0,0.96,0.0,0.0,0.0,0.0,26.2,0.13333333333333333,1.0266666666666666,1.08,0.0,10.133333333333333,16.85333333333333
1780,0.0,0.5185185185185185,0.0,0.0,0.05555555555555555,0.0,0.0,0.0,0.0,0.0,0.0,0.0,0.0,0.0,0.0,28.574074074074073,0.2222222222222222,8.75925925925926,0.0,0.0,7.796296296296297,14.277777777777779
1781,0.13953488372093023,0.0,0.0,0.3023255813953488,1.2790697674418605,0.0,0.0,1.1162790697674418,0.0,0.0,0.0,0.0,0.0,0.0,0.0,13.279069767441861,0.0,3.9767441860465116,0.0,0.0,7.488372093023256,13.046511627906977
1782,0.0,0.0,0.0,0.0,0.0,0.0,0.0,0.20512820512820512,0.0,0.0,0.0,0.0,0.0,0.0,0.0,1.8974358974358974,0.0,0.3333333333333333,0.0,0.0,2.8205128205128207,5.333333333333333
1783,0.027586206896551724,0.0,0.0,0.0,0.0,0.0,0.0,0.0,0.0,0.0,0.0,0.0,0.0,0.0,0.0,3.5172413793103448,0.0,0.8551724137931035,0.0,0.0,4.524137931034483,8.820689655172414
1784,0.0,0.0,0.0,0.0,0.0,0.0,0.0,0.0,0.0,0.0,0.0,0.0,0.0,0.0,0.0,33.583333333333336,0.16666666666666666,0.0,0.0,0.0,19.833333333333332,33.75
1785,0.0,0.0,0.0,0.0,0.0,0.0,0.0,0.07936507936507936,0.0,0.0,0.0,0.0,0.0,0.0,0.0,5.007936507936508,0.0,5.238095238095238,0.0,0.0,10.404761904761905,17.952380952380953
1786,0.36363636363636365,0.0,0.0,0.0,0.0,0.0,0.0,0.0,6.2727272727272725,0.0,0.0,0.0,0.0,0.0,0.0,7.072727272727272,0.0,0.0,0.0,0.0,14.145454545454545,23.436363636363637
1787,0.0,0.0,0.0,0.0,2.5172413793103448,0.0,0.06896551724137931,0.0,0.06896551724137931,0.0,0.0,0.0,0.0,0.0,0.0,13.655172413793103,0.034482758620689655,0.0,0.0,0.0,7.379310344827586,12.89655172413793
1788,0.0,0.0,0.0,0.0,0.12121212121212122,0.0,0.0,0.0,0.0,0.0,0.0,0.0,0.0,0.0,0.0,15.0,0.0,0.0,0.2727272727272727,0.0,15.909090909090908,25.78787878787879
1789,0.0,0.0,0.0,0.0,0.0,0.0,0.0,0.0,0.0,0.0,0.0,0.0,0.0,0.0,0.0,76.18518518518519,0.18518518518518517,0.0,0.0,0.0,17.814814814814813,30.25925925925926
1790,0.0,0.0,0.0,0.0,0.0,0.0,1.2380952380952381,0.0,0.0,0.0,0.0,0.0,0.0,0.0,0.0,29.571428571428573,2.0476190476190474,0.0,4.095238095238095,0.0,6.714285714285714,13.571428571428571
1791,0.24299065420560748,0.0,0.0,0.0,0.0,0.0,0.0,0.18691588785046728,0.0,0.0,0.0,0.0,0.0,0.0,0.0,7.831775700934579,0.0,8.897196261682243,0.4953271028037383,0.0,11.990654205607477,20.925233644859812
1792,0.0,0.0,0.0,0.0,0.0,0.0,0.0,0.0,0.4375,0.0,0.0,0.0,0.0,0.0,0.0,5.875,0.0,0.0,0.0,0.0,7.5625,10.3125
1793,0.0,0.0,0.0,0.0,0.0,0.0,0.0,0.0,0.0,0.0,0.0,0.0,0.0,0.0,0.0,106.73913043478261,2.6956521739130435,0.0,0.0,0.0,10.26086956521739,16.47826086956522
1794,0.25,0.0,0.0,0.5125,0.0,0.0,0.075,0.8875,0.0,0.0,0.0,0.0,0.0,0.0,0.0,5.5,0.0,1.875,4.1375,0.0,13.225,21.55
1795,0.0,0.0,0.0,0.0,2.40625,0.0,0.0,0.0,0.0,0.0,0.0,0.0,0.0,0.0,0.0,17.09375,0.09375,0.0,0.0,0.0,14.96875,26.03125
1796,0.0,0.0,0.0,0.0,0.0,0.0,0.0,0.0,0.0,0.0,0.0,0.0,0.0,0.0,0.0,20.0,0.0,0.0,0.0,0.0,17.655172413793103,29.586206896551722
1797,0.6145833333333334,0.0,0.0,0.8541666666666666,0.21875,0.0,0.14583333333333334,0.0,0.0,0.0,0.0,0.0,0.0,0.0,0.0,12.020833333333334,0.19791666666666666,2.71875,1.3020833333333333,0.0,12.989583333333334,22.520833333333332
1798,0.35185185185185186,0.0,0.0,0.0,0.0,0.0,0.0,0.0,0.0,0.0,0.0,0.0,0.0,0.0,0.0,2.111111111111111,0.0,0.9629629629629629,0.0,0.0,5.111111111111111,8.537037037037036
1799,1.0714285714285714,0.0,0.0,0.0,0.0,0.0,0.0,0.0,0.0,0.0,0.0,0.0,0.0,0.0,0.0,2.857142857142857,0.0,0.0,0.0,0.0,5.107142857142857,8.035714285714286
1800,0.873015873015873,0.0,0.0,0.0,0.0,0.0,0.0,1.5476190476190477,0.0,0.0,0.0,0.0,0.0,0.0,0.0,4.682539682539683,0.0,2.626984126984127,0.0,0.0,9.126984126984127,16.817460317460316
1801,0.21212121212121213,0.0,0.30303030303030304,0.0,0.0,0.0,1.378787878787879,0.8636363636363636,0.0,0.3181818181818182,0.0,0.0,0.0,0.0,2.878787878787879,11.954545454545455,3.106060606060606,0.0,2.106060606060606,0.0,22.257575757575758,36.18181818181818
1802,0.0,0.0,0.0,0.0,0.3728813559322034,0.0,0.1016949152542373,0.0847457627118644,0.0,0.06779661016949153,0.0,0.0,0.0,0.0,0.0,9.203389830508474,0.1864406779661017,0.0,0.0,0.0,18.661016949152543,31.796610169491526
1803,0.06666666666666667,0.0,0.0,0.0,0.0,0.0,0.0,0.06666666666666667,0.0,0.0,0.0,0.0,0.0,0.0,0.0,8.366666666666667,0.0,3.7333333333333334,0.0,0.0,3.5166666666666666,7.5
1804,0.5909090909090909,0.10606060606060606,0.0,1.0909090909090908,2.8333333333333335,0.0,0.0,0.0,0.0,0.0,0.8787878787878788,0.0,0.0,0.0,0.0,24.151515151515152,0.0,0.0,0.7575757575757576,0.0,11.93939393939394,19.151515151515152
1805,0.0,0.0,0.0,0.08163265306122448,0.9081632653061225,0.0,0.0,0.15306122448979592,0.0,0.0,0.24489795918367346,0.0,0.0,0.0,0.0,4.663265306122449,0.0,3.642857142857143,0.0,0.0,11.938775510204081,21.571428571428573
1806,0.0,0.0,0.0,0.0,0.0,0.0,0.03488372093023256,0.03488372093023256,2.4651162790697674,0.046511627906976744,0.0,0.0,0.0,0.0,0.0,8.534883720930232,0.03488372093023256,3.6744186046511627,0.0,0.0,10.325581395348838,16.558139534883722
1807,0.22058823529411764,0.0,0.0,0.0,0.0,0.0,0.0,0.0,5.852941176470588,0.0,0.0,0.0,0.0,0.0,0.0,8.455882352941176,0.0,0.0,0.0,0.0,14.941176470588236,25.735294117647058
1808,0.0,0.0,0.0,0.0,0.0,0.0,0.0,0.0,0.0,0.0,0.0,0.0,0.0,0.0,0.0,21.94736842105263,0.0,0.0,0.0,0.0,27.157894736842106,41.94736842105263
1809,0.15789473684210525,0.0,0.0,0.0,0.0,0.0,0.0,0.0,0.0,0.0,0.0,0.0,0.0,0.0,0.0,2.3157894736842106,0.0,0.5789473684210527,0.0,0.0,2.0526315789473686,7.0
1810,0.33587786259541985,0.0,0.0,0.0,0.0,0.0,0.0,0.0,0.0,0.0,0.0,0.0,0.0,0.0,0.0,3.099236641221374,0.0,1.9389312977099236,0.0,0.0,10.419847328244275,18.87786259541985
1811,0.265625,0.03125,0.0,0.0,0.0,0.0,0.546875,0.515625,0.5625,0.4375,0.0,0.0,0.0,0.0,0.140625,12.421875,0.75,1.421875,0.0,0.0,18.90625,30.078125
1812,0.0,0.0,0.0,0.0,0.0,0.0,0.0,0.0,0.1951219512195122,0.0,0.0,0.0,0.0,0.0,0.0,21.21951219512195,0.0,0.0,0.0,0.0,14.146341463414634,24.975609756097562
1813,0.0,0.0,0.0,0.0,0.0,0.0,0.0,0.09774436090225563,0.0,0.0,0.0,0.0,0.0,0.0,0.0,6.390977443609023,0.0,3.6165413533834587,0.0,0.0,7.909774436090226,14.969924812030076
1814,0.4253731343283582,0.0,0.0,0.0,0.0,0.0,0.0,0.8731343283582089,0.0,0.0,0.0,0.0,0.0,0.0,0.0,5.253731343283582,0.0,4.395522388059701,0.0,0.0,7.044776119402985,14.350746268656716
1815,0.0,0.0,0.0,0.0,0.0,0.0,0.0,0.0,0.2711864406779661,0.0,0.0,0.0,0.0,0.0,0.0,3.6440677966101696,0.0,2.864406779661017,0.0,0.0,10.805084745762711,19.347457627118644
1816,0.0,0.0,0.0,0.0,0.0,0.0,0.0,0.0,0.024390243902439025,0.0,0.0,0.0,0.0,0.0,0.0,13.414634146341463,0.0,0.0,0.0,0.0,18.463414634146343,33.58536585365854
1817,1.5272727272727273,0.0,0.0,0.0,0.05454545454545454,0.0,0.5272727272727272,0.8181818181818182,1.7818181818181817,0.2,0.43636363636363634,0.0,0.0,0.0,0.2,62.36363636363637,1.0,0.0,1.4545454545454546,0.0,27.345454545454544,51.018181818181816
1818,0.0,0.0,0.0,0.0,0.0,0.0,1.1111111111111112,0.0,0.0,0.0,0.0,0.0,0.0,0.0,0.0,83.72222222222223,2.888888888888889,0.0,0.0,0.0,21.5,36.611111111111114
1819,0.0,0.0,0.0,0.0,0.0,0.0,0.0,0.0,0.0,0.0,0.0,0.0,0.0,0.0,0.0,1.8235294117647058,0.0,2.366013071895425,0.0,0.0,7.69281045751634,14.333333333333334
1820,0.0,0.0,0.0,0.0,0.0,0.0,0.0,0.0,0.0,0.0,0.0,0.0,0.0,0.0,0.0,2.826923076923077,0.0,3.6538461538461537,0.0,0.0,3.1923076923076925,6.480769230769231
1821,0.0,0.0,0.0,0.0,0.0,0.0,0.0,0.900523560209424,0.0,0.0,0.0,0.0,0.0,0.0,0.0,12.00523560209424,0.0,2.1727748691099475,0.18848167539267016,0.0,3.1465968586387434,6.9319371727748695
1822,0.27450980392156865,0.0,0.0,0.0,0.0,0.0,0.21568627450980393,0.49019607843137253,0.1568627450980392,0.0196078431372549,0.0,0.0,0.0,0.0,0.0,11.941176470588236,0.5098039215686274,0.2549019607843137,1.3529411764705883,0.0,18.88235294117647,30.96078431372549
1823,0.42857142857142855,0.38095238095238093,0.0,0.0,0.0,0.0,0.31746031746031744,0.1111111111111111,0.0,0.15873015873015872,0.0,0.0,0.0,0.0,0.0,14.158730158730158,0.5238095238095238,0.0,0.0,0.0,16.238095238095237,28.58730158730159
1824,0.38461538461538464,0.0,0.0,0.0,0.0,0.0,0.23076923076923078,1.8076923076923077,0.0,0.0,0.0,0.0,0.0,0.0,0.0,8.384615384615385,0.0,3.1153846153846154,0.0,0.0,1.8076923076923077,6.115384615384615
1825,0.9516129032258065,0.0,0.0,0.0,0.0,0.0,0.5,0.2903225806451613,0.0,0.0,0.0,0.0,0.0,0.0,0.0,10.983870967741936,0.0,9.451612903225806,1.7580645161290323,0.0,12.064516129032258,20.29032258064516
1826,0.07692307692307693,0.0,0.0,0.0,0.0,0.0,0.0,0.0,0.0,0.0,0.0,0.0,0.0,0.0,0.0,2.3923076923076922,0.0,1.0846153846153845,0.0,0.0,11.776923076923078,20.284615384615385
1827,0.0,0.0,0.0,0.0,0.0,0.0,0.11764705882352941,0.0,1.1470588235294117,0.0,0.0,0.0,0.0,0.0,0.0,8.323529411764707,0.029411764705882353,0.0,0.0,0.0,16.852941176470587,30.647058823529413
1828,0.3474576271186441,0.0,0.0,0.0,0.0,0.0,0.01694915254237288,0.3135593220338983,0.0,0.0,0.0,0.0,0.0,0.0,0.0423728813559322,7.559322033898305,0.03389830508474576,9.601694915254237,0.0,0.0,9.771186440677965,16.838983050847457
1829,0.5306122448979592,0.0,0.0,0.0,0.0,0.0,0.6938775510204082,0.9387755102040817,0.0,0.0,0.0,0.0,0.0,0.0,0.04081632653061224,9.040816326530612,1.1020408163265305,0.0,2.7346938775510203,0.0,22.959183673469386,42.142857142857146
1830,0.0,0.0,0.0,0.0,0.0,0.0,0.0,0.0,0.02857142857142857,0.0,0.0,0.0,0.0,0.0,0.0,16.057142857142857,0.0,0.0,0.5428571428571428,0.0,13.942857142857143,25.542857142857144
1831,0.0,0.0,0.0,0.0,0.0,0.0,0.0,0.0,0.0,0.0,0.0,0.0,0.0,0.0,0.0,14.208333333333334,0.0,0.0,0.0,0.0,13.625,24.583333333333332
1832,0.19696969696969696,0.0,0.0,0.30303030303030304,0.6212121212121212,0.0,0.015151515151515152,0.0,0.0,0.0,0.0,0.0,0.0,0.0,0.0,37.86363636363637,0.045454545454545456,3.242424242424242,0.0,0.0,6.484848484848484,10.484848484848484
1833,0.19767441860465115,0.0,0.0,0.12209302325581395,0.8488372093023255,0.0,0.0,0.45930232558139533,0.0,0.0,1.7325581395348837,0.0,0.0,0.0,0.0,4.0523255813953485,0.0,3.802325581395349,0.0872093023255814,0.0,8.779069767441861,15.25
1834,0.0,0.0,0.0,0.0,0.0,0.0,0.0,0.0,0.11428571428571428,0.0,0.0,0.0,0.0,0.0,0.0,14.0,0.0,0.0,0.0,0.0,16.057142857142857,27.771428571428572
1835,0.0,0.0,0.0,0.0,0.0,0.0,0.0,0.6190476190476191,11.523809523809524,0.0,0.0,0.0,0.0,0.0,0.0,15.238095238095237,0.0,0.0,0.0,0.0,10.761904761904763,19.80952380952381
1836,0.0,0.0,0.0,0.0,0.0,0.0,0.0,0.0,0.08333333333333333,0.0,0.0,0.0,0.0,0.0,0.0,70.75,0.75,0.0,0.0,0.0,11.25,20.083333333333332
1837,0.10569105691056911,0.0,0.0,0.0,0.0,0.0,0.0,0.4634146341463415,0.07317073170731707,0.0,0.0,0.0,0.0,0.0,0.0,2.8536585365853657,0.008130081300813009,5.08130081300813,0.0,0.0,10.21951219512195,17.878048780487806
1838,0.0,0.0,0.0,0.0,2.1333333333333333,0.0,0.03333333333333333,0.26666666666666666,0.23333333333333334,0.0,0.0,0.0,0.0,0.0,0.1,6.1,0.1,0.0,1.6333333333333333,0.0,11.9,21.433333333333334
1839,0.0,0.0,0.0,0.0,0.0,0.0,0.0,0.0,0.06060606060606061,0.0,0.0,0.0,0.0,0.0,0.0,12.484848484848484,0.0,0.0,0.0,0.0,10.484848484848484,18.333333333333332
1840,1.1724137931034482,0.0,0.0,0.0,0.0,0.0,0.0,0.0,0.6206896551724138,0.0,0.0,0.0,0.0,0.0,0.0,48.724137931034484,0.13793103448275862,0.0,0.0,0.0,26.862068965517242,47.206896551724135
1841,0.6,0.0,0.0,0.0,0.0,0.0,0.08888888888888889,1.9555555555555555,0.0,0.0,0.0,0.0,0.022222222222222223,0.0,0.0,17.61111111111111,0.13333333333333333,4.9222222222222225,0.0,0.0,7.311111111111111,14.311111111111112
1842,0.0,0.0,0.0,0.0,0.0,0.0,0.0,0.03355704697986577,0.0,0.0,0.0,0.0,0.0,0.0,0.0,5.570469798657718,0.0,2.1140939597315436,0.0,0.0,7.932885906040268,14.557046979865772
1843,0.22459893048128343,0.0,0.0,0.0,0.0,0.0,0.016042780748663103,0.40106951871657753,0.0,0.0,0.0,0.0,0.0,0.0,0.016042780748663103,4.112299465240642,0.0053475935828877,4.695187165775401,0.0,0.0,8.037433155080214,14.973262032085561
1844,0.0,0.0,0.0,0.0,1.9696969696969697,0.0,0.0,0.0,0.0,0.0,0.0,0.0,0.0,0.0,0.0,23.96969696969697,0.0,0.0,0.0,0.0,18.90909090909091,32.78787878787879
1845,0.0,0.0,0.0,0.0,0.0,0.0,0.0,0.0,6.285714285714286,0.0,0.0,0.0,0.0,0.0,0.0,11.257142857142858,0.0,0.0,0.0,0.0,6.257142857142857,12.657142857142857
1846,0.375,0.0,0.0,0.0,0.825,0.0,0.925,0.0,0.25,0.1,0.0,0.0,0.0,0.0,0.375,51.025,1.925,0.0,0.0,0.0,22.175,40.1
1847,0.0,0.0,0.0,0.0,0.0,0.0,0.0,0.0,0.0,0.0,0.0,0.0,0.0,0.0,0.0,29.0,0.0,0.0,2.3333333333333335,0.0,7.5,16.333333333333332
1848,0.1702127659574468,0.0,0.0,2.25531914893617,4.191489361702128,0.0,0.44680851063829785,0.0,0.0,0.0,0.0,0.0,0.0,0.0,0.0,12.319148936170214,0.46808510638297873,2.9361702127659575,2.74468085106383,0.0,7.553191489361702,14.446808510638299
1849,0.6140350877192983,0.0,0.0,0.0,0.0,0.0,1.0526315789473684,3.3859649122807016,0.0,0.0,0.0,0.0,0.0,0.0,0.0,13.68421052631579,0.0,1.8596491228070176,0.0,0.0,4.385964912280702,8.456140350877194
1850,0.6145833333333334,0.0,0.0,0.0,0.0,0.0,0.0,0.13541666666666666,0.0,0.0,0.0,0.0,0.0,0.0,0.0,2.7916666666666665,0.0,0.9166666666666666,0.0,0.0,13.958333333333334,23.40625
1851,0.05555555555555555,0.0,0.0,0.0,0.0,0.0,0.25,0.027777777777777776,0.0,0.027777777777777776,0.0,0.0,0.0,0.0,0.0,10.416666666666666,0.25,0.0,11.472222222222221,0.0,11.333333333333334,17.916666666666668
1852,0.74,0.2,0.0,0.0,9.78,0.0,0.72,1.92,0.02,0.0,0.0,0.0,0.0,0.0,0.0,12.26,2.0,0.0,0.0,0.0,20.1,32.46
1853,0.0,0.0,0.0,0.0,0.0,0.0,0.0,0.0,2.6166666666666667,0.0,0.0,0.0,0.0,0.0,0.0,8.65,0.26666666666666666,0.0,0.0,0.0,14.616666666666667,25.916666666666668
1854,0.2698412698412698,0.0,0.0,0.0,0.0,0.0,0.0,0.25396825396825395,0.0,0.0,0.0,0.0,0.0,0.0,0.0,2.634920634920635,0.0,1.1428571428571428,0.0,0.0,10.841269841269842,18.396825396825395
1855,0.6271186440677966,0.0,0.0,0.0,0.0,0.0,0.0,0.0,0.0,0.0,0.0,0.0,0.0,0.0,0.0,3.457627118644068,0.0,1.1355932203389831,0.0,0.0,5.779661016949152,11.186440677966102
1856,0.0,0.0,0.0,0.0,0.0,0.0,0.0,0.0,0.037037037037037035,0.0,0.0,0.0,0.0,0.0,0.0,10.481481481481481,0.0,0.0,0.0,0.0,11.25925925925926,21.555555555555557
1857,0.0,0.0,0.0,0.0,0.0,0.0,0.0,0.0,0.0,0.0,0.0,0.0,0.0,0.0,0.0,53.470588235294116,0.47058823529411764,0.0,0.0,0.0,27.176470588235293,47.35294117647059
1858,0.42045454545454547,0.0,0.0,0.0,0.0,0.0,0.0,0.06818181818181818,0.0,0.0,0.0,0.0,0.0,0.0,0.0,3.9545454545454546,0.0,6.443181818181818,0.0,0.0,5.136363636363637,8.829545454545455
1859,0.0,0.0,0.0,0.4827586206896552,0.7586206896551724,0.0,0.0,0.4482758620689655,0.0,0.0,0.0,0.0,0.0,0.0,0.0,6.275862068965517,0.0,7.931034482758621,0.2413793103448276,0.0,3.689655172413793,6.137931034482759
1860,0.0,0.0,0.0,0.0,0.0,0.0,0.0,0.0,0.0,0.0,0.0,0.0,0.0,0.0,0.0,76.6923076923077,0.5384615384615384,0.0,0.0,0.0,6.923076923076923,13.846153846153847
1861,0.41025641025641024,0.0,0.0,0.0,0.0,0.0,0.02564102564102564,0.02564102564102564,0.0,0.0,0.0,0.0,0.0,0.0,0.0,8.666666666666666,0.1282051282051282,0.0,13.076923076923077,0.0,4.076923076923077,8.974358974358974
1862,0.0,0.0,0.0,0.0,2.142857142857143,0.0,0.9142857142857143,3.6,0.2,0.42857142857142855,0.0,0.0,0.0,0.0,0.37142857142857144,23.228571428571428,2.1142857142857143,0.0,0.45714285714285713,0.0,15.257142857142858,31.571428571428573
1863,0.0,0.0,0.0,0.0,0.0,0.0,0.0,0.0,13.054054054054054,0.0,0.0,0.0,0.0,0.0,0.0,21.56756756756757,0.32432432432432434,0.0,0.0,0.0,16.972972972972972,25.972972972972972
1864,1.1394230769230769,0.0,0.0,0.14423076923076922,0.04807692307692308,0.0,0.0,0.4567307692307692,0.0,0.12980769230769232,0.0,0.0,0.0,0.0,0.0,10.182692307692308,0.04807692307692308,2.6009615384615383,0.1346153846153846,0.0,10.423076923076923,18.552884615384617
1865,0.5909090909090909,0.6363636363636364,0.0,0.0,2.272727272727273,0.0,1.196969696969697,1.6515151515151516,0.06060606060606061,0.15151515151515152,0.0,0.0,0.0,0.0,0.21212121212121213,12.681818181818182,1.3484848484848484,0.15151515151515152,1.1818181818181819,0.0,23.166666666666668,42.07575757575758
1866,0.37777777777777777,0.0,0.0,0.5444444444444444,1.8111111111111111,0.0,0.9555555555555556,1.6777777777777778,2.5,0.4222222222222222,0.0,0.0,0.0,0.0,0.0,5.633333333333334,0.8111111111111111,5.033333333333333,0.0,0.0,10.422222222222222,20.555555555555557
1867,0.6666666666666666,0.06666666666666667,0.13333333333333333,0.0,0.0,0.0,0.06666666666666667,0.0,0.0,0.0,0.0,0.0,0.0,0.0,0.0,14.266666666666667,0.6,0.0,7.6,0.0,6.133333333333334,11.333333333333334
1868,0.0,0.06451612903225806,0.0,0.0,4.129032258064516,0.0,0.1935483870967742,3.0,0.0,0.0,0.0,0.0,0.0,0.0,0.0,16.838709677419356,2.4193548387096775,0.0,7.064516129032258,0.0,13.806451612903226,26.580645161290324
1869,0.26666666666666666,0.0,0.0,0.0,0.0,0.0,0.0,0.0,14.333333333333334,0.0,0.0,0.0,0.0,0.0,0.0,6.4,0.0,0.0,0.0,0.0,7.466666666666667,12.066666666666666
1870,0.0,0.0,0.0,0.0,0.0,0.0,0.0,0.10674157303370786,0.0,0.0,0.0,0.0,0.0,0.0,0.0,8.724719101123595,0.0,2.151685393258427,0.0,0.0,5.702247191011236,11.258426966292134
1871,0.0,0.0,0.0,1.7894736842105263,0.0,3.526315789473684,0.0,0.0,0.0,0.0,0.0,0.0,0.0,0.0,0.0,32.36842105263158,0.0,0.0,0.0,0.0,5.368421052631579,10.210526315789474
1872,0.0,0.0,0.0,0.0,0.0,0.0,0.0,0.0,1.8333333333333333,0.0,0.0,0.0,0.0,0.0,0.0,11.61111111111111,0.0,0.0,0.0,0.0,15.444444444444445,27.27777777777778
1873,0.575,0.0,0.0,0.0,0.0,0.0,0.0,0.0,2.325,0.0,0.0,0.0,0.0,0.0,0.0,15.9,0.0,0.0,0.0,0.0,14.25,23.65
1874,0.0,0.0,0.0,0.2638888888888889,0.0,0.0,0.0,0.2222222222222222,0.0,0.0,0.0,0.0,0.0,0.0,0.0,8.36111111111111,0.0,5.291666666666667,0.0,0.0,1.25,4.791666666666667
1875,0.2857142857142857,0.0,0.0,0.0,0.0,0.0,0.0,0.0,0.0,0.0,0.0,0.0,0.0,0.0,0.0,4.142857142857143,0.0,5.214285714285714,0.0,0.0,5.404761904761905,9.785714285714286
1876,0.029411764705882353,0.0,0.0,0.0,0.0,0.0,0.0,0.3235294117647059,7.147058823529412,0.0,0.0,0.0,0.0,0.0,0.0,8.617647058823529,0.08823529411764706,0.0,0.0,0.0,9.676470588235293,16.33823529411765
1877,0.0,0.0,0.0,0.22535211267605634,0.0,0.0,0.0,0.5915492957746479,0.0,0.0,0.0,0.0,0.0,0.0,0.0,4.28169014084507,0.0,4.443661971830986,0.0,0.0,5.422535211267606,9.246478873239436
1878,0.15384615384615385,0.2692307692307692,0.0,0.0,3.173076923076923,0.0,0.8461538461538461,0.28846153846153844,0.057692307692307696,0.3076923076923077,0.0,0.0,0.0,0.0,3.730769230769231,9.538461538461538,1.9038461538461537,0.0,2.3653846153846154,0.0,21.03846153846154,36.55769230769231
1879,0.0,1.0,0.0,0.0,2.268292682926829,0.0,0.024390243902439025,0.4146341463414634,0.0,0.0,0.0,0.0,0.0,0.0,0.0975609756097561,11.146341463414634,0.6341463414634146,0.0,3.5121951219512195,0.0,17.390243902439025,29.585365853658537
1880,0.6944444444444444,0.0,0.0,0.0,0.4166666666666667,0.0,0.0,0.0,0.0,0.0,0.0,0.0,0.0,0.0,0.0,68.66666666666667,0.5,0.0,0.0,0.0,20.72222222222222,35.94444444444444
1881,0.0,0.0,0.0,0.0,0.0,0.0,0.0,1.3764705882352941,0.0,0.0,0.0,0.0,0.0,0.0,0.0,4.705882352941177,0.0,4.729411764705882,0.0,0.0,3.5647058823529414,7.541176470588235
1882,0.3247863247863248,0.0,0.0,0.0,0.0,0.0,0.0,0.4358974358974359,0.0,0.0,0.0,0.0,0.0,0.0,0.0,3.786324786324786,0.0,2.4188034188034186,0.0,0.0,12.82905982905983,22.572649572649574
1883,0.0,0.0,0.0,2.5403225806451615,12.524193548387096,0.0,0.0,0.24193548387096775,0.0,0.0,14.612903225806452,0.0,0.0,0.0,0.0,2.185483870967742,0.0,1.3548387096774193,1.2580645161290323,0.0,4.943548387096774,10.991935483870968
1884,0.5333333333333333,0.2,0.0,0.0,0.0,0.0,0.1,0.0,4.166666666666667,0.0,0.0,0.0,0.0,0.0,0.0,14.533333333333333,0.3,0.0,0.0,0.0,16.133333333333333,27.833333333333332
1885,0.0,1.3548387096774193,0.0,0.0,2.0,0.0,0.3225806451612903,0.8709677419354839,1.2258064516129032,0.0,0.0,0.0,0.0,0.0,0.03225806451612903,18.516129032258064,0.5806451612903226,4.225806451612903,0.0,0.0,23.29032258064516,42.064516129032256
1886,1.0,0.0,0.0,0.5,0.0,10.095238095238095,0.09523809523809523,0.0,0.0,0.0,0.0,0.0,0.0,0.0,0.0,40.166666666666664,0.11904761904761904,0.0,0.0,5.619047619047619,16.904761904761905,28.5
1887,0.0,0.0,0.0,0.0,0.0,0.0,0.03278688524590164,0.03278688524590164,0.0,0.0,0.0,0.0,0.0,0.0,0.0,11.98360655737705,0.01639344262295082,2.8688524590163933,0.0,0.0,3.1147540983606556,5.819672131147541
1888,0.5476190476190477,0.0,0.0,0.0,0.0,0.0,0.0,0.0,0.0,0.0,0.0,0.0,0.0,0.0,0.0,2.75,0.0,5.857142857142857,0.0,0.0,4.440476190476191,8.583333333333334
1889,0.15789473684210525,0.0,0.0,0.0,0.0,0.0,0.0,0.13157894736842105,0.0,0.0,0.0,0.0,0.0,0.0,0.0,4.578947368421052,0.0,2.3684210526315788,0.0,0.0,4.447368421052632,8.131578947368421
1890,0.0,0.0,0.0,0.0,0.0,0.0,0.0,0.0,0.10344827586206896,0.0,0.0,0.0,0.0,0.0,0.0,12.379310344827585,0.0,0.0,0.0,0.0,19.03448275862069,29.137931034482758
1891,0.0,0.0,0.0,0.0,0.0,0.0,0.0,0.2037037037037037,7.203703703703703,0.0,0.0,0.0,0.0,0.0,0.0,8.87037037037037,0.1111111111111111,0.0,0.0,0.0,10.037037037037036,15.222222222222221
1892,0.43529411764705883,0.0,0.0,0.0,0.0,0.0,0.0,0.10588235294117647,0.0,0.0,0.0,0.0,0.0,0.0,0.0,17.470588235294116,0.0,1.6588235294117648,0.0,0.0,10.705882352941176,20.294117647058822
1893,0.25,0.0,0.0,0.0,0.0,0.0,0.0,0.0,0.0,0.0,0.0,0.0,0.0,0.0,0.0,3.3,0.0,2.55,0.0,0.0,4.65,6.8
1894,0.4262295081967213,0.0,0.0,0.0,2.540983606557377,0.0,1.5573770491803278,1.721311475409836,1.1967213114754098,0.26229508196721313,0.0,0.0,0.0,0.0,5.213114754098361,17.540983606557376,3.0,2.278688524590164,1.5737704918032787,0.0,21.59016393442623,35.80327868852459
1895,0.5773195876288659,0.0,0.0,0.0,0.0,0.0,0.0,0.0,0.0,0.0,0.0,0.0,0.0,0.0,0.0,4.77319587628866,0.010309278350515464,1.9690721649484537,0.0,0.0,9.072164948453608,17.1340206185567
1896,0.0,0.0,0.0,0.0,0.0,0.0,0.016666666666666666,0.06666666666666667,10.375,0.0,0.0,0.0,0.0,0.0,0.0,8.308333333333334,0.0,0.0,0.0,0.0,13.65,23.833333333333332
1897,1.7,0.0,0.0,0.0,0.0,0.0,0.24,0.64,0.86,0.22,0.0,0.0,0.0,0.0,0.46,42.9,0.54,0.0,0.0,0.0,19.6,33.04
1898,0.0,0.0,0.0,0.0,0.0,0.0,0.041666666666666664,0.0,0.0,0.0,0.0,0.0,0.0,0.0,0.0,56.9375,0.22916666666666666,0.0,0.5208333333333334,0.0,28.229166666666668,49.354166666666664
1899,0.2903225806451613,0.0,0.0,0.0,0.0,0.0,1.064516129032258,0.0,0.0,0.0,2.0,0.0,0.3870967741935484,0.0,0.0,10.806451612903226,1.935483870967742,1.4838709677419355,0.0,0.0,6.161290322580645,10.225806451612904
1900,0.13559322033898305,0.0,0.0,0.0,0.0,0.0,0.0,0.0,0.0,0.0,0.0,0.0,0.0,0.0,0.0,4.7740112994350286,0.0,2.847457627118644,0.0,0.0,4.0790960451977405,7.903954802259887
1901,0.0,0.0,0.0,0.0,0.72,0.0,0.08,0.0,0.0,0.0,0.0,0.0,0.0,0.0,0.0,69.8,0.36,0.0,0.0,0.0,13.2,20.12
1902,0.15151515151515152,0.0,0.0,0.08333333333333333,0.14393939393939395,0.0,0.0,0.4318181818181818,0.0,0.0,0.0,0.0,0.0,0.0,0.0,6.106060606060606,0.0,4.507575757575758,0.0,0.0,4.9772727272727275,9.181818181818182
1903,0.9714285714285714,0.0,0.0,0.0,0.0,0.0,0.0,0.0,0.08571428571428572,0.6285714285714286,0.0,0.0,0.0,0.0,0.0,18.285714285714285,0.0,0.0,0.0,0.0,18.714285714285715,30.514285714285716
1904,0.0,0.0,0.0,0.0,0.0,0.0,0.0,0.6451612903225806,11.35483870967742,0.0,0.0,0.0,0.0,0.0,0.0,14.935483870967742,0.2903225806451613,0.0,0.0,0.0,10.0,18.387096774193548
1905,1.1730769230769231,0.0,0.1346153846153846,0.0,0.0,0.0,2.3076923076923075,3.9615384615384617,0.0,0.46153846153846156,0.0,0.0,0.0,0.0,1.0384615384615385,11.98076923076923,4.0,0.0,10.384615384615385,0.0,21.21153846153846,34.09615384615385
1906,0.27450980392156865,0.0196078431372549,0.0,0.0,0.0,0.0,0.4117647058823529,0.7254901960784313,5.607843137254902,0.17647058823529413,0.0,0.0,0.0,0.0,0.0,15.27450980392157,0.7058823529411765,0.0,0.0,0.0,14.215686274509803,25.862745098039216
1907,0.0,0.14285714285714285,0.0,0.0,10.142857142857142,0.0,0.0,1.0,0.0,0.0,0.0,0.0,0.0,0.0,0.0,6.0,0.0,0.0,50.857142857142854,0.0,7.571428571428571,17.0
1908,0.0,0.0,0.0,0.0,0.0,0.0,0.0,0.0,0.0,0.0,0.0,0.0,0.0,0.0,0.0,17.733333333333334,0.0,0.0,0.0,0.0,20.066666666666666,34.8
1909,0.1935483870967742,0.0,0.0,0.0,0.0,0.0,0.0,0.0,0.16129032258064516,0.0,0.0,0.0,0.0,0.0,0.0,10.612903225806452,0.0,0.0,0.0,0.0,8.161290322580646,14.774193548387096
1910,0.0,0.0,0.0,0.0,0.0,0.0,0.0,0.0,3.59375,0.0,0.0,0.0,0.0,0.0,0.0,8.75,0.0,0.0,0.0,0.0,16.46875,25.53125
1911,0.0,0.0,0.0,0.0,0.0,0.0,0.0,0.6481481481481481,0.0,0.0,0.0,0.0,0.0,0.0,0.0,14.703703703703704,0.0,3.5185185185185186,0.0,0.0,4.351851851851852,7.685185185185185
1912,0.3611111111111111,0.0,0.0,0.0,0.0,0.0,0.0,0.0,0.0,0.0,0.0,0.0,0.0,0.0,0.0,10.666666666666666,0.0,4.333333333333333,0.0,0.0,2.9166666666666665,5.694444444444445
1913,0.3023255813953488,0.0,0.0,0.0,0.0,0.0,0.0,0.0,2.86046511627907,0.6976744186046512,0.0,0.0,0.0,0.0,0.0,8.837209302325581,0.0,0.0,0.0,0.0,8.930232558139535,16.88372093023256
1914,0.5979381443298969,0.0,0.0,0.0,0.0,0.0,0.27835051546391754,0.0,0.0,0.0,0.0,0.0,0.0,0.0,0.0,4.144329896907217,0.0,7.350515463917525,0.0,0.0,6.896907216494846,14.051546391752577
1915,0.2289156626506024,0.0,0.0,0.0,0.0,0.0,0.0,0.5903614457831325,0.0,0.3493975903614458,0.0,0.0,0.0,0.0,0.0,9.120481927710843,0.0,3.7710843373493974,0.0,0.0,11.216867469879517,18.03614457831325
1916,0.0,0.0,0.0,0.0,0.0,0.0,0.0,0.0,0.22580645161290322,0.0,0.0,0.0,0.0,0.0,0.0,11.516129032258064,0.0,0.0,0.0,0.0,15.709677419354838,27.06451612903226
1917,0.7978723404255319,0.9361702127659575,0.0,0.0,0.0,0.0,0.6914893617021277,0.0,0.0,0.46808510638297873,0.0,0.0,0.0,0.0,0.0,11.46808510638298,0.6276595744680851,0.0,5.5,0.0,21.80851063829787,36.56382978723404
1918,0.15254237288135594,0.13559322033898305,0.5423728813559322,0.0,0.01694915254237288,0.0,3.0338983050847457,3.9322033898305087,0.0,0.9152542372881356,0.0,0.0,0.0,0.0,3.0508474576271185,10.440677966101696,4.915254237288136,0.0,2.2542372881355934,0.0,22.8135593220339,41.45762711864407
1919,0.11627906976744186,1.1162790697674418,0.0,0.0,0.0,0.0,0.5813953488372093,0.18604651162790697,0.046511627906976744,0.20930232558139536,0.0,0.0,0.0,0.0,0.23255813953488372,25.627906976744185,0.627906976744186,0.0,1.3488372093023255,0.0,21.558139534883722,36.48837209302326
1920,0.3116883116883117,0.0,0.0,0.0,0.0,0.0,0.0,0.4675324675324675,5.571428571428571,0.0,0.0,0.0,0.0,0.0,0.0,11.363636363636363,0.07792207792207792,0.0,0.0,0.0,16.532467532467532,28.01298701298701
1921,0.6623376623376623,0.0,0.0,0.0,0.0,0.0,0.06493506493506493,0.0,0.0,0.0,0.0,0.0,1.974025974025974,0.0,0.0,8.74025974025974,0.19480519480519481,0.24675324675324675,0.0,0.0,12.571428571428571,21.31168831168831
1922,0.0,0.0,0.0,0.0,0.0,0.0,0.0,0.18518518518518517,2.5925925925925926,0.0,0.0,0.0,0.0,0.0,0.0,108.92592592592592,0.6296296296296297,0.0,0.0,0.0,9.222222222222221,16.59259259259259
1923,0.18181818181818182,0.0,0.0,0.875,0.0,0.17045454545454544,0.32954545454545453,0.0,0.0,0.0,0.0,0.0,1.3068181818181819,0.0,0.0,10.556818181818182,0.5454545454545454,1.1022727272727273,0.0,0.0,14.75,26.738636363636363
1924,0.5714285714285714,0.0,0.0,0.5,0.0,0.5714285714285714,0.0,0.0,0.0,0.0,0.0,0.0,0.0,0.0,0.0,55.0,0.5714285714285714,0.0,0.0,0.0,14.857142857142858,25.357142857142858
1925,0.3076923076923077,0.0,0.0,0.5538461538461539,0.7846153846153846,0.0,0.0,0.3076923076923077,0.0,0.0,0.0,0.0,0.0,0.0,0.0,4.230769230769231,0.0,6.507692307692308,0.0,0.0,2.8,7.153846153846154
1926,0.13218390804597702,0.0,0.0,0.0,0.0,0.0,0.0,0.867816091954023,0.0,0.0,0.0,0.0,0.0,0.0,0.0,2.6551724137931036,0.0,7.063218390804598,0.0,0.0,7.7701149425287355,13.954022988505747
1927,0.3157894736842105,0.05263157894736842,0.0,0.0,0.0,0.0,0.7894736842105263,1.1578947368421053,0.631578947368421,0.2631578947368421,0.0,0.0,0.0,0.0,0.0,17.473684210526315,0.7894736842105263,1.9736842105263157,0.10526315789473684,0.0,13.131578947368421,24.92105263157895
1928,0.4883720930232558,0.0,0.0,0.4883720930232558,5.232558139534884,0.0,0.0,0.9534883720930233,0.0,0.0,0.0,0.0,0.0,0.0,0.0,7.178294573643411,0.0,5.883720930232558,0.0,0.0,9.015503875968992,14.883720930232558
1929,0.0,0.24242424242424243,0.30303030303030304,0.0,0.0,0.0,2.8181818181818183,2.696969696969697,3.121212121212121,1.0,0.0,0.0,0.0,0.0,0.6666666666666666,17.96969696969697,2.878787878787879,4.9393939393939394,1.0909090909090908,0.0,17.12121212121212,33.09090909090909
1930,0.19166666666666668,0.0,0.0,0.0,0.0,0.0,0.0,0.9916666666666667,0.0,0.0,0.0,0.0,0.0,0.0,0.0,6.175,0.0,0.975,0.0,0.0,9.325,15.966666666666667
1931,0.48,0.68,0.18,0.0,0.0,0.0,0.78,1.16,0.0,0.1,0.0,0.0,0.0,0.0,0.0,12.68,0.78,0.0,5.2,0.0,16.48,31.48
1932,0.4444444444444444,0.0,0.0,0.0,0.0,0.0,0.0,0.3333333333333333,0.009259259259259259,0.0,0.0,0.0,0.0,0.0,0.0,3.75,0.0,2.490740740740741,0.0,0.0,14.11111111111111,24.444444444444443
1933,0.6153846153846154,0.0,0.0,0.0,1.8846153846153846,0.0,0.0,0.15384615384615385,0.0,0.07692307692307693,2.8846153846153846,0.0,0.0,0.0,0.0,26.76923076923077,0.038461538461538464,0.0,2.730769230769231,0.0,21.384615384615383,34.38461538461539
1934,0.7843137254901961,0.23529411764705882,0.0,0.0,1.0980392156862746,0.0,0.43137254901960786,0.7254901960784313,0.0,0.0,0.0,0.0,0.0,0.0,0.0,15.509803921568627,0.7647058823529411,0.0,1.9607843137254901,0.0,13.215686274509803,23.764705882352942
1935,0.0,0.0,0.0,0.0,0.0,0.0,1.1153846153846154,1.3076923076923077,0.15384615384615385,0.0,0.0,0.0,0.0,0.0,0.0,18.923076923076923,1.6923076923076923,0.0,0.23076923076923078,0.0,9.615384615384615,18.115384615384617
1936,0.0,0.0,0.0,0.0,0.0,0.0,0.0,0.0,2.4285714285714284,0.0,0.0,0.0,0.0,0.0,0.0,6.238095238095238,0.0,0.0,0.0,0.0,6.428571428571429,13.0
1937,0.0,0.0,0.0,0.0,0.0,0.0,0.0,0.0,5.0,0.0,0.0,0.0,0.0,0.0,0.0,6.6571428571428575,0.0,0.0,0.0,0.0,11.371428571428572,19.428571428571427
1938,0.2898550724637681,0.0,0.0,0.0,0.0,0.0,0.0,0.34782608695652173,0.0,0.0,0.0,0.0,0.0,0.0,0.0,4.3768115942028984,0.0,0.4927536231884058,0.0,0.0,4.0,8.507246376811594
1939,0.0,0.0,0.0,0.0,0.0,0.0,0.0,0.0,0.0,0.0,0.0,0.0,0.0,0.0,0.0,4.909090909090909,0.0,3.4545454545454546,0.0,0.0,5.636363636363637,7.909090909090909
1940,0.19047619047619047,0.023809523809523808,0.3333333333333333,0.0,0.4523809523809524,0.0,2.119047619047619,2.4761904761904763,0.09523809523809523,0.6904761904761905,0.0,0.0,0.0,0.0,0.047619047619047616,26.023809523809526,1.9285714285714286,0.0,0.14285714285714285,0.0,14.547619047619047,26.88095238095238
1941,1.0227272727272727,0.0,0.0,0.0,0.0,0.0,0.0,0.09090909090909091,0.0,0.0,0.0,0.0,0.0,0.0,0.0,57.09090909090909,0.2727272727272727,0.0,13.386363636363637,0.0,18.204545454545453,34.22727272727273
1942,0.21818181818181817,0.0,0.0,0.0,0.0,0.01818181818181818,0.0,0.0,0.0,0.0,0.0,0.0,1.8727272727272728,0.0,0.0,26.145454545454545,0.03636363636363636,0.0,0.0,0.0,10.636363636363637,20.927272727272726
1943,0.0,0.0,0.0,0.0,0.0,0.0,0.0,0.0,0.0,0.0,0.0,0.0,0.125,0.125,0.0,3.2083333333333335,0.041666666666666664,0.0,0.0,0.0,11.166666666666666,24.75
1944,0.0,0.0,0.0,0.0,0.0,0.0,0.0,0.35294117647058826,0.0,0.0,0.0,0.0,0.0,0.0,0.0,3.2470588235294118,0.0,4.258823529411765,0.0,0.0,4.976470588235294,10.576470588235294
1945,0.0,0.0,0.0,0.0,0.0,0.0,0.0,0.0,0.0,0.0,0.0,0.0,0.0,0.0,0.0,4.640449438202247,0.0,5.921348314606742,0.0,0.0,6.067415730337078,10.157303370786517
1946,0.011627906976744186,0.0,0.0,0.13953488372093023,0.3023255813953488,0.0,0.0,1.1162790697674418,0.0,0.0,0.0,0.0,0.0,0.0,0.0,6.616279069767442,0.0,3.058139534883721,0.12790697674418605,0.0,4.116279069767442,8.906976744186046
1947,1.0,0.6666666666666666,0.4,0.0,0.0,0.0,1.2666666666666666,1.8,0.0,0.5333333333333333,0.0,0.0,0.0,0.0,3.433333333333333,13.2,2.8333333333333335,0.0,1.8666666666666667,0.0,16.233333333333334,30.066666666666666
1948,0.0,0.0,0.0,0.0,7.454545454545454,0.0,0.0,0.0,0.0,0.0,0.0,0.0,0.0,0.0,0.0,40.72727272727273,0.0,0.0,10.727272727272727,0.0,5.7272727272727275,12.636363636363637
1949,0.18867924528301888,0.0,0.0,1.6037735849056605,0.0,0.0,0.11320754716981132,0.11320754716981132,0.0,0.0,0.0,0.0,0.09433962264150944,0.0,0.0,19.22641509433962,0.0,1.3962264150943395,0.0,0.0,15.981132075471699,27.20754716981132
1950,0.0,0.0,0.0,0.0,0.0,0.0,0.0,0.0,0.0,0.0,0.0,0.0,0.0,0.0,0.0,22.98611111111111,0.0,2.8472222222222223,0.0,0.0,8.458333333333334,15.305555555555555
1951,0.3302752293577982,0.0,0.0,0.26605504587155965,0.0,0.0,0.0,0.01834862385321101,0.0,0.0,0.0,0.0,0.0,0.0,0.0,4.63302752293578,0.0,2.761467889908257,0.0,0.0,5.321100917431193,10.642201834862385
1952,0.0,0.0,0.0,0.0,0.0,0.0,0.0,0.0,0.1388888888888889,0.0,0.0,0.0,0.0,0.0,0.0,11.444444444444445,0.0,0.0,0.0,0.0,15.194444444444445,28.11111111111111
1953,0.18032786885245902,0.0,0.0,0.22950819672131148,0.2459016393442623,0.0,0.0,0.09836065573770492,0.0,0.0,0.0,0.0,0.01639344262295082,0.0,0.0,8.754098360655737,0.03278688524590164,9.819672131147541,0.0,0.0,4.967213114754099,8.131147540983607
1954,1.373134328358209,0.0,0.0,0.0,0.0,0.0,0.0,3.425373134328358,0.0,0.0,0.0,0.0,0.0,0.0,0.0,26.171641791044777,0.0,2.798507462686567,0.0,0.0,17.171641791044777,30.0
1955,0.6818181818181818,0.0,0.06818181818181818,0.0,0.0,0.0,1.5,2.3863636363636362,0.0,1.0227272727272727,0.0,0.0,0.0,0.0,3.0681818181818183,20.90909090909091,3.8863636363636362,0.0,0.6363636363636364,0.0,16.568181818181817,27.977272727272727
1956,0.0,0.0,0.0,0.0,0.0,0.0,0.0,0.0,0.0,0.0,9.288135593220339,0.0,0.0,6.271186440677966,0.0,7.372881355932203,0.0,0.0,0.0,0.0,11.966101694915254,24.35593220338983
1957,0.4444444444444444,0.0,0.0,0.0,0.0,0.0,0.0,1.3819444444444444,0.0,0.0,0.0,0.0,0.0,0.0,0.0,7.513888888888889,0.0,2.6180555555555554,0.0,0.0,7.104166666666667,13.993055555555555
1958,0.38461538461538464,0.5769230769230769,0.5,0.0,0.0,0.0,1.3461538461538463,3.25,0.0,0.6153846153846154,0.0,0.0,0.0,0.0,0.28846153846153844,9.134615384615385,2.7115384615384617,0.0,1.6730769230769231,0.0,19.98076923076923,34.51923076923077
1959,0.23529411764705882,0.9411764705882353,0.08823529411764706,0.0,0.0,0.0,0.8529411764705882,0.6764705882352942,0.17647058823529413,0.5882352941176471,0.0,0.0,0.0,0.0,0.2647058823529412,12.558823529411764,0.9117647058823529,0.20588235294117646,1.8823529411764706,0.0,20.58823529411765,32.55882352941177
1960,0.0,1.4666666666666666,0.6,0.0,0.0,0.0,4.466666666666667,2.466666666666667,0.0,0.4666666666666667,0.0,0.0,0.0,0.0,8.8,8.4,4.4,0.0,3.8,0.0,8.933333333333334,15.933333333333334
1961,0.0,0.05,0.0,0.0,0.0,0.0,0.15,0.3,0.0,0.0,0.0,0.0,0.0,0.0,0.0,29.0,0.2,0.0,0.0,0.0,15.05,27.05
1962,0.0,0.0,0.0,0.0,0.15625,0.0,0.0,0.03125,0.0,0.0,0.40625,0.0,0.0,0.0,0.0,14.96875,0.0,0.0,0.78125,0.0,12.4375,23.90625
1963,0.09090909090909091,0.0,0.0,0.0,0.0,0.0,0.0,0.045454545454545456,0.045454545454545456,0.045454545454545456,0.0,0.0,0.0,0.0,0.0,14.136363636363637,0.0,0.0,0.0,0.0,20.045454545454547,32.95454545454545
1964,0.0,0.0,0.0,0.0,0.0,0.0,0.0,0.0,0.2903225806451613,0.0,0.0,0.0,0.0,0.0,0.0,10.483870967741936,0.0,0.0,0.0,0.0,12.290322580645162,22.419354838709676
1965,0.2827868852459016,0.0,0.0,0.0,0.0,0.0,0.0,0.1721311475409836,0.0,0.0,0.0,0.0,0.0,0.0,0.0,7.860655737704918,0.08196721311475409,2.5204918032786887,0.0,0.0,8.655737704918034,16.16393442622951
1966,0.0,0.0,0.0,0.0,0.0,0.0,0.0,0.0,0.0,0.0,0.0,0.0,0.0,0.0,0.0,5.136363636363637,0.0,10.136363636363637,0.0,0.0,5.545454545454546,8.318181818181818
1967,0.6842105263157895,0.0,0.0,0.0,0.0,0.0,0.0,0.0,0.05263157894736842,0.0,0.0,0.0,0.0,0.0,0.0,14.526315789473685,0.0,0.0,0.0,0.0,24.63157894736842,41.21052631578947
1968,0.6857142857142857,0.0,0.0,0.0,0.0,0.0,0.0,0.0,0.0,0.0,0.0,0.0,0.0,0.0,0.0,89.71428571428571,0.42857142857142855,0.0,2.4285714285714284,0.0,23.142857142857142,39.48571428571429
1969,1.5416666666666667,0.0,0.0,0.0,0.0,0.0,0.625,2.0,0.3125,0.3125,0.0,0.0,0.0,0.0,0.0,87.8125,2.0,0.0,0.0,0.0,26.125,45.520833333333336
1970,0.0,0.0,0.0,0.0,0.0,0.0,0.0,0.0,0.0,0.0,0.0,0.0,0.0,0.0,0.0,3.4126984126984126,0.0,1.0873015873015872,0.0,0.0,6.26984126984127,11.674603174603174
1971,0.1308411214953271,0.0,0.0,0.0,0.0,0.0,0.0,1.4953271028037383,0.0,0.0,0.0,0.0,0.0,0.0,0.0,4.841121495327103,0.0,5.065420560747664,0.0,0.0,5.962616822429907,11.0
1972,0.0,0.0,0.0,0.0,0.0,0.0,0.0,0.0,0.05263157894736842,0.0,0.0,0.0,0.0,0.0,0.0,7.526315789473684,0.10526315789473684,0.0,0.0,0.0,7.894736842105263,13.736842105263158
1973,0.0,0.0,0.0,0.0,0.0,0.0,0.0,0.0,0.3888888888888889,0.0,0.0,0.0,0.0,0.0,0.0,41.388888888888886,0.05555555555555555,0.0,0.0,0.0,13.055555555555555,19.944444444444443
1974,0.7164179104477612,0.0,0.0,0.0,0.0,0.08955223880597014,0.0,0.0,0.0,0.0,0.0,0.0,1.7611940298507462,0.0,0.0,16.223880597014926,0.0,0.0,0.0,0.0,16.0,28.119402985074625
1975,0.1625,0.0,0.0,0.0,0.0,0.0,0.0,3.05,0.0,0.0,0.0,0.0,0.0,0.0,0.0,11.2125,0.0,3.0875,0.0,0.0,11.8625,20.65
1976,0.8163265306122449,0.0,0.0,0.0,0.0,0.0,0.0,0.0,0.0,0.0,0.0,0.0,0.6938775510204082,0.0,0.0,7.26530612244898,0.0,1.0816326530612246,0.0,0.0,17.26530612244898,28.285714285714285
1977,0.0,0.08108108108108109,0.0,0.0,0.0,0.0,1.3243243243243243,1.864864864864865,0.0,0.2972972972972973,0.0,0.0,0.0,0.0,0.24324324324324326,10.135135135135135,1.054054054054054,0.0,1.7567567567567568,0.0,12.027027027027026,19.83783783783784
1978,0.5483870967741935,1.064516129032258,0.0,0.0,0.0,0.0,1.2258064516129032,0.5161290322580645,0.0,0.0,0.0,0.0,0.0,0.0,0.0,32.12903225806452,1.064516129032258,0.0,0.0,0.0,23.225806451612904,38.483870967741936
1979,0.17901234567901234,0.0,0.0,0.0,0.0,0.0,0.0,0.0,0.0,0.0,0.0,0.0,0.0,0.0,0.0,2.919753086419753,0.0,1.7839506172839505,0.0,0.0,8.506172839506172,13.530864197530864
1980,0.7333333333333333,0.0,0.0,0.0,6.4,0.0,1.2,3.2,0.0,0.0,0.0,0.0,0.0,0.0,0.0,59.0,2.466666666666667,0.0,0.0,0.0,11.466666666666667,19.933333333333334
1981,0.0,0.0,0.0,0.0,17.22222222222222,0.0,1.0,4.777777777777778,0.0,0.3333333333333333,22.555555555555557,0.0,0.0,0.0,0.0,19.11111111111111,2.2222222222222223,0.0,13.666666666666666,0.0,8.666666666666666,18.77777777777778
1982,0.08163265306122448,0.0,0.0,0.0,0.0,0.0,0.0,0.0,0.10204081632653061,0.0,0.0,0.0,0.0,0.0,0.0,14.285714285714286,0.0,0.0,0.0,0.0,18.693877551020407,29.244897959183675
1983,0.0,0.0,0.0,0.0,0.0,0.0,0.0,1.4642857142857142,0.0,0.0,0.0,0.0,0.0,0.0,0.0,4.357142857142857,0.0,1.0,0.0,0.0,4.0,6.321428571428571
1984,0.9090909090909091,0.0,0.0,0.0,0.0,0.0,0.38636363636363635,0.5681818181818182,0.0,0.5,0.0,0.0,0.0,0.0,0.0,13.295454545454545,0.7045454545454546,0.0,0.0,0.0,20.363636363636363,31.886363636363637
1985,0.0,0.0,0.0,0.0,2.076923076923077,0.0,0.0,0.4230769230769231,0.0,0.0,7.5,0.0,0.0,0.0,0.0,15.73076923076923,0.5769230769230769,0.0,2.1153846153846154,0.0,14.423076923076923,25.807692307692307
1986,0.17857142857142858,0.0,0.0,0.6428571428571429,0.0,0.0,0.0,0.05714285714285714,0.0,0.0,0.0,0.0,0.0,0.0,0.0,2.992857142857143,0.0,1.5214285714285714,0.0,0.0,5.9,11.8
1987,0.4642857142857143,0.14285714285714285,0.2857142857142857,0.0,0.0,0.0,1.2142857142857142,2.5,0.0,0.07142857142857142,0.0,0.0,0.0,0.0,0.03571428571428571,25.0,2.142857142857143,0.0,2.9642857142857144,0.0,8.857142857142858,15.607142857142858
1988,0.6271186440677966,0.0,0.0,0.0,0.0,0.0,0.0,0.0,2.016949152542373,0.0,0.0,0.0,0.0,0.0,0.0,15.372881355932204,0.0,6.101694915254237,0.0,0.0,13.186440677966102,24.406779661016948
1989,1.0606060606060606,0.5454545454545454,0.0,0.0,0.0,0.0,0.3787878787878788,0.10606060606060606,0.0,0.09090909090909091,0.0,0.0,0.0,0.0,0.0,16.045454545454547,0.48484848484848486,0.0,2.0757575757575757,0.0,28.363636363636363,48.84848484848485
1990,1.16,0.0,0.56,0.0,0.52,0.0,2.08,1.72,0.0,0.56,0.0,0.0,0.0,0.0,4.52,12.52,3.12,0.0,0.0,0.0,20.92,39.36
1991,0.0,0.0,0.0,0.0,0.0,0.0,0.0,0.0,0.0,0.0,0.0,0.0,0.0,0.0,0.0,17.862745098039216,0.0,1.9411764705882353,0.0,0.0,9.862745098039216,18.980392156862745
1992,1.0,0.0,0.0,0.0,0.0,0.0,0.0684931506849315,0.0,0.0,0.0,0.0,0.0,0.0,0.0,0.0,10.082191780821917,0.0136986301369863,1.9452054794520548,0.0,0.0,8.972602739726028,16.123287671232877
1993,0.3404255319148936,0.574468085106383,0.5106382978723404,0.0,0.0,0.0,2.25531914893617,3.404255319148936,0.0,0.48936170212765956,0.0,0.0,0.0,0.0,0.0425531914893617,23.914893617021278,4.276595744680851,0.0,6.085106382978723,0.0,18.72340425531915,31.914893617021278
1994,0.0625,0.0,0.0,0.0,9.875,0.0,0.0,1.9375,0.0,0.0,8.6875,0.0,0.0,0.0,0.0,36.5,0.0,0.0,12.0,0.0,7.125,14.125
1995,0.0,0.0,0.0,0.0,0.0,0.0,0.0,0.0,0.0,0.0,0.0,0.0,0.0,0.0,0.0,13.45,0.0,0.0,0.0,0.0,11.8,15.25
1996,0.0,0.0,0.0,0.0,0.0,0.0,0.0,0.0,0.0,0.0,0.0,0.0,0.0,0.0,0.0,27.76923076923077,0.0,0.0,0.0,0.0,12.76923076923077,24.692307692307693
1997,0.35135135135135137,0.0,0.0,0.0,0.0,0.0,1.5405405405405406,2.5135135135135136,0.0,0.10810810810810811,0.0,0.0,0.0,0.0,0.0,12.783783783783784,1.5405405405405406,0.0,0.43243243243243246,0.0,13.135135135135135,23.945945945945947
1998,0.1794871794871795,0.0,0.0,0.0,0.0,0.0,0.0,0.0,0.10256410256410256,0.0,0.0,0.0,0.0,0.0,0.0,10.615384615384615,0.0,0.0,0.0,0.0,14.871794871794872,25.923076923076923
1999,0.0,0.0,0.0,0.0,0.0,0.0,0.0,0.0,0.0,0.0,0.0,0.0,4.545454545454546,0.0,0.0,18.272727272727273,0.0,18.272727272727273,0.0,0.0,10.636363636363637,18.181818181818183
2000,0.2818181818181818,0.0,0.0,0.0,0.0,0.0,0.0,0.5181818181818182,0.0,0.0,0.0,0.0,0.0,0.0,0.0,3.7454545454545456,0.0,3.390909090909091,0.0,0.0,9.045454545454545,17.21818181818182
2001,0.53125,0.125,0.28125,0.0,0.0,0.0,0.25,0.25,0.0,0.1875,0.0,0.0,0.0,0.0,0.0,38.5625,0.59375,0.0,0.0,0.0,23.5625,39.84375
2002,0.0,0.0,0.09375,0.0,3.9375,0.0,0.9375,2.3125,0.0,0.1875,0.34375,0.0,0.0,0.0,1.0,48.3125,1.8125,0.0,0.34375,0.0,17.3125,31.15625
2003,0.3595505617977528,0.0,0.0,0.0,0.0,0.0,0.0,0.0,0.0,0.0,1.1348314606741574,0.0,1.3932584269662922,0.20224719101123595,0.0,6.910112359550562,0.0,0.0,0.0,0.0,12.955056179775282,24.528089887640448
2004,0.23684210526315788,0.0,0.0,0.0,0.0,0.0,0.0,0.0,0.0,0.0,0.0,0.0,0.0,0.0,0.0,7.9605263157894735,0.0,2.526315789473684,0.0,0.0,5.5,9.947368421052632
2005,0.45652173913043476,0.0,0.2391304347826087,0.0,3.5869565217391304,0.0,1.8695652173913044,2.652173913043478,0.0,0.45652173913043476,0.0,0.0,0.0,0.0,1.7608695652173914,14.891304347826088,3.891304347826087,0.0,2.152173913043478,0.0,25.956521739130434,43.67391304347826
2006,0.0,0.0,0.0,0.0,0.0,0.0,0.0,0.0,0.05263157894736842,0.0,0.0,0.0,0.0,0.0,0.0,12.894736842105264,0.0,0.0,0.0,0.0,19.57894736842105,29.94736842105263
2007,0.5769230769230769,0.0,0.0,0.0,0.0,0.0,0.0,0.0,1.7884615384615385,0.0,0.0,0.0,0.0,0.0,0.0,12.211538461538462,0.0,0.5961538461538461,0.0,0.0,13.942307692307692,23.307692307692307
2008,0.5,0.0,0.0,0.0,0.0,0.0,0.0,0.0,0.0,0.0,0.0,0.0,0.0,0.0,0.0,26.20967741935484,0.0,2.225806451612903,0.0,0.0,13.838709677419354,22.467741935483872
2009,0.0,0.0,0.0,0.0,0.0,0.0,0.0,0.0,1.1940298507462686,0.0,0.0,0.0,0.0,0.0,0.0,10.791044776119403,0.0,0.0,0.0,0.0,16.686567164179106,28.83582089552239
2010,1.5348837209302326,0.0,0.0,1.2790697674418605,2.4651162790697674,0.0,1.3488372093023255,0.0,0.0,0.6046511627906976,3.255813953488372,0.0,0.0,0.0,0.0,54.325581395348834,1.6744186046511629,0.0,4.8604651162790695,0.0,25.209302325581394,43.86046511627907
2011,0.3228346456692913,0.0,0.0,0.0,0.0,0.0,0.0,0.0,0.0,0.0,0.0,0.0,0.0,0.0,0.0,4.181102362204724,0.031496062992125984,2.874015748031496,0.0,0.0,10.220472440944881,19.0
2012,0.2,0.0,0.0,0.0,0.0,0.0,0.0,0.0,0.0,0.0,0.0,0.0,2.4,0.0,0.0,21.2,0.0,15.24,0.0,0.0,6.24,11.28
2013,2.0588235294117645,0.058823529411764705,0.35294117647058826,0.0,0.0,0.0,2.176470588235294,5.705882352941177,0.0,0.29411764705882354,0.0,0.0,0.0,0.0,0.0,30.41176470588235,6.117647058823529,0.0,10.294117647058824,0.0,20.88235294117647,34.1764705882353
2014,0.0,0.0,0.0,0.0,0.0,0.0,0.0,1.0,0.875,0.0,0.0,0.0,0.25,0.0,0.0,36.916666666666664,0.0,1.375,0.0,0.0,4.833333333333333,8.958333333333334
2015,0.0,0.46153846153846156,0.015384615384615385,0.0,0.0,0.0,0.7384615384615385,1.2769230769230768,0.0,0.4,0.0,0.0,0.0,0.0,0.9384615384615385,19.584615384615386,1.0461538461538462,0.0,0.09230769230769231,0.0,14.138461538461538,27.4
2016,0.26865671641791045,0.1044776119402985,0.0,0.0,0.0,0.0,0.2835820895522388,0.0,0.0,0.04477611940298507,0.0,0.0,0.0,0.0,0.4925373134328358,17.47761194029851,0.14925373134328357,0.0,0.7611940298507462,0.0,10.104477611940299,19.567164179104477
2017,0.0,0.0,0.14705882352941177,0.0,1.3823529411764706,0.0,0.9411764705882353,2.176470588235294,0.0,0.4117647058823529,0.0,0.0,0.0,0.0,0.0,52.26470588235294,2.176470588235294,0.0,1.2058823529411764,0.0,18.352941176470587,30.5
2018,0.7205882352941176,0.0,0.0,0.0,0.0,0.0,0.0,0.08823529411764706,0.0,0.0,0.0,0.0,1.7941176470588236,0.0,0.0,15.867647058823529,0.014705882352941176,2.3823529411764706,0.0,0.0,16.16176470588235,27.13235294117647
2019,0.32222222222222224,0.0,0.0,1.288888888888889,0.0,0.0,0.0,0.8222222222222222,0.0,0.0,0.0,0.0,0.0,0.0,0.0,12.433333333333334,0.0,4.188888888888889,0.0,0.0,12.2,21.2
2020,0.26605504587155965,0.0,0.0,0.0,0.0,0.0,0.0,0.0,0.0,0.0,0.0,0.0,0.0,0.0,0.0,4.009174311926605,0.0,11.027522935779816,0.0,0.0,4.220183486238532,8.44954128440367
2021,0.8076923076923077,0.0,0.0,0.3717948717948718,0.0,0.0,0.0,0.6666666666666666,0.0,0.0,0.0,0.0,0.0,0.0,0.0,5.423076923076923,0.038461538461538464,4.589743589743589,0.0,0.0,8.179487179487179,15.871794871794872
2022,0.5106382978723404,0.0,0.0,0.0,0.0,0.0,0.0,0.0,0.0,0.0,0.0,0.0,1.4680851063829787,0.0,0.0,18.21276595744681,0.0,2.5531914893617023,1.5957446808510638,0.0,21.72340425531915,33.276595744680854
2023,0.3225806451612903,0.5806451612903226,0.3548387096774194,0.0,0.0,0.0,1.5161290322580645,4.225806451612903,0.0,0.06451612903225806,0.0,0.0,0.0,0.0,0.0,20.032258064516128,3.838709677419355,0.0,0.0,0.0,15.225806451612904,29.29032258064516
2024,0.29508196721311475,0.45901639344262296,0.0,0.0,0.29508196721311475,0.0,0.32786885245901637,0.19672131147540983,0.0,0.0,0.0,0.0,0.0,0.0,0.0,22.295081967213115,0.45901639344262296,0.0,0.3770491803278688,0.0,14.049180327868852,26.295081967213115
2025,0.0,0.0,0.0,0.0,0.0,0.0,0.0,0.0,0.0,0.0,0.0,0.0,0.0,0.0,0.0,65.6875,0.3125,0.0,0.0,0.0,25.9375,40.6875
2026,0.5,0.0,0.0,2.0,2.9285714285714284,0.0,0.07142857142857142,0.0,0.0,0.0,3.2857142857142856,0.0,0.0,0.0,0.0,28.928571428571427,0.0,0.0,7.0,0.0,15.428571428571429,24.5
2027,0.5652173913043478,0.4782608695652174,0.0,0.0,0.0,0.0,0.5869565217391305,0.1956521739130435,0.0,0.1956521739130435,0.0,0.0,0.0,0.0,0.0,12.717391304347826,0.9347826086956522,0.0,1.3043478260869565,0.0,22.369565217391305,38.41304347826087
2028,1.375,1.28125,0.0,0.0,0.0,0.0,0.375,0.0,0.0,0.09375,0.0,0.0,0.0,0.0,0.34375,39.125,0.5,0.0,0.40625,0.0,22.40625,33.90625
2029,0.0,0.0,0.0,0.05660377358490566,0.05660377358490566,0.0,0.0,0.4339622641509434,0.3867924528301887,0.0,0.0,0.0,0.0,0.0,0.0,14.433962264150944,0.0,9.11320754716981,0.22641509433962265,0.0,9.10377358490566,15.80188679245283
2030,0.20689655172413793,0.0,0.0,0.0,0.0,0.0,1.5862068965517242,2.310344827586207,0.0,0.034482758620689655,0.0,0.0,0.0,0.0,1.3793103448275863,24.482758620689655,4.344827586206897,0.0,0.034482758620689655,0.0,17.0,32.03448275862069
2031,0.2826086956521739,0.0,0.0,0.0,0.0,0.0,0.0,2.0434782608695654,0.0,0.0,0.0,0.0,0.0,0.0,0.0,7.108695652173913,0.0,0.8695652173913043,0.0,0.0,6.804347826086956,10.73913043478261
2032,0.14583333333333334,0.0,0.0,0.0,0.0,0.0,0.0,0.1388888888888889,0.0,0.0,0.0,0.0,0.0,0.0,0.0,2.7916666666666665,0.0,1.8680555555555556,0.0,0.0,11.0,18.40277777777778
2033,0.5294117647058824,1.6029411764705883,0.0,0.0,0.0,0.0,0.6176470588235294,0.38235294117647056,0.0,0.23529411764705882,0.0,0.0,0.0,0.0,0.0,21.264705882352942,0.47058823529411764,0.0,2.764705882352941,0.0,20.073529411764707,34.19117647058823
2034,0.0,0.0,0.0,0.0,0.0,0.0,0.0,0.0,0.0,0.0,0.0,0.0,2.3174603174603177,0.0,0.0,12.031746031746032,0.0,0.0,0.0,0.0,14.142857142857142,23.873015873015873
2035,0.05434782608695652,0.0,0.0,0.0,0.0,0.0,0.0,0.0,0.0,0.0,0.0,0.0,0.06521739130434782,0.0,0.0,7.271739130434782,0.0,0.7608695652173914,0.0,0.0,13.021739130434783,21.467391304347824
2036,0.0,0.0,0.0,0.0,0.0,0.0,0.0,0.0,0.0,0.0,0.0,0.0,0.0,0.0,0.0,15.0,0.0,0.0,0.0,0.0,14.294117647058824,22.294117647058822
2037,0.0,0.0,0.0,0.0,0.0,0.0,0.0,0.09322033898305085,0.0,0.0,0.0,0.0,0.0,0.0,0.0,5.61864406779661,0.0,6.838983050847458,0.0,0.0,5.194915254237288,10.152542372881356
2038,0.0,0.0,0.0,0.0,0.0,0.0,0.0,0.0,0.0,0.0,0.0,0.0,0.0,0.0,0.0,7.9375,0.0,3.8125,0.0,0.0,2.5625,7.1875
2039,0.27692307692307694,0.0,0.0,0.0,0.0,0.0,0.0,0.0,0.0,0.0,0.0,0.0,0.0,0.0,0.0,13.307692307692308,0.0,6.7384615384615385,0.23076923076923078,0.0,5.430769230769231,9.36923076923077
2040,0.582089552238806,0.0,0.0,0.0,2.91044776119403,0.0,0.31343283582089554,0.0,0.0,0.0,5.940298507462686,0.0,0.0,0.0,1.537313432835821,19.865671641791046,0.7611940298507462,6.268656716417911,6.268656716417911,0.0,16.791044776119403,29.73134328358209
2041,1.9047619047619047,0.0,0.0,0.0,0.0,0.0,0.3333333333333333,0.0,0.0,0.0,1.7142857142857142,0.0,0.0,0.0,0.0,28.428571428571427,0.0,8.285714285714286,8.0,0.0,18.095238095238095,26.666666666666668
2042,0.0,0.5,0.0,0.0,0.0,0.0,1.0,4.25,0.0,0.75,0.0,0.0,0.0,0.0,0.0,8.25,3.75,0.0,0.0,0.0,13.25,14.25
2043,0.0,0.0,0.03125,0.0,0.0,0.0,0.625,0.0625,0.0,0.71875,0.0,0.0,0.0,0.0,2.8125,53.65625,2.46875,0.0,0.0,0.0,18.6875,31.8125
2044,0.0,0.0,0.0,0.0,0.0,0.0,0.0,0.0,0.0,0.0,0.0,0.0,0.0,0.0,0.0,12.3125,0.0,0.0,0.0,0.0,14.0,21.0
2045,0.0,0.0,0.0,0.0,0.0,0.0,2.210526315789474,2.789473684210526,0.0,0.0,0.0,0.0,0.0,0.0,0.0,78.36842105263158,3.263157894736842,0.0,0.0,0.0,25.473684210526315,45.94736842105263
2046,0.0,0.7586206896551724,0.20689655172413793,0.0,0.0,0.0,2.4827586206896552,4.724137931034483,0.0,0.5172413793103449,0.0,0.0,0.0,0.0,1.4827586206896552,21.275862068965516,4.0344827586206895,0.0,0.0,0.0,24.03448275862069,41.58620689655172
2047,0.8095238095238095,0.0,0.0,0.0,0.0,0.3333333333333333,0.0,0.0,0.0,0.0,0.0,0.0,0.0,0.0,0.0,75.85714285714286,0.0,0.0,1.2857142857142858,0.0,17.523809523809526,34.476190476190474
2048,0.0,0.0,0.0,0.0,0.0,0.0,0.0,0.16216216216216217,0.0,0.0,0.0,0.0,3.7567567567567566,0.0,0.0,9.243243243243244,0.0,1.864864864864865,0.0,0.0,10.675675675675675,18.08108108108108
2049,0.25806451612903225,0.16129032258064516,0.22580645161290322,0.0,0.0,0.0,0.2903225806451613,0.5806451612903226,0.0,0.0,0.0,0.0,0.0,0.0,0.0,12.870967741935484,0.5806451612903226,0.0,0.0,0.0,13.612903225806452,22.35483870967742
2050,0.7368421052631579,0.0,0.0,0.0,0.0,0.0,0.9210526315789473,0.6052631578947368,0.0,0.18421052631578946,0.0,0.0,0.0,0.0,2.6315789473684212,23.18421052631579,1.4736842105263157,0.0,29.263157894736842,0.0,16.13157894736842,26.657894736842106
2051,0.0,0.0,0.0,0.0,0.0,0.0,0.0,0.0,0.0,0.0,0.0,0.0,0.0,0.0,0.0,30.615384615384617,0.0,0.0,0.0,0.0,7.6923076923076925,12.0
2052,0.2727272727272727,0.0,0.0,0.0,0.4909090909090909,2.5454545454545454,0.0,0.0,0.0,0.0,5.818181818181818,0.0,0.0,0.0,0.05454545454545454,27.818181818181817,0.0,0.0,5.7272727272727275,0.0,22.10909090909091,37.36363636363637
2053,0.5729166666666666,0.0,0.0,0.0,0.0,0.0,0.0,0.0,0.5,0.0,0.0,0.0,0.0,0.0,0.0,43.958333333333336,0.16666666666666666,15.760416666666666,0.0,0.0,12.958333333333334,21.6875
2054,0.0,0.6842105263157895,0.47368421052631576,0.0,5.342105263157895,0.0,3.1315789473684212,1.894736842105263,0.0,0.7631578947368421,5.684210526315789,0.0,0.0,0.0,4.078947368421052,27.42105263157895,3.0526315789473686,0.0,0.0,0.0,12.763157894736842,22.473684210526315
2055,0.0,0.0,0.0,0.0,0.0,0.0,0.5,0.1,0.0,0.0,0.0,0.0,0.0,0.0,6.1,27.2,3.7,0.0,0.0,0.0,16.6,29.3
2056,0.0,0.0,0.0,0.0,0.0,0.0,0.0,0.0,0.0,0.0,0.0,0.0,0.0,0.0,0.0,16.710526315789473,0.0,0.0,0.0,0.0,26.55263157894737,45.21052631578947
2057,0.0,0.0,0.0,0.0,0.0,0.0,0.0,0.0,0.0,0.0,0.0,0.0,0.0,0.0,0.0,46.35,0.2,0.0,0.0,0.0,8.8,15.25
2058,0.0,0.0,0.0,0.0,0.0,0.0,0.0,0.0,0.0,0.0,0.0,0.0,0.0,0.0,0.0,241.625,0.875,0.0,0.0,0.0,4.625,8.75
2059,0.0,0.0,0.0,0.0,0.0,0.0,0.0,0.029850746268656716,0.0,0.0,0.0,0.0,0.0,0.0,0.0,3.283582089552239,0.0,7.485074626865671,0.0,0.0,3.514925373134328,7.902985074626866
2060,0.32653061224489793,1.183673469387755,0.0,0.0,0.0,0.0,1.0612244897959184,1.469387755102041,0.0,0.12244897959183673,0.0,0.0,0.0,0.0,0.5510204081632653,15.83673469387755,0.4897959183673469,0.0,3.7346938775510203,0.0,20.26530612244898,37.857142857142854
2061,1.3,0.0,0.0,0.0,12.066666666666666,0.0,0.5666666666666667,1.1666666666666667,0.0,0.13333333333333333,17.866666666666667,0.0,0.0,0.0,0.0,28.866666666666667,0.6666666666666666,0.0,0.0,0.0,17.433333333333334,29.933333333333334
2062,0.0,0.0,0.0,0.0,0.0,0.0,0.0,0.0,0.0,0.0,0.0,0.0,0.0,0.0,0.0,17.166666666666668,0.0,0.0,0.0,0.0,15.357142857142858,27.357142857142858
2063,0.046511627906976744,0.0,0.0,0.0,0.0,0.0,0.0,1.0232558139534884,0.0,0.0,0.0,0.0,0.3023255813953488,0.0,0.0,24.13953488372093,0.06976744186046512,4.5813953488372094,0.0,0.0,10.023255813953488,15.511627906976743
2064,0.07692307692307693,0.0,0.0,0.0,0.0,0.0,0.0,0.0,0.0,0.0,0.0,0.0,0.0,0.0,0.0,17.94871794871795,0.0,8.205128205128204,0.0,0.0,3.6923076923076925,7.487179487179487
2065,0.7746478873239436,0.0,0.0,0.09154929577464789,0.0,0.0,0.0,1.647887323943662,0.0,0.0,0.14788732394366197,0.0,0.0,0.0,0.0,22.309859154929576,0.0,1.0845070422535212,0.323943661971831,0.0,12.246478873239436,21.633802816901408
2066,0.0,0.07142857142857142,0.0,0.0,0.0,0.0,1.0714285714285714,0.0,0.0,0.0,0.0,0.0,0.0,0.0,4.357142857142857,29.714285714285715,1.7142857142857142,0.0,0.0,0.0,16.642857142857142,30.428571428571427
2067,0.676923076923077,0.0,0.0,0.0,0.0,0.0,0.0,0.015384615384615385,0.0,0.0,0.0,0.0,1.4,0.0,0.0,13.907692307692308,0.0,5.107692307692307,2.353846153846154,0.0,19.892307692307693,31.83076923076923
2068,0.0,0.125,0.0,0.0,0.0,0.0,0.25,0.0,13.1875,0.0,0.0,0.0,0.0,0.0,0.0,9.4375,0.625,0.0,0.0,0.0,9.625,16.0625
2069,0.0,0.7142857142857143,0.0,0.0,0.0,0.0,1.2653061224489797,1.0408163265306123,0.0,0.061224489795918366,0.0,0.0,0.0,0.0,4.081632653061225,17.836734693877553,3.36734693877551,0.0,0.10204081632653061,0.0,25.367346938775512,41.61224489795919
2070,0.0,0.0,0.0,0.0,0.6666666666666666,0.0,0.0,0.0,0.0,0.0,0.0,0.0,0.0,0.0,0.0,21.944444444444443,1.0555555555555556,0.0,0.0,0.0,15.722222222222221,21.055555555555557
2071,0.0,0.0,0.0,0.0,0.0,0.0,0.0,0.19130434782608696,0.0,0.0,0.0,0.0,0.0,0.0,0.0,4.6869565217391305,0.0,3.739130434782609,0.0,0.0,5.2956521739130435,12.452173913043477
2072,0.0,0.0,0.0,0.0,0.0,0.0,0.0,0.0,0.0,0.0,0.0,0.0,0.0,0.0,0.0,43.666666666666664,0.4074074074074074,0.0,0.0,0.0,15.88888888888889,26.444444444444443
2073,1.394736842105263,0.0,0.0,0.0,0.5921052631578947,0.0,0.0,0.0,0.0,0.0,0.0,0.0,2.1315789473684212,0.0,0.0,13.986842105263158,0.10526315789473684,12.039473684210526,0.6842105263157895,0.0,15.092105263157896,26.763157894736842
2074,0.0,0.1,0.0,0.0,0.0,0.0,1.55,2.55,0.0,0.8,0.0,0.0,0.0,0.0,0.0,14.1,2.85,0.0,0.0,0.0,18.15,32.25
2075,0.0,0.0,0.0,0.0,0.0,0.0,0.0,0.0,0.8260869565217391,0.0,0.0,0.0,0.0,0.0,0.0,17.130434782608695,0.0,0.0,0.0,0.0,16.065217391304348,28.717391304347824
2076,0.0,0.0,0.0,0.0,0.0,0.0,0.018691588785046728,1.97196261682243,0.009345794392523364,0.04672897196261682,0.0,0.0,0.0,0.0,0.0,5.401869158878505,0.102803738317757,1.925233644859813,0.0,0.0,4.196261682242991,7.626168224299065
2077,0.0,2.909090909090909,0.0,0.0,0.0,0.0,0.696969696969697,0.7878787878787878,0.0,0.0,0.0,0.0,0.0,0.0,1.878787878787879,16.636363636363637,1.9090909090909092,0.0,2.787878787878788,0.0,19.757575757575758,33.81818181818182
2078,0.7058823529411765,1.1176470588235294,0.0,0.0,0.0,0.0,0.058823529411764705,0.0,0.0,0.0,0.0,0.0,0.0,0.0,0.0,25.823529411764707,0.20588235294117646,0.0,1.8235294117647058,0.0,16.941176470588236,30.264705882352942
2079,0.18181818181818182,0.0,0.0,0.0,0.0,0.0,0.045454545454545456,0.0,0.0,0.0,0.0,0.0,0.0,0.0,0.3181818181818182,23.90909090909091,0.5454545454545454,0.0,1.5454545454545454,0.0,22.363636363636363,34.59090909090909
2080,0.0,0.0,0.0,0.0,0.3448275862068966,0.0,0.0,0.0,0.0,0.0,0.0,0.0,0.0,0.0,0.7931034482758621,57.51724137931034,0.6896551724137931,0.0,0.1724137931034483,0.0,22.448275862068964,34.89655172413793
2081,0.0,0.0,0.0,0.0,4.448275862068965,0.0,0.0,0.0,0.0,0.0,0.0,0.0,0.0,0.0,2.586206896551724,83.10344827586206,2.0,0.0,3.8620689655172415,0.0,19.275862068965516,30.79310344827586
2082,0.12087912087912088,0.0,0.0,0.0,0.0,0.0,0.0,3.78021978021978,0.0,0.0,0.0,0.0,0.0,0.0,0.0,13.956043956043956,0.0,1.3076923076923077,0.0,0.0,7.5054945054945055,14.307692307692308
2083,0.55,0.0,0.0,0.3333333333333333,0.5333333333333333,0.0,0.0,0.0,0.016666666666666666,0.0,6.8,0.0,0.0,0.0,0.0,5.583333333333333,0.09166666666666666,2.175,2.0166666666666666,0.0,2.0083333333333333,4.558333333333334
2084,0.0,0.0,0.0,0.0,0.0,0.0,0.0,0.0,0.0,0.0,0.0,0.0,0.0,0.0,0.0,5.909090909090909,0.18181818181818182,0.0,0.0,0.0,6.363636363636363,9.090909090909092
2085,0.0,1.9230769230769231,0.0,0.0,0.5384615384615384,0.0,0.15384615384615385,0.46153846153846156,0.0,0.0,7.230769230769231,0.0,0.0,0.0,0.0,11.692307692307692,0.0,0.0,5.0,0.0,6.846153846153846,12.307692307692308
2086,0.0,0.0,0.0,0.0,0.0,0.0,0.0,0.0,0.125,0.0,0.0,0.0,0.0,0.0,0.0,15.53125,0.0,0.0,0.0,0.0,12.0,19.84375
2087,0.0,0.0,0.0,0.6097560975609756,12.146341463414634,0.0,0.0,0.0,0.0,0.0,20.390243902439025,0.0,0.0,0.0,0.0,40.853658536585364,0.0,0.4146341463414634,16.365853658536587,0.0,9.560975609756097,20.951219512195124
2088,0.8974358974358975,1.8717948717948718,0.07692307692307693,0.0,0.0,0.0,2.4871794871794872,2.5128205128205128,0.0,0.5128205128205128,0.0,0.0,0.0,0.0,1.0769230769230769,31.53846153846154,2.2051282051282053,0.0,0.0,0.0,20.05128205128205,34.0
2089,0.3953488372093023,0.0,0.0,0.0,1.6046511627906976,0.0,0.16279069767441862,0.0,0.0,0.0,1.5348837209302326,0.0,0.0,0.0,0.0,31.372093023255815,0.4418604651162791,0.0,0.0,0.0,11.418604651162791,19.558139534883722
2090,0.0,0.0,0.13636363636363635,0.0,6.318181818181818,0.0,0.4090909090909091,0.9545454545454546,0.0,0.18181818181818182,0.0,0.0,0.0,0.0,0.4090909090909091,69.72727272727273,0.7272727272727273,0.0,0.0,0.0,16.5,28.045454545454547
2091,0.0,0.0,0.18181818181818182,0.0,0.0,0.0,0.2727272727272727,1.0909090909090908,0.0,0.0,0.0,0.0,0.0,0.0,0.0,55.13636363636363,0.5454545454545454,0.0,0.5454545454545454,0.0,15.727272727272727,27.59090909090909
2092,0.0,0.0,0.0,0.0,0.0,0.0,0.0,0.0,0.0,0.0,0.0,0.0,0.0,0.0,0.0,17.153846153846153,0.0,0.0,0.0,0.0,20.384615384615383,37.07692307692308
2093,0.48936170212765956,0.0,0.0,0.0,0.0,0.0,0.19148936170212766,0.14893617021276595,0.0,0.0,0.0,0.0,2.021276595744681,0.5212765957446809,0.0,11.96808510638298,0.2978723404255319,0.8191489361702128,0.0,0.0,16.925531914893618,28.96808510638298
2094,0.0,0.0,0.0,0.0,0.0,0.0,0.0,0.0,0.0,0.0,0.0,0.0,2.533333333333333,0.0,0.0,16.36,0.0,0.0,0.0,0.0,17.30666666666667,28.813333333333333
2095,0.725,0.0,0.0,0.0,0.4,0.0,0.0,0.0,0.0,0.0,0.8,0.0,0.0,0.0,0.0,24.725,0.0,0.45,3.0,0.0,11.4,22.2
2096,0.0,0.0,0.0,0.0,0.0,0.0,0.0,0.0,0.0,0.0,0.0,0.0,0.0,0.0,0.0,59.76190476190476,0.0,0.0,0.0,0.0,13.714285714285714,21.714285714285715
2097,1.0425531914893618,0.0,0.0,0.0,6.0212765957446805,0.0,0.5106382978723404,0.9148936170212766,0.0,0.0,2.404255319148936,0.0,0.0,0.0,0.0,41.02127659574468,0.6595744680851063,0.0,0.0,0.0,20.617021276595743,37.06382978723404
2098,0.0,0.0,0.0,0.0,0.0,0.0,0.10784313725490197,2.019607843137255,0.0,0.0,0.0,0.0,0.0,0.0,0.0,9.284313725490197,0.00980392156862745,3.676470588235294,0.0,0.0,9.941176470588236,18.30392156862745
2099,0.16883116883116883,0.0,0.0,0.2727272727272727,1.6493506493506493,0.0,0.0,0.0,0.11688311688311688,0.0,3.675324675324675,0.0,0.0,0.0,0.025974025974025976,21.87012987012987,0.0,0.7142857142857143,1.7532467532467533,0.0,9.03896103896104,17.90909090909091
2100,0.4426229508196721,0.0,0.0,0.0,0.0,0.0,0.26229508196721313,1.639344262295082,0.0,0.0,0.0,0.0,1.4918032786885247,0.0,0.0,25.21311475409836,0.16393442622950818,4.737704918032787,0.0,0.0,20.770491803278688,34.68852459016394
2101,0.0,0.0,0.0,0.0,3.4444444444444446,0.0,0.0,0.0,0.0,0.0,24.22222222222222,0.0,0.0,0.0,1.0,24.333333333333332,0.7777777777777778,0.0,11.555555555555555,0.0,12.777777777777779,19.666666666666668
2102,0.0,0.0,0.0,0.0,0.0,0.0,0.0,0.23529411764705882,0.0,0.0,0.0,0.0,0.0,0.0,0.0,3.0661764705882355,0.0,3.6470588235294117,0.0,0.0,3.610294117647059,7.830882352941177
2103,0.06097560975609756,0.0,0.0,0.0,0.0,0.0,0.0,0.0,0.0,0.0,0.0,0.0,0.0,0.0,0.0,2.231707317073171,0.0,3.0121951219512195,0.0,0.0,2.658536585365854,5.536585365853658
2104,0.0,0.0,0.0,0.0,0.0,0.0,0.0,0.0,0.0,0.0,0.0,0.0,0.0,0.0,0.0,18.91304347826087,0.0,0.0,0.0,0.0,11.217391304347826,19.130434782608695
2105,0.0,0.0,0.0,0.0,0.0,0.0,0.0,0.0,0.0,0.0,0.0,0.0,0.0,0.0,0.0,22.25,0.0,0.0,0.0,0.0,22.27777777777778,39.916666666666664
2106,0.0,0.15384615384615385,0.0,0.0,0.0,0.0,2.769230769230769,0.5384615384615384,0.0,0.6923076923076923,0.0,0.0,0.0,0.0,4.461538461538462,39.0,3.8461538461538463,0.0,0.0,0.0,9.0,18.0
2107,0.0,0.45977011494252873,0.39080459770114945,0.0,5.67816091954023,0.0,1.735632183908046,2.0229885057471266,0.0,0.4942528735632184,8.60919540229885,0.0,0.0,0.0,2.7471264367816093,18.28735632183908,2.781609195402299,0.0,0.0,0.0,16.103448275862068,27.24137931034483
2108,0.0,0.05555555555555555,0.0,0.0,0.0,0.0,0.0,0.05555555555555555,0.0,0.0,0.0,0.0,0.0,0.0,0.0,13.222222222222221,0.16666666666666666,0.0,1.9444444444444444,0.0,10.277777777777779,18.5
2109,0.0,0.0,0.0,0.0,0.0,0.0,0.3333333333333333,0.0,0.0,0.0,0.0,0.0,0.0,0.0,0.06666666666666667,16.333333333333332,0.6666666666666666,0.0,0.0,0.0,15.733333333333333,24.2
2110,0.0,0.0,0.0,0.65,5.383333333333334,0.0,0.16666666666666666,0.0,0.0,0.0,51.81666666666667,0.0,0.0,0.0,0.3333333333333333,8.233333333333333,0.06666666666666667,0.23333333333333334,9.716666666666667,0.0,6.933333333333334,14.716666666666667
2111,0.925,0.0,0.0,0.0,0.0,0.0,0.125,2.375,0.0,0.075,0.0,0.0,1.5,0.0,0.0,16.15,0.225,4.425,0.95,0.0,13.8,24.075
2112,0.2807017543859649,0.543859649122807,0.0,0.0,0.0,0.0,1.9473684210526316,2.3508771929824563,0.0,0.38596491228070173,0.0,0.0,0.0,0.0,0.631578947368421,13.175438596491228,1.8245614035087718,0.0,0.7192982456140351,0.0,13.228070175438596,24.017543859649123
2113,0.0,0.0,0.0,0.0,0.0,0.0,0.0,2.12,0.0,0.0,0.0,0.0,0.0,0.0,0.0,5.2,0.0,3.4,0.0,0.0,1.96,5.2
2114,0.3564356435643564,0.0,0.0,0.9108910891089109,0.0,0.0,0.0,0.3564356435643564,0.0,0.0,2.871287128712871,0.0,0.0,0.0,0.0,9.435643564356436,0.0,1.2772277227722773,4.376237623762377,0.0,9.495049504950495,17.554455445544555
2115,0.0,0.045454545454545456,0.0,0.0,0.0,0.0,0.8636363636363636,1.8181818181818181,0.0,0.4090909090909091,0.0,0.0,0.0,0.0,0.8181818181818182,10.0,1.4090909090909092,0.0,0.6363636363636364,0.0,10.818181818181818,18.318181818181817
2116,0.0,0.0,0.0,0.0,0.0,0.0,0.0,0.0,0.0,0.0,0.0,0.0,3.259259259259259,0.0,0.0,8.0,0.0,0.48148148148148145,0.0,0.0,7.962962962962963,13.185185185185185
2117,0.7142857142857143,0.0,0.0,0.0,0.0,0.0,0.0,0.0,7.6,0.0,0.0,0.0,0.0,0.0,0.0,11.685714285714285,0.0,0.42857142857142855,0.0,0.0,11.485714285714286,19.314285714285713
2118,0.0,0.03773584905660377,0.0,0.0,0.0,0.0,0.24528301886792453,0.0,5.962264150943396,0.0,0.0,0.0,0.0,0.0,0.03773584905660377,15.660377358490566,0.4339622641509434,0.0,0.0,0.0,19.71698113207547,32.509433962264154
2119,0.6,0.075,0.025,0.0,0.425,0.0,0.375,1.1,0.0,0.05,0.0,0.0,0.0,0.0,0.0,18.425,0.75,0.0,0.0,0.0,23.5,39.425
2120,0.0,0.0,0.0,0.0,0.0,0.0,0.0,0.0,0.0,0.0,0.0,0.0,0.0,0.0,0.0,20.571428571428573,0.0,0.0,0.0,0.0,9.857142857142858,14.285714285714286
2121,0.0,0.0,0.0,0.0,0.0,0.0,0.0,0.0,0.0,0.0,0.0,0.0,0.0,0.0,0.0,21.137931034482758,0.0,0.0,0.0,0.0,13.448275862068966,24.17241379310345
2122,0.7619047619047619,0.0,0.0,0.0,0.0,0.0,0.0,1.3452380952380953,0.0,0.0,0.0,0.0,1.2738095238095237,0.0,0.0,13.261904761904763,0.05952380952380952,8.773809523809524,0.0,0.0,8.261904761904763,16.083333333333332
2123,0.0,0.47058823529411764,0.0,0.0,4.0588235294117645,0.0,0.0,0.0,0.0,0.0,0.0,0.0,0.0,0.0,0.0,17.764705882352942,0.0,0.0,0.0,0.0,4.352941176470588,9.705882352941176
2124,0.08163265306122448,0.6122448979591837,0.12244897959183673,0.0,0.0,0.0,1.7551020408163265,0.12244897959183673,0.0,0.9591836734693877,0.0,0.0,0.0,0.0,4.285714285714286,19.79591836734694,2.0816326530612246,0.0,0.0,0.0,17.775510204081634,33.40816326530612
2125,1.0333333333333334,0.0,0.0,0.0,0.0,0.0,1.0,3.3666666666666667,0.0,0.0,0.0,0.0,0.0,0.0,0.0,33.0,2.033333333333333,0.0,0.0,0.0,15.033333333333333,24.733333333333334
2126,0.4550561797752809,0.0,0.0,0.0,0.0,0.0,0.0,2.146067415730337,0.0056179775280898875,0.05056179775280899,0.0,0.0,0.016853932584269662,0.0,0.06741573033707865,9.073033707865168,0.10112359550561797,3.837078651685393,0.0,0.0,10.179775280898877,18.337078651685392
2127,0.3684210526315789,0.0,0.0,0.0,0.0,0.0,1.263157894736842,2.6315789473684212,0.0,0.0,0.0,0.0,0.0,0.0,0.0,35.8421052631579,1.3157894736842106,0.0,1.5263157894736843,0.0,9.578947368421053,15.578947368421053
2128,0.0,0.0,0.0,0.0,0.5434782608695652,0.0,0.0,0.021739130434782608,0.08695652173913043,0.0,0.0,0.0,0.0,0.0,0.0,23.782608695652176,0.06521739130434782,0.0,1.326086956521739,0.0,18.065217391304348,31.391304347826086
2129,0.0,0.0,0.0,0.0,0.0,0.0,0.9,0.0,0.0,0.35,0.0,0.0,0.0,0.0,3.925,66.825,1.725,0.0,0.0,0.0,34.525,54.8
2130,0.0,0.0,0.0,0.0,0.0,0.0,0.0,1.566326530612245,0.0,0.0,0.0,0.0,0.0,0.0,0.0,3.0153061224489797,0.0,1.8826530612244898,0.0,0.0,6.239795918367347,12.607142857142858
2131,1.3265306122448979,0.0,0.0,0.0,0.0,0.0,0.0,0.0,0.0,0.0,0.0,0.0,2.0816326530612246,0.0,0.0,8.46938775510204,0.0,1.7551020408163265,0.0,0.0,15.387755102040817,27.46938775510204
2132,0.0,0.9090909090909091,0.0,0.0,0.0,0.0,1.4545454545454546,0.0,0.0,0.0,0.0,0.0,0.0,0.0,2.090909090909091,9.727272727272727,2.0,0.0,4.636363636363637,0.0,21.90909090909091,42.18181818181818
2133,0.4166666666666667,0.0,0.0,0.0,0.0,0.0,0.6759259259259259,1.8796296296296295,0.0,0.06481481481481481,0.0,0.0,0.0,0.0,0.0,23.324074074074073,1.3611111111111112,5.361111111111111,0.0,0.0,13.25925925925926,22.88888888888889
2134,0.0,0.0,0.0,0.0,0.0,0.0,0.0,0.0,0.0,0.0,0.0,0.0,0.0,0.0,0.0,16.678571428571427,0.0,0.0,0.0,0.0,16.142857142857142,25.535714285714285
2135,0.0,0.0,0.0,0.0,0.0,0.0,0.0,0.0,0.0,0.0,0.0,0.0,0.0,0.0,0.0,67.11111111111111,0.4444444444444444,0.0,0.0,0.0,17.77777777777778,26.22222222222222
2136,0.0,0.0,0.0,0.0,0.0,0.0,0.13793103448275862,0.0,4.172413793103448,0.0,0.0,0.0,0.0,0.1724137931034483,0.0,34.44827586206897,0.13793103448275862,0.0,0.2413793103448276,0.0,14.10344827586207,23.517241379310345
2137,1.8043478260869565,0.0,0.0,0.0,0.0,0.0,1.4782608695652173,2.4347826086956523,0.0,0.9565217391304348,0.0,0.0,0.41304347826086957,0.0,0.0,21.217391304347824,1.7173913043478262,8.043478260869565,2.5869565217391304,0.0,22.91304347826087,39.93478260869565
2138,0.7012987012987013,0.5064935064935064,0.11688311688311688,0.0,0.16883116883116883,0.0,2.2467532467532467,0.935064935064935,0.0,0.4155844155844156,0.2077922077922078,0.0,0.0,0.0,4.597402597402597,29.4025974025974,3.831168831168831,0.0,0.0,0.0,21.350649350649352,34.883116883116884
2139,0.12403100775193798,0.0,0.0,0.13953488372093023,0.0,0.0,0.0,1.9224806201550388,0.0,0.0,0.12403100775193798,0.0,0.0,0.0,0.0,7.224806201550388,0.0,6.48062015503876,0.5581395348837209,0.0,6.829457364341085,13.054263565891473
2140,0.0851063829787234,0.0425531914893617,0.0,0.0,5.0638297872340425,0.0,1.2127659574468086,2.9574468085106385,0.0,0.3617021276595745,0.0,7.0638297872340425,0.0,0.0,0.0,33.53191489361702,2.106382978723404,0.0,0.0,0.0,19.19148936170213,35.8936170212766
2141,0.0,0.0,0.0,0.0,0.07692307692307693,0.0,0.0,0.0,0.0,0.0,0.0,0.0,0.0,0.0,0.0,29.307692307692307,0.0,0.0,0.0,0.0,19.153846153846153,32.42307692307692
2142,0.0,0.0,0.0,0.0,0.0,0.0,0.0,0.0,0.0,0.0,0.0,0.0,1.3928571428571428,0.0,0.0,16.25,0.0,3.892857142857143,0.0,0.0,8.0,12.821428571428571
2143,0.0,0.0,0.48148148148148145,0.0,1.037037037037037,0.0,1.6666666666666667,3.074074074074074,0.0,0.2222222222222222,0.0,0.0,0.0,0.0,0.5925925925925926,32.03703703703704,4.074074074074074,0.0,0.0,0.0,17.0,26.925925925925927
2144,0.75,0.0,0.0,0.0,0.0,0.0,0.1875,3.125,0.0,0.0,0.0,0.0,0.0,0.0,0.0,23.4375,0.125,1.25,0.6875,0.0,8.75,15.625
2145,0.0,0.0,0.0,0.0,0.0,0.0,0.0,0.0,0.0,0.0,0.0,0.0,0.0,0.0,0.0,2.375,0.0,2.5625,0.0,0.0,1.875,7.4375
2146,0.0,0.0,0.19047619047619047,0.0,3.2857142857142856,0.0,0.5714285714285714,0.6190476190476191,0.0,0.0,0.0,0.0,0.0,0.0,2.619047619047619,48.095238095238095,2.380952380952381,0.0,0.0,0.0,11.571428571428571,26.80952380952381
2147,0.7619047619047619,0.0,0.0,0.0,0.0,0.0,0.0,3.365079365079365,0.0,0.0,0.0,0.0,2.4126984126984126,0.047619047619047616,0.0,19.746031746031747,0.0,0.9047619047619048,0.0,0.0,16.428571428571427,28.58730158730159
2148,0.0,0.0,0.0,0.0,0.0,0.0,0.0,0.38095238095238093,0.0,0.0,0.0,0.0,0.0,0.0,0.0,4.73015873015873,0.0,0.5714285714285714,0.0,0.0,4.126984126984127,8.682539682539682
2149,0.8257575757575758,0.0,0.0,0.16666666666666666,1.621212121212121,0.0,0.07575757575757576,0.0,3.0454545454545454,0.0,4.712121212121212,0.0,0.07575757575757576,0.0,0.48484848484848486,12.666666666666666,0.09848484848484848,0.7575757575757576,1.5,0.0,14.757575757575758,25.825757575757574
2150,0.0,0.0,0.0,0.0,16.466666666666665,0.0,0.0,0.06666666666666667,0.0,0.0,20.4,0.0,0.0,0.0,0.0,26.466666666666665,0.0,0.0,3.8,0.0,9.866666666666667,21.666666666666668
2151,1.3452380952380953,0.0,0.0,0.0,0.0,0.0,0.0,5.309523809523809,0.0,0.4523809523809524,0.0,0.0,0.0,0.0,0.47619047619047616,17.821428571428573,0.2976190476190476,0.6666666666666666,0.0,0.0,10.547619047619047,18.952380952380953
2152,0.4777777777777778,0.0,0.0,0.0,0.8,0.0,0.2111111111111111,0.044444444444444446,0.0,0.0,1.0888888888888888,0.0,0.0,0.0,1.5666666666666667,12.722222222222221,0.7555555555555555,7.777777777777778,0.5222222222222223,0.0,12.977777777777778,22.666666666666668
2153,0.12244897959183673,0.2857142857142857,0.0,0.0,0.0,0.0,1.1428571428571428,1.3673469387755102,0.0,0.6530612244897959,0.0,0.0,0.0,0.0,1.3673469387755102,18.0,1.7142857142857142,0.0,0.0,0.0,24.918367346938776,44.183673469387756
2154,0.08108108108108109,1.2162162162162162,0.0,0.0,0.0,0.0,1.027027027027027,1.4594594594594594,0.0,0.21621621621621623,0.0,0.0,0.0,0.0,0.7567567567567568,25.054054054054053,3.2972972972972974,0.0,0.0,0.0,17.72972972972973,30.18918918918919
2155,0.5102040816326531,0.7959183673469388,0.04081632653061224,0.0,4.775510204081633,0.0,0.6530612244897959,0.7755102040816326,0.0,0.16326530612244897,0.0,0.0,0.0,0.0,0.0,17.102040816326532,0.8367346938775511,0.0,0.0,0.0,22.408163265306122,37.265306122448976
2156,0.0,0.0,0.0,0.0,0.7368421052631579,0.0,0.0,0.0,0.0,0.0,0.0,0.0,0.0,0.0,0.0,84.3157894736842,0.47368421052631576,0.0,3.6315789473684212,0.0,14.31578947368421,27.42105263157895
2157,0.8292682926829268,0.0,0.0,0.0,0.0,0.6829268292682927,0.0,0.0,0.0,0.0,0.0,0.0,1.0975609756097562,0.0,0.0,8.707317073170731,0.0,2.1951219512195124,0.0,0.0,14.512195121951219,27.26829268292683
2158,0.0,0.0,0.0,0.0,0.0,0.0,0.0,0.8571428571428571,0.0,0.0,0.0,0.0,0.0,0.0,0.0,10.646258503401361,0.0,2.741496598639456,0.0,0.0,6.714285714285714,11.72108843537415
2159,1.864864864864865,0.0,0.0,0.02702702702702703,2.5945945945945947,0.0,0.21621621621621623,0.2702702702702703,1.7027027027027026,0.05405405405405406,0.0,0.0,0.0,0.0,0.0,27.675675675675677,0.43243243243243246,0.24324324324324326,13.45945945945946,0.0,16.64864864864865,29.45945945945946
2160,0.0,0.0,0.0,0.0,0.0,0.0,0.0,0.0,0.0,0.0,0.0,0.0,0.0,0.0,0.0,22.355555555555554,0.0,0.0,0.0,0.0,16.244444444444444,29.4
2161,0.0,0.0,0.0,0.0,0.0,0.0,0.0,0.0,0.0,0.0,27.254545454545454,0.0,0.0,0.0,0.0,25.2,0.0,0.12727272727272726,13.363636363636363,0.0,12.018181818181818,23.163636363636364
2162,0.32653061224489793,0.9795918367346939,0.04081632653061224,0.0,0.0,0.0,0.8367346938775511,0.24489795918367346,0.02040816326530612,0.10204081632653061,0.0,0.0,0.0,0.0,1.2857142857142858,14.571428571428571,0.7755102040816326,0.0,1.3061224489795917,0.0,17.020408163265305,28.306122448979593
2163,0.0,0.0,0.0,0.0,0.0,0.0,0.0,0.0,0.0,0.0,0.0,0.0,0.0,0.0,0.0,20.90909090909091,0.0,0.0,0.0,0.0,3.090909090909091,10.0
2164,0.0,0.0,0.0,0.0,0.0,0.0,0.0,0.0,0.0,0.0,0.0,0.0,0.0,0.0,0.0,8.3,0.1,0.0,0.0,0.0,3.8,8.4
2165,1.7714285714285714,0.0,0.0,0.0,2.5714285714285716,0.0,0.22857142857142856,0.0,0.0,0.0,0.0,0.0,0.0,0.0,0.0,56.4,0.6285714285714286,0.0,9.285714285714286,0.0,20.457142857142856,36.94285714285714
2166,0.8333333333333334,0.0625,0.4375,0.0,0.9166666666666666,0.0,1.25,3.6875,0.0,0.4791666666666667,0.0,0.0,0.0,0.0,0.0,12.5,3.2083333333333335,0.0,0.0,0.0,16.875,29.520833333333332
2167,0.0,0.0,0.0,0.0,0.0,0.0,0.0,0.0,0.0,0.0,0.0,0.0,0.0,0.0,0.0,96.3076923076923,0.17307692307692307,0.0,0.2692307692307692,0.0,18.403846153846153,32.38461538461539
2168,0.0,0.0,0.0,0.0,3.6666666666666665,0.0,1.0,0.0,0.0,0.0,0.0,0.0,0.0,0.0,0.0,69.38095238095238,3.5714285714285716,0.0,2.3333333333333335,0.0,22.61904761904762,33.285714285714285
2169,0.0,0.0,0.0,0.0,0.0,0.0,0.0,0.4942528735632184,0.0,0.0,0.0,0.0,0.0,0.0,0.0,3.586206896551724,0.0,2.4022988505747125,0.0,0.0,5.057471264367816,10.270114942528735
2170,1.2826086956521738,0.8478260869565217,0.0,0.0,0.0,0.0,0.45652173913043476,0.8043478260869565,0.0,0.32608695652173914,0.0,0.0,0.0,0.0,0.0,26.456521739130434,0.7391304347826086,0.0,1.6304347826086956,0.0,21.804347826086957,36.97826086956522
2171,0.9354838709677419,0.0,0.0,0.0,0.0,0.1935483870967742,0.0,2.6774193548387095,0.0,0.0,0.0,0.0,4.048387096774194,0.0,0.0,11.758064516129032,0.0,3.1774193548387095,0.0,0.0,15.048387096774194,23.56451612903226
2172,0.14893617021276595,0.0,0.0,0.0,0.0,0.0,0.0,2.6382978723404253,0.0,0.0,0.0,0.0,0.0,0.0,0.0,13.340425531914894,0.0425531914893617,1.127659574468085,0.0,0.0,4.25531914893617,8.617021276595745
2173,0.8333333333333334,0.6666666666666666,0.35714285714285715,0.0,0.0,0.0,1.2142857142857142,3.8095238095238093,0.0,0.2857142857142857,0.0,0.0,0.0,0.0,0.07142857142857142,21.142857142857142,5.428571428571429,0.0,1.4285714285714286,0.0,17.523809523809526,27.714285714285715
2174,0.0,0.0,0.0,0.0,0.0,0.0,0.0,0.015384615384615385,0.0,0.0,0.0,0.0,2.353846153846154,0.0,0.0,14.323076923076924,0.06153846153846154,3.230769230769231,0.0,0.0,13.76923076923077,24.03076923076923
2175,1.1764705882352942,0.0,0.0,0.0,0.0,0.0,1.196078431372549,1.7450980392156863,0.0,0.43137254901960786,0.0,0.0,0.0,0.0,0.0,30.705882352941178,1.1764705882352942,8.627450980392156,0.43137254901960786,0.0,15.72549019607843,27.137254901960784
2176,1.4285714285714286,0.0,0.0,0.0,0.0,0.0,1.0,0.25,0.0,0.21428571428571427,0.0,0.0,0.0,0.0,1.9642857142857142,51.357142857142854,1.1071428571428572,0.0,19.857142857142858,0.0,20.107142857142858,36.892857142857146
2177,1.0588235294117647,1.3137254901960784,0.0784313725490196,0.0,0.0,0.0,1.9803921568627452,0.6470588235294118,0.0,1.411764705882353,0.0,0.0,0.0,0.0,4.03921568627451,16.07843137254902,2.9019607843137254,0.0,3.235294117647059,0.0,25.666666666666668,40.8235294117647
2178,0.8235294117647058,1.7058823529411764,0.0,0.0,0.0,0.0,0.5882352941176471,0.29411764705882354,0.0,0.058823529411764705,0.0,0.0,0.0,0.0,0.0,24.235294117647058,0.5294117647058824,0.0,0.0,0.0,6.352941176470588,14.117647058823529
2179,0.6129032258064516,0.6129032258064516,0.0,0.0,0.0,0.0,0.3870967741935484,0.0,0.0,0.0,0.0,0.0,0.0,0.0,0.0,26.580645161290324,0.41935483870967744,0.0,0.5483870967741935,0.0,21.612903225806452,34.806451612903224
2180,0.0,0.0,0.0,0.0,0.0,0.0,1.2,2.466666666666667,0.0,0.8,0.0,0.0,0.0,0.0,0.2,32.0,3.7333333333333334,0.0,0.0,0.0,11.133333333333333,18.866666666666667
2181,1.2244897959183674,0.0,0.0,0.0,0.0,0.0,0.5714285714285714,2.326530612244898,0.5102040816326531,0.0,0.0,0.0,0.2653061224489796,0.0,2.510204081632653,21.653061224489797,0.9387755102040817,5.816326530612245,1.5918367346938775,0.0,13.693877551020408,24.3265306122449
2182,0.0,0.0,0.0,0.0,0.0,0.0,0.0,0.37254901960784315,0.0,0.0,0.0,0.0,0.026143790849673203,0.0,0.0,5.366013071895424,0.006535947712418301,1.4705882352941178,0.0,0.0,5.993464052287582,11.450980392156863
2183,0.8095238095238095,0.3333333333333333,0.2857142857142857,0.0,0.0,0.0,2.4285714285714284,3.380952380952381,0.0,0.9047619047619048,0.0,0.0,0.0,0.0,0.14285714285714285,7.666666666666667,4.857142857142857,0.0,0.0,0.0,16.285714285714285,27.571428571428573
2184,1.1,0.0,0.0,0.0,0.3,0.0,0.0,0.0,0.0,0.0,0.0,0.0,0.0,0.0,0.0,57.4,0.2,0.0,0.0,0.0,7.4,16.7
2185,0.0,0.0,0.0,0.0,0.0,0.0,0.0,0.0,0.0,0.0,0.0,0.0,1.7142857142857142,0.0,0.0,32.42857142857143,0.0,5.928571428571429,0.0,0.0,6.428571428571429,15.714285714285714
2186,0.16666666666666666,1.3541666666666667,0.0,0.0,0.0,0.0,1.8958333333333333,2.0208333333333335,0.0,0.5833333333333334,0.0,0.0,0.0,0.0,0.625,8.291666666666666,2.1458333333333335,0.0,0.4166666666666667,0.0,13.208333333333334,22.854166666666668
2187,1.0888888888888888,0.0,0.0,0.0,2.577777777777778,0.0,1.1555555555555554,2.2888888888888888,0.0,0.0,5.266666666666667,0.0,0.0,0.0,0.6,46.08888888888889,2.2222222222222223,0.0,0.0,0.0,22.511111111111113,41.93333333333333
2188,0.0,0.0,0.0,0.0,0.0,0.0,0.0,0.0,0.0,0.0,0.0,0.0,0.0,0.0,0.0,138.30434782608697,2.6956521739130435,0.0,0.0,0.0,25.043478260869566,44.73913043478261
2189,0.25,0.0,0.0,0.0,1.7777777777777777,0.0,0.0,0.4444444444444444,0.0,0.0,0.0,0.0,0.0,0.0,0.19444444444444445,59.638888888888886,0.1388888888888889,0.0,0.0,0.0,22.444444444444443,38.638888888888886
2190,0.375,0.0,0.0,0.0,0.0,0.0,0.0,0.0,0.0,0.0,0.0,0.0,0.0,0.0,0.0,70.5625,1.1875,0.0,0.0,0.0,11.625,24.625
2191,0.0,0.0,0.0,0.0,8.777777777777779,0.0,0.0,0.7777777777777778,1.0,0.0,0.0,0.0,0.0,0.0,0.0,37.72222222222222,0.1111111111111111,0.0,14.555555555555555,0.0,11.333333333333334,17.444444444444443
2192,0.0,0.0,0.0,0.0,0.0,0.0,0.0,0.0,0.0,0.0,0.0,0.0,0.0,0.0,0.0,22.77777777777778,0.5555555555555556,0.0,0.0,0.0,5.444444444444445,9.222222222222221
2193,0.0,0.0,0.0,0.0,0.0,0.0,0.0,0.0,0.0,0.0,0.0,0.0,0.0,0.0,0.0,3.5,0.0,0.0,0.0,0.0,2.0,7.0
2194,1.0,1.5588235294117647,0.0,0.0,0.0,0.0,0.5882352941176471,0.8823529411764706,0.0,0.35294117647058826,0.0,0.0,0.0,0.0,0.08823529411764706,25.029411764705884,1.1176470588235294,0.0,0.0,0.0,16.323529411764707,27.0
2195,0.6258992805755396,0.0,0.0,0.0,0.0,0.0,0.0,0.7985611510791367,0.0,0.0,0.0,0.0,0.0,0.0,0.0,9.352517985611511,0.0,4.136690647482014,0.0,0.0,9.992805755395683,17.553956834532375
2196,0.76,0.0,0.0,0.0,0.0,0.0,0.0,6.4,0.0,0.0,0.0,0.0,0.0,0.0,0.0,6.44,0.16,3.36,0.0,0.0,12.64,21.6
2197,1.1071428571428572,0.07142857142857142,0.0,0.0,0.0,0.0,0.7857142857142857,0.0,0.0,0.10714285714285714,0.0,0.0,0.0,0.0,1.6071428571428572,49.67857142857143,0.8214285714285714,0.0,0.0,0.0,22.0,35.857142857142854
2198,0.0,0.0,0.0,0.0,0.0,9.95,0.0,0.06666666666666667,0.0,0.0,3.316666666666667,0.0,0.06666666666666667,0.0,0.0,15.2,0.35,1.7333333333333334,0.0,0.0,21.433333333333334,37.483333333333334
2199,1.5333333333333334,0.0,0.0,0.4,0.0,0.0,0.4666666666666667,0.23333333333333334,5.333333333333333,0.26666666666666666,0.0,0.0,0.0,0.0,0.0,50.36666666666667,0.5333333333333333,0.0,5.5,0.0,32.63333333333333,56.666666666666664
2200,0.35135135135135137,0.2972972972972973,0.5405405405405406,0.0,0.0,0.0,2.135135135135135,3.4324324324324325,0.0,0.8648648648648649,0.0,0.0,0.0,0.0,0.8648648648648649,29.783783783783782,2.945945945945946,0.0,0.6756756756756757,0.0,20.972972972972972,35.2972972972973
2201,0.4090909090909091,0.0,0.0,0.0,1.5,0.0,0.0,1.0,0.0,0.0,1.6818181818181819,0.0,0.0,0.0,0.0,57.22727272727273,0.36363636363636365,0.0,0.6363636363636364,0.0,20.181818181818183,34.40909090909091
2202,0.6306306306306306,0.0,0.0,0.06306306306306306,0.0,0.0,0.0,0.18018018018018017,0.0,0.0,0.0,0.0,1.1441441441441442,0.0,0.0,7.8558558558558556,0.07207207207207207,0.9279279279279279,0.0,0.0,12.72972972972973,23.954954954954953
2203,0.0,0.0,0.0,0.0,0.0,0.0,0.0,0.20588235294117646,0.0,0.0,41.205882352941174,0.0,0.0,0.0,0.0,37.61764705882353,0.4117647058823529,0.0,9.029411764705882,0.0,10.205882352941176,23.91176470588235
2204,0.48717948717948717,1.2564102564102564,0.15384615384615385,0.0,0.0,0.0,0.6666666666666666,0.41025641025641024,0.0,0.05128205128205128,0.0,0.0,0.0,0.0,0.0,19.564102564102566,0.8205128205128205,0.0,1.358974358974359,0.0,15.384615384615385,23.487179487179485
2205,0.06382978723404255,0.0,0.0,0.0,4.25531914893617,0.0,0.0,0.0,0.0,0.0,4.553191489361702,0.0,0.0,0.0,0.0,67.04255319148936,0.2127659574468085,0.0,4.0638297872340425,0.0,12.574468085106384,21.02127659574468
2206,0.0,0.0,0.0,0.0,0.0,0.0,0.0,0.41379310344827586,0.0,0.0,0.0,0.0,0.0,0.0,0.0,7.913793103448276,0.0,1.6724137931034482,0.0,0.0,1.9310344827586208,6.482758620689655
2207,1.68,0.0,0.0,0.0,0.0,0.0,0.0,0.24,0.96,0.0,0.0,0.0,0.0,0.0,0.0,50.6,0.2,13.28,3.12,0.0,24.64,43.64
2208,1.5869565217391304,0.0,0.0,1.0217391304347827,4.521739130434782,0.0,2.3043478260869565,2.369565217391304,1.2826086956521738,0.391304347826087,0.0,0.0,0.0,0.0,0.0,36.71739130434783,3.347826086956522,0.0,18.67391304347826,0.0,28.869565217391305,50.32608695652174
2209,0.16216216216216217,0.6756756756756757,0.02702702702702703,0.0,0.5135135135135135,0.0,1.864864864864865,2.4054054054054053,0.0,0.2702702702702703,0.0,0.0,0.0,0.0,1.6216216216216217,35.7027027027027,1.837837837837838,0.0,2.108108108108108,0.0,22.243243243243242,41.351351351351354
2210,0.6176470588235294,0.7647058823529411,0.029411764705882353,0.0,0.0,0.0,2.3529411764705883,3.1176470588235294,0.0,0.2647058823529412,0.0,0.0,0.0,0.0,0.0,21.058823529411764,3.0294117647058822,0.0,0.9411764705882353,0.0,21.529411764705884,36.029411764705884
2211,0.4915254237288136,0.2033898305084746,0.0,0.0,0.22033898305084745,0.0,0.3728813559322034,0.5423728813559322,0.0,0.0,0.0,0.0,0.0,0.0,0.0,12.779661016949152,0.6101694915254238,0.4576271186440678,2.6779661016949152,0.0,13.288135593220339,22.796610169491526
2212,0.0,0.0,0.0,0.0,1.6333333333333333,0.0,0.0,0.0,0.0,0.0,0.9666666666666667,0.0,0.0,0.0,0.0,45.266666666666666,0.3333333333333333,0.0,0.0,0.0,12.4,19.266666666666666
2213,2.111111111111111,0.0,0.0,0.0,0.0,0.0,1.6111111111111112,0.7777777777777778,1.8888888888888888,0.6111111111111112,0.0,0.0,0.0,0.0,2.1666666666666665,29.555555555555557,1.6666666666666667,0.0,9.222222222222221,0.0,21.27777777777778,36.833333333333336
2214,0.7272727272727273,0.0,0.0,0.0,0.0,0.0,0.0,1.7878787878787878,0.0,0.0,0.0,0.0,0.0,0.0,0.0,3.3636363636363638,0.0,0.3939393939393939,0.0,0.0,4.515151515151516,6.96969696969697
2215,0.0,0.0,0.0,0.0,0.0,0.0,0.0,0.6666666666666666,0.0,0.0,0.0,0.0,0.12698412698412698,0.0,0.0,16.26984126984127,0.15873015873015872,5.984126984126984,0.0,0.0,4.476190476190476,9.238095238095237
2216,0.4358974358974359,0.9230769230769231,0.28205128205128205,0.0,0.4358974358974359,0.0,2.2564102564102564,4.256410256410256,0.0,0.9230769230769231,0.0,0.0,0.0,0.0,0.15384615384615385,14.846153846153847,4.538461538461538,0.0,1.3846153846153846,0.0,26.153846153846153,42.743589743589745
2217,0.0,0.0,0.0,0.0,0.0,0.0,0.0,0.0,0.0,0.0,0.0,0.0,0.0,0.0,0.0,69.14285714285714,0.0,0.0,0.0,0.0,10.428571428571429,16.071428571428573
2218,0.8918918918918919,0.0,0.0,3.189189189189189,0.0,0.0,1.6216216216216217,3.2162162162162162,0.0,0.7297297297297297,0.0,0.0,0.0,0.0,0.0,25.945945945945947,1.8918918918918919,0.5405405405405406,3.108108108108108,0.0,20.054054054054053,34.432432432432435
2219,0.5454545454545454,0.0,0.0,0.0,0.0,0.0,0.0,0.0,0.0,0.0,0.0,0.0,2.303030303030303,0.0,0.0,13.030303030303031,0.0,0.0,0.0,0.0,7.545454545454546,13.151515151515152
2220,0.4796747967479675,0.0,0.0,0.0,0.0,0.0,0.0,4.373983739837398,0.0,0.024390243902439025,0.0,0.0,0.0,0.0,0.0,4.536585365853658,0.008130081300813009,1.6747967479674797,0.0,0.0,10.56910569105691,18.910569105691057
2221,1.2941176470588236,1.6470588235294117,0.23529411764705882,0.0,0.0,0.0,1.1764705882352942,1.9411764705882353,0.0,0.29411764705882354,0.0,0.0,0.0,0.0,0.0,21.0,1.6470588235294117,0.0,2.5294117647058822,0.0,16.647058823529413,25.470588235294116
2222,0.30434782608695654,0.0,0.0,1.391304347826087,0.0,0.0,0.4492753623188406,1.2608695652173914,0.0,0.2028985507246377,0.0,0.0,0.0,0.0,0.0,13.63768115942029,0.8840579710144928,0.7101449275362319,2.9130434782608696,0.0,18.681159420289855,32.10144927536232
2223,0.39215686274509803,1.0980392156862746,0.2549019607843137,0.0,0.47058823529411764,0.0,1.7058823529411764,1.7058823529411764,0.0,0.7647058823529411,0.0,0.0,0.0,0.0784313725490196,1.6470588235294117,9.215686274509803,1.9803921568627452,0.0,0.8431372549019608,0.0,16.372549019607842,31.019607843137255
2224,0.4090909090909091,0.38636363636363635,0.022727272727272728,0.0,0.0,0.0,0.45454545454545453,1.1136363636363635,0.0,0.22727272727272727,0.0,0.0,0.0,0.0,0.0,18.772727272727273,1.1136363636363635,0.0,0.25,0.0,17.545454545454547,29.454545454545453
2225,0.9767441860465116,0.20930232558139536,0.0,0.0,0.0,0.0,2.1627906976744184,2.488372093023256,0.0,0.27906976744186046,0.0,0.0,0.0,0.0,0.0,37.95348837209303,1.8604651162790697,0.0,0.0,0.0,22.651162790697676,37.348837209302324
2226,0.0,0.0,0.0,0.0,0.0,0.0,0.0,0.17391304347826086,0.0,0.0,0.0,0.0,0.0,0.0,0.0,4.3768115942028984,0.0,1.2971014492753623,0.0,0.0,8.659420289855072,14.514492753623188
2227,0.8235294117647058,0.0,0.0,0.0,2.0,0.0,0.8823529411764706,0.35294117647058826,0.0,0.20588235294117646,0.0,0.0,0.0,0.0,3.235294117647059,58.5,2.5294117647058822,0.0,0.0,0.0,23.970588235294116,38.73529411764706
2228,0.717948717948718,0.0,0.0,0.0,0.0,0.0,0.3333333333333333,1.9487179487179487,0.0,0.0,0.0,0.0,0.20512820512820512,0.0,0.0,63.76923076923077,1.6153846153846154,0.9743589743589743,0.717948717948718,0.0,18.76923076923077,34.15384615384615
2229,0.0,0.0,0.0,0.0,6.366666666666666,0.0,0.0,0.3333333333333333,0.0,0.0,4.666666666666667,0.0,0.0,0.0,0.0,42.13333333333333,0.1,0.0,6.8,0.0,15.033333333333333,29.3
2230,0.40350877192982454,0.0,0.0,0.0,0.0,0.0,0.0,0.0,0.0,0.0,0.0,0.0,0.0,0.0,0.0,12.035087719298245,0.0,5.473684210526316,0.24561403508771928,0.0,9.175438596491228,16.57894736842105
2231,0.15714285714285714,0.0,0.07142857142857142,0.0,1.7857142857142858,0.0,0.04285714285714286,0.2571428571428571,0.0,0.0,0.0,0.0,0.0,0.0,0.0,24.242857142857144,0.34285714285714286,2.7,0.2714285714285714,0.0,13.457142857142857,24.085714285714285
2232,1.0508474576271187,0.1694915254237288,0.0,0.0,5.796610169491525,0.0,1.423728813559322,0.4915254237288136,0.0,0.1694915254237288,0.0,0.0,0.0,0.0,4.406779661016949,34.932203389830505,2.5254237288135593,0.0,0.0,0.0,18.06779661016949,30.016949152542374
2233,0.6666666666666666,0.0,0.0,0.0,4.666666666666667,0.0,0.0,0.0,0.0,0.0,42.833333333333336,0.0,0.0,0.0,0.0,64.16666666666667,0.0,0.0,0.0,0.0,11.666666666666666,12.666666666666666
2234,1.380952380952381,0.0,0.0,0.0,2.4285714285714284,0.0,1.0,3.5238095238095237,0.0,0.0,5.523809523809524,0.0,0.0,0.0,0.0,65.38095238095238,4.0,0.0,2.3333333333333335,0.0,24.857142857142858,45.095238095238095
2235,0.0,0.0,0.0,0.0,0.0,0.0,0.0,1.1481481481481481,0.0,0.0,0.0,0.0,0.0,0.0,0.0,9.11111111111111,0.0,2.5925925925925926,0.0,0.0,9.092592592592593,15.055555555555555
2236,0.0,0.0,0.0,0.0,0.0,0.0,0.0,0.12903225806451613,1.032258064516129,0.0,0.0,0.0,0.0,0.0,0.0,24.258064516129032,0.16129032258064516,12.483870967741936,4.451612903225806,0.0,13.548387096774194,22.225806451612904
2237,0.5,0.0,0.0,0.0,1.09375,0.625,0.9375,2.21875,0.625,0.4375,3.6875,0.0,0.0,0.0,0.0,56.375,0.90625,0.4375,8.3125,0.0,23.28125,39.21875
2238,0.0,1.0888888888888888,0.06666666666666667,0.0,1.7555555555555555,0.0,1.1555555555555554,2.7333333333333334,0.0,0.37777777777777777,0.0,0.0,0.0,0.0,0.0,15.155555555555555,1.1111111111111112,0.0,6.822222222222222,0.0,17.644444444444446,30.511111111111113
2239,0.9166666666666666,0.0,0.0,0.0,0.0,0.0,0.0,1.5,0.0,0.4444444444444444,0.0,0.0,0.0,0.0,0.0,83.30555555555556,1.4166666666666667,0.0,0.0,0.0,28.11111111111111,48.30555555555556
2240,0.3333333333333333,0.0,0.0,0.0,0.0,0.0,0.0,0.0,0.0,0.0,0.0,0.0,2.533333333333333,0.0,0.0,5.5777777777777775,0.0,0.6222222222222222,0.0,0.0,8.422222222222222,18.77777777777778
2241,0.84375,0.0,0.0,0.0,0.0,0.0,1.40625,2.46875,0.0,0.5,0.0,0.0,0.0,0.0,0.0,46.34375,2.21875,0.0,0.0,0.0,20.46875,33.59375
2242,0.0,0.0,0.0,0.0,7.1,0.0,0.0,0.0,0.0,0.0,29.175,0.0,0.0,0.0,0.0,57.225,0.225,0.0,0.0,0.0,9.725,15.45
2243,1.40625,0.0,0.0,0.0,0.0,0.0,0.34375,0.4375,0.0,0.0,0.0,0.0,0.03125,0.0,0.0,62.5,0.84375,0.96875,2.5625,0.0,9.875,19.125
2244,0.5581395348837209,0.9767441860465116,0.2558139534883721,0.0,2.302325581395349,0.0,0.8604651162790697,1.3953488372093024,0.0,0.18604651162790697,0.0,0.0,0.0,0.0,0.0,26.13953488372093,1.5348837209302326,0.0,1.0232558139534884,0.0,19.953488372093023,31.72093023255814
2245,0.0,1.2,0.1,0.0,0.0,0.0,3.0,2.4,0.0,0.5,0.0,0.0,0.0,0.0,0.0,39.4,1.7,0.0,0.0,0.0,12.2,19.3
2246,0.7377049180327869,0.0,0.0,0.0,0.9016393442622951,2.8688524590163933,0.9836065573770492,2.262295081967213,0.0,0.14754098360655737,0.0,0.0,0.0,0.0,0.0,24.868852459016395,1.6557377049180328,0.0,0.5573770491803278,0.0,23.475409836065573,38.704918032786885
2247,0.47368421052631576,0.0,0.0,0.0,0.0,0.0,0.0,0.41228070175438597,0.0,0.0,0.0,0.0,0.0,0.0,0.0,14.31578947368421,0.0,3.175438596491228,0.0,0.0,10.87719298245614,19.394736842105264
2248,0.008583690987124463,0.0,0.0,0.0,0.0,0.0,0.0,1.3175965665236051,0.0,0.0,0.0,0.0,0.060085836909871244,0.0,0.0,9.240343347639485,0.0,1.8454935622317596,0.0,0.0,8.587982832618026,15.648068669527897
2249,1.4509803921568627,0.0,0.0,0.0,0.0,0.0,1.1568627450980393,2.0588235294117645,2.0392156862745097,0.5490196078431373,0.0,0.0,0.0,0.0,0.11764705882352941,15.196078431372548,1.2549019607843137,0.4117647058823529,10.176470588235293,0.0,21.823529411764707,38.76470588235294
2250,0.0,0.0,0.0,0.0,0.0,0.0,1.1176470588235294,0.5294117647058824,0.0,0.0,0.0,0.0,0.0,0.0,0.0,40.14705882352941,0.8823529411764706,0.0,0.0,0.0,16.558823529411764,33.38235294117647
2251,1.4054054054054055,0.3783783783783784,0.0,0.0,0.0,0.0,0.35135135135135137,0.21621621621621623,0.0,0.16216216216216217,0.0,0.0,0.0,0.0,0.0,33.054054054054056,0.7297297297297297,0.0,0.21621621621621623,0.0,22.513513513513512,36.486486486486484
2252,0.640625,1.890625,0.0,0.0,0.0,0.0,0.921875,0.578125,0.0,0.65625,0.0,0.0,0.0,0.0,0.125,18.625,0.984375,0.0,2.171875,0.0,17.671875,29.546875
2253,0.574468085106383,0.2765957446808511,0.10638297872340426,0.0,0.0,0.0,1.0851063829787233,1.0425531914893618,0.0,0.0425531914893617,0.0,0.0,0.0,2.127659574468085,0.0,15.382978723404255,0.6382978723404256,1.0,6.595744680851064,0.0,17.170212765957448,29.659574468085108
2254,0.19047619047619047,0.5476190476190477,0.023809523809523808,0.0,3.2857142857142856,0.0,1.4047619047619047,4.095238095238095,0.0,0.6666666666666666,0.0,0.0,0.0,0.0,0.0,25.0,2.4047619047619047,0.0,3.5952380952380953,0.0,15.761904761904763,28.0
2255,0.8333333333333334,1.119047619047619,0.0,0.0,0.5476190476190477,0.0,0.7142857142857143,1.2380952380952381,0.0,0.2619047619047619,0.0,0.0,0.0,0.0,0.047619047619047616,42.95238095238095,0.9047619047619048,0.0,1.5476190476190477,0.0,21.452380952380953,34.69047619047619
2256,1.065217391304348,0.0,0.0,0.1956521739130435,0.0,0.0,0.0,0.0,0.2826086956521739,0.0,0.0,0.0,0.0,0.0,0.18478260869565216,25.902173913043477,0.0,7.684782608695652,0.0,0.0,10.532608695652174,19.858695652173914
2257,0.0,0.0,0.0,1.3125,0.0,0.0,0.0,1.5,0.0,0.0,0.0,0.0,0.0,0.0,0.0,22.9375,0.0625,8.8125,0.0,0.0,3.4375,8.25
2258,1.5909090909090908,0.0,0.0,0.0,0.0,0.0,0.09090909090909091,0.0,3.772727272727273,0.0,0.0,0.0,0.0,0.0,0.0,24.363636363636363,0.045454545454545456,0.0,3.5454545454545454,0.0,21.59090909090909,34.5
2259,0.5,1.82,0.0,0.0,0.0,0.0,1.28,1.52,0.0,0.06,0.0,0.0,0.0,0.0,0.0,19.52,0.9,0.0,4.7,0.0,20.1,32.86
2260,0.5853658536585366,0.24390243902439024,0.0,0.0,0.0,0.0,0.6585365853658537,1.5975609756097562,0.0,0.12195121951219512,0.0,0.0,0.0,0.0,0.0,53.0609756097561,1.670731707317073,0.0,1.7682926829268293,0.0,27.597560975609756,46.951219512195124
2261,0.6403508771929824,0.0,0.0,0.0,0.017543859649122806,0.17543859649122806,0.7543859649122807,0.7368421052631579,1.9824561403508771,0.2894736842105263,0.0,0.0,0.0,0.0,0.0,25.07894736842105,0.7192982456140351,0.0,1.5263157894736843,0.0,19.49122807017544,34.69298245614035
2262,0.8,0.5333333333333333,0.4,0.0,0.16666666666666666,0.0,1.3333333333333333,1.4333333333333333,0.0,0.4666666666666667,0.0,0.0,0.0,0.0,0.0,31.166666666666668,1.0333333333333334,0.0,0.0,0.0,16.6,26.266666666666666
2263,1.3770491803278688,0.19672131147540983,0.5081967213114754,0.0,0.0,0.0,2.5081967213114753,5.081967213114754,0.0,0.8032786885245902,0.0,0.0,0.0,0.0,0.0,31.901639344262296,2.9344262295081966,0.0,0.6721311475409836,0.0,23.065573770491802,40.26229508196721
2264,0.53,0.05,0.0,0.0,0.0,0.0,1.34,2.02,0.0,0.0,0.0,0.0,0.0,0.0,0.0,23.25,1.63,0.22,5.59,0.0,14.88,27.89
2265,1.4666666666666666,0.0,0.0,0.0,0.4,0.0,0.0,0.0,0.0,0.0,0.0,0.0,0.0,0.0,0.0,61.333333333333336,0.0,0.0,5.266666666666667,0.0,10.733333333333333,20.533333333333335
2266,0.8888888888888888,0.0,0.0,2.7222222222222223,7.555555555555555,0.0,1.0,0.7777777777777778,0.0,0.0,0.0,0.0,0.0,0.0,0.0,30.166666666666668,0.5555555555555556,0.0,0.0,0.0,14.555555555555555,26.22222222222222
2267,0.7763157894736842,0.0,0.0,1.144736842105263,6.5,0.0,0.8947368421052632,0.4868421052631579,1.0263157894736843,0.18421052631578946,0.0,0.0,0.0,0.0,1.605263157894737,24.19736842105263,1.3026315789473684,7.026315789473684,3.5789473684210527,0.0,8.368421052631579,13.460526315789474
2268,0.84,0.32,0.0,0.0,0.0,0.0,0.2,0.08,0.0,0.0,0.0,0.0,0.0,0.06,0.0,17.68,0.5,1.2,0.72,0.0,16.78,30.78
2269,1.7692307692307692,0.0,0.0,0.0,0.0,14.692307692307692,0.0,0.0,0.07692307692307693,0.0,0.0,0.0,0.0,0.0,0.0,54.53846153846154,0.3076923076923077,0.0,0.0,0.0,16.0,23.0
2270,0.0,0.0,0.0,0.0,2.6818181818181817,0.0,0.0,0.0,0.0,0.0,2.9545454545454546,0.0,0.0,0.0,0.0,63.22727272727273,0.4090909090909091,0.0,0.0,0.0,11.818181818181818,20.863636363636363
2271,0.5333333333333333,0.0,0.0,0.0,0.0,0.0,0.0,3.1666666666666665,0.0,0.0,6.5,0.0,0.25555555555555554,0.0,0.0,10.955555555555556,0.0,0.8666666666666667,11.28888888888889,0.0,17.155555555555555,31.366666666666667
2272,0.0,0.0,0.0,0.0,0.0,0.0,0.7333333333333333,2.2666666666666666,0.0,0.26666666666666666,0.0,0.0,0.0,0.0,0.0,24.533333333333335,0.06666666666666667,2.0,0.0,0.0,8.8,15.0
2273,0.7666666666666667,2.1,0.0,0.0,0.0,0.0,0.36666666666666664,0.03333333333333333,0.0,0.6666666666666666,0.0,0.0,0.0,0.0,0.13333333333333333,51.733333333333334,0.5,3.033333333333333,0.0,0.0,26.333333333333332,44.86666666666667
2274,0.17857142857142858,0.32142857142857145,0.0,0.0,0.0,0.0,0.8928571428571429,1.6428571428571428,0.0,0.2857142857142857,0.0,0.0,0.0,0.0,0.32142857142857145,44.392857142857146,0.6428571428571429,14.857142857142858,0.0,0.0,24.821428571428573,40.642857142857146
2275,0.25925925925925924,0.0,0.0,0.0,9.444444444444445,0.0,1.5185185185185186,3.1481481481481484,0.0,0.48148148148148145,0.0,0.0,0.0,0.0,0.0,45.18518518518518,2.740740740740741,6.666666666666667,2.185185185185185,0.0,24.11111111111111,40.407407407407405
2276,1.5,0.0,0.0,0.0,2.2142857142857144,0.0,0.07142857142857142,0.5714285714285714,0.0,0.0,0.0,0.0,0.0,0.0,0.0,74.0,0.8571428571428571,0.0,2.2857142857142856,0.0,24.071428571428573,43.0
2277,0.7931034482758621,0.0,0.0,0.0,0.0,0.0,0.0,0.0,0.0,0.0,0.0,0.0,0.0,0.0,0.0,66.72413793103448,0.0,0.0,0.0,0.0,15.793103448275861,28.517241379310345
2278,1.075,0.0,0.0,0.0,5.325,1.2,1.525,2.275,0.3,0.125,12.5,0.0,0.0,0.0,1.75,52.675,2.1,0.0,7.95,0.0,23.5,40.6
2279,0.0,0.05555555555555555,0.0,0.0,0.0,0.0,0.0,0.5555555555555556,0.0,0.0,0.0,0.0,0.0,0.0,0.0,52.888888888888886,0.5,1.5555555555555556,0.8888888888888888,0.0,11.777777777777779,14.333333333333334
2280,1.1224489795918366,0.0,0.0,0.0,2.142857142857143,0.0,0.0,2.938775510204082,0.14285714285714285,0.6530612244897959,1.0204081632653061,7.653061224489796,0.0,0.0,0.0,31.857142857142858,2.204081632653061,1.3265306122448979,10.591836734693878,0.0,17.979591836734695,29.3265306122449
2281,0.0,0.0,0.0,0.0,0.0,0.0,3.4,2.2666666666666666,0.0,0.6666666666666666,0.0,0.0,0.0,0.0,5.4,31.8,2.6666666666666665,2.4,1.0666666666666667,0.0,11.8,20.133333333333333
2282,0.14705882352941177,0.0,0.0,0.0,0.0,0.0,0.0,0.0,0.0,0.0,0.0,0.0,0.0,0.0,0.0,21.794117647058822,0.2647058823529412,0.0,0.0,0.0,15.529411764705882,27.470588235294116
2283,0.8571428571428571,0.0,0.0,2.0714285714285716,15.107142857142858,0.0,1.25,2.5,0.0,0.25,8.321428571428571,0.0,0.0,0.0,0.5714285714285714,22.964285714285715,1.75,0.0,1.4642857142857142,0.0,20.892857142857142,36.0
2284,0.1111111111111111,0.0,0.0,0.0,0.0,0.0,0.0,0.05555555555555555,0.0,0.0,0.0,0.0,2.0,0.0,0.0,13.62962962962963,0.0,4.592592592592593,1.2037037037037037,0.0,12.518518518518519,21.462962962962962
2285,1.1162790697674418,0.0,0.0,0.0,0.5813953488372093,0.0,0.0,0.0,0.5813953488372093,0.0,0.0,0.0,0.0,0.0,0.0,31.558139534883722,0.20930232558139536,2.86046511627907,5.186046511627907,0.0,27.558139534883722,45.093023255813954
2286,1.3773584905660377,0.0,0.0,0.0,0.0,0.0,0.0,0.0,0.0,0.0,0.0,0.0,0.0,0.0,0.0,18.79245283018868,0.1320754716981132,0.5471698113207547,0.0,0.0,13.566037735849056,24.49056603773585
2287,1.90625,0.0,0.0,0.0,0.0,0.0,0.0,0.265625,0.0,0.0,1.5,0.0,4.078125,0.0,0.0,22.484375,0.0,3.453125,4.796875,0.0,16.5,27.828125
2288,0.1,0.58,0.56,0.0,0.08,0.0,2.46,3.92,0.0,0.88,0.0,0.0,0.0,0.0,0.0,16.16,2.72,0.0,0.84,0.0,24.64,43.24
2289,0.5588235294117647,0.0,0.0,0.0,0.029411764705882353,0.0,0.029411764705882353,0.29411764705882354,0.20588235294117646,0.17647058823529413,0.0,0.0,0.0,0.0,0.0,32.294117647058826,0.35294117647058826,0.0,0.0,0.0,24.323529411764707,41.05882352941177
2290,0.0,0.0,0.0,0.0,0.0,0.0,0.0,2.6,0.0,0.0,0.0,0.0,0.0,0.0,0.0,8.45,0.0,4.916666666666667,0.0,0.0,8.45,13.733333333333333
2291,0.09345794392523364,0.0,0.0,0.0,0.0,0.0,0.0,4.336448598130841,0.102803738317757,0.0,0.0,0.0,0.4672897196261682,0.0,0.0,8.009345794392523,0.0,1.7289719626168225,0.0,0.0,9.19626168224299,14.439252336448599
2292,1.1428571428571428,0.0,0.0,0.0,0.0,0.0,0.14285714285714285,0.0,1.9523809523809523,0.0,0.0,0.0,0.0,0.0,0.19047619047619047,48.42857142857143,0.0,0.0,3.4761904761904763,0.0,23.761904761904763,40.95238095238095
2293,0.5526315789473685,1.263157894736842,0.0,0.0,0.13157894736842105,0.0,0.2894736842105263,0.7105263157894737,0.0,0.02631578947368421,0.0,0.0,0.0,0.0,0.05263157894736842,13.763157894736842,0.3684210526315789,0.0,0.21052631578947367,0.0,11.368421052631579,21.236842105263158
2294,1.1372549019607843,0.5098039215686274,0.13725490196078433,0.0,0.0,0.0,1.3725490196078431,2.7450980392156863,0.0,0.09803921568627451,0.0,0.0,0.0,0.0,0.0,20.901960784313726,3.0784313725490198,1.6666666666666667,0.49019607843137253,0.0,18.0,29.84313725490196
2295,0.03773584905660377,0.0,0.0,0.0,0.0,0.0,0.0,0.7735849056603774,0.0,0.0,0.0,0.0,0.0,0.0,0.0,6.622641509433962,0.0,2.150943396226415,0.0,0.0,10.150943396226415,16.4811320754717
2296,1.2413793103448276,0.0,0.0,1.6206896551724137,0.0,0.0,0.0,0.0,0.6896551724137931,0.0,0.0,0.0,0.0,0.0,0.10344827586206896,23.82758620689655,0.0,0.27586206896551724,0.0,0.0,16.06896551724138,24.655172413793103
2297,0.03636363636363636,0.4727272727272727,0.0,0.0,3.1636363636363636,0.0,1.5636363636363637,3.909090909090909,0.0,0.0,8.690909090909091,0.0,0.0,0.0,0.0,33.0,2.327272727272727,0.0,4.109090909090909,0.0,17.581818181818182,33.872727272727275
2298,0.0,0.0,0.0,0.6222222222222222,12.955555555555556,0.0,0.6444444444444445,1.3555555555555556,0.0,0.0,24.711111111111112,0.0,0.0,0.0,0.0,13.2,0.4666666666666667,0.0,1.6666666666666667,0.0,19.2,35.22222222222222
2299,0.6944444444444444,0.8611111111111112,0.0,0.0,0.0,0.0,0.8055555555555556,0.5833333333333334,0.0,0.16666666666666666,0.0,0.0,0.0,0.08333333333333333,0.0,18.833333333333332,0.6388888888888888,1.5833333333333333,4.722222222222222,0.0,22.083333333333332,42.44444444444444
2300,0.14285714285714285,0.14285714285714285,0.5238095238095238,0.0,0.0,0.0,2.9523809523809526,5.238095238095238,0.0,0.9523809523809523,0.0,0.0,0.0,0.0,0.0,32.333333333333336,3.4285714285714284,0.0,0.0,0.0,7.809523809523809,16.476190476190474
2301,0.9047619047619048,1.619047619047619,0.0,0.0,0.0,0.0,0.5,1.0238095238095237,0.0,0.42857142857142855,0.0,0.0,0.0,0.0,0.0,20.214285714285715,0.9285714285714286,0.0,0.0,0.0,25.595238095238095,43.904761904761905
2302,0.22857142857142856,0.37142857142857144,0.0,0.0,0.44285714285714284,0.0,1.4,1.6428571428571428,0.0,0.32857142857142857,3.257142857142857,0.0,0.0,0.0,1.8857142857142857,41.457142857142856,2.3285714285714287,0.0,0.4857142857142857,0.0,25.32857142857143,43.1
2303,1.1372549019607843,0.6666666666666666,0.0,0.0,0.0,0.0,0.9215686274509803,2.7058823529411766,0.0,0.5294117647058824,0.0,0.0,0.0,0.0,0.0,44.15686274509804,2.0784313725490198,0.0,0.0,0.0,24.0,41.76470588235294
2304,0.0,0.0,0.0,0.0,5.066666666666666,0.0,0.6,1.8666666666666667,0.0,0.0,0.0,0.0,0.0,0.0,0.0,64.26666666666667,1.2,0.0,3.533333333333333,0.0,13.866666666666667,22.266666666666666
2305,1.6470588235294117,0.5882352941176471,0.0,0.0,0.0,0.0,0.029411764705882353,0.0,0.0,0.38235294117647056,0.0,0.0,0.0,0.0,0.5,44.6764705882353,0.5588235294117647,0.0,1.1764705882352942,0.0,17.823529411764707,31.470588235294116
2306,0.42857142857142855,0.0,0.0,0.0,0.0,0.0,0.39285714285714285,0.0,1.5714285714285714,0.0,0.0,0.0,0.0,0.0,0.0,34.107142857142854,0.07142857142857142,0.0,0.0,0.0,23.214285714285715,40.82142857142857
2307,0.3333333333333333,0.0,0.0,0.20512820512820512,0.9743589743589743,0.0,0.20512820512820512,0.0,3.0256410256410255,0.15384615384615385,0.0,0.0,0.0,0.0,0.20512820512820512,23.923076923076923,0.02564102564102564,2.717948717948718,0.5384615384615384,0.0,9.487179487179487,18.435897435897434
2308,2.272727272727273,0.0,0.0,0.0,0.0,0.0,0.0,0.0,0.0,0.36363636363636365,0.0,0.0,0.4090909090909091,0.0,0.0,49.04545454545455,0.09090909090909091,0.7272727272727273,1.6363636363636365,0.0,21.09090909090909,36.77272727272727
2309,0.47368421052631576,0.0,0.0,0.0,4.2105263157894735,0.0,0.0,0.10526315789473684,0.0,0.0,0.0,0.0,0.0,0.0,0.0,62.05263157894737,0.0,0.0,0.0,0.0,11.578947368421053,22.0
2310,0.0,0.0,0.0,0.0,0.0,0.0,0.0,0.0,0.0,0.0,0.0,0.0,0.0,0.0,0.0,13.416666666666666,0.2916666666666667,0.0,0.0,0.0,6.541666666666667,12.041666666666666
2311,1.6363636363636365,0.0,0.0,0.0,0.0,0.0,0.2545454545454545,0.16363636363636364,0.0,0.0,0.0,0.0,1.290909090909091,0.0,0.0,18.345454545454544,0.2,0.9272727272727272,0.0,0.0,17.763636363636362,30.418181818181818
2312,2.806451612903226,0.0,0.0,0.0,0.0,0.0,0.0,0.0,0.0,0.12903225806451613,0.0,0.0,3.838709677419355,0.0,0.0,24.612903225806452,0.45161290322580644,11.774193548387096,1.0,1.6129032258064515,26.322580645161292,44.774193548387096
2313,0.3333333333333333,0.2,0.0,0.0,2.9,0.0,1.2666666666666666,3.3666666666666667,0.0,0.43333333333333335,0.0,0.0,0.0,0.0,0.0,29.533333333333335,2.033333333333333,0.0,0.0,0.0,19.833333333333332,34.53333333333333
2314,1.4126984126984128,0.0,0.0,0.0,0.0,0.0,0.1111111111111111,0.0,0.0,0.0,0.0,0.0,0.0,0.0,0.0,23.61904761904762,0.031746031746031744,2.7777777777777777,0.0,0.0,15.26984126984127,25.333333333333332
2315,0.0,0.0,0.0,0.0,0.0,0.0,0.0,0.15527950310559005,0.0,0.0,0.0,0.0,0.0,0.0,0.0,4.22360248447205,0.0,1.9937888198757765,0.0,0.0,9.98136645962733,17.51552795031056
2316,1.4193548387096775,0.0,0.0,0.0,2.6774193548387095,0.0,0.7096774193548387,1.1290322580645162,2.903225806451613,0.03225806451612903,2.2903225806451615,0.0,0.0,0.0,0.0,13.096774193548388,0.16129032258064516,0.0,7.419354838709677,0.0,19.032258064516128,36.16129032258065
2317,0.0,0.04,0.0,0.0,0.64,0.0,1.24,0.0,0.0,0.0,8.24,0.0,0.0,0.0,1.88,59.12,0.68,0.0,0.24,0.0,10.96,22.2
2318,0.0,0.0,0.0,0.0,0.0,0.0,0.8518518518518519,1.8888888888888888,0.0,0.14814814814814814,0.0,0.0,0.0,0.0,0.0,14.962962962962964,1.0,0.0,18.11111111111111,0.0,11.74074074074074,22.703703703703702
2319,0.0,0.0,0.0,0.0,0.0,0.0,1.7142857142857142,3.4285714285714284,2.5714285714285716,0.0,0.0,0.0,0.0,0.0,0.0,15.142857142857142,1.5714285714285714,0.0,0.0,0.0,12.285714285714286,29.428571428571427
2320,0.0,0.0,0.0,0.0,2.65,0.0,0.0,0.0,0.0,0.0,9.8,0.0,0.0,0.0,0.0,9.3,0.3,0.0,1.85,0.0,11.2,19.5
2321,0.9649122807017544,1.1754385964912282,0.17543859649122806,0.0,0.0,0.0,1.6140350877192982,2.4210526315789473,0.0,0.08771929824561403,0.0,0.0,0.0,0.0,0.0,24.56140350877193,2.175438596491228,0.3157894736842105,0.6491228070175439,0.0,13.12280701754386,24.31578947368421
2322,0.631578947368421,0.631578947368421,0.0,0.0,0.0,0.0,2.0526315789473686,2.210526315789474,0.0,1.263157894736842,0.0,0.0,0.0,0.0,0.0,20.105263157894736,2.789473684210526,2.473684210526316,0.0,0.0,13.421052631578947,21.263157894736842
2323,0.2641509433962264,0.05660377358490566,0.0,0.0,0.0,0.0,0.22641509433962265,0.03773584905660377,0.0,0.018867924528301886,0.0,0.0,0.0,0.0,0.0,21.41509433962264,0.32075471698113206,0.0,0.0,0.0,17.452830188679247,30.90566037735849
2324,0.8444444444444444,0.26666666666666666,0.0,0.0,0.0,0.0,0.7777777777777778,0.5111111111111111,0.0,0.35555555555555557,0.0,0.0,0.0,0.0,0.0,53.6,1.5333333333333334,1.6444444444444444,2.6,0.0,24.066666666666666,40.62222222222222
2325,0.9333333333333333,0.0,0.03333333333333333,0.0,1.3333333333333333,0.0,1.3,3.8666666666666667,0.0,0.0,0.0,0.0,0.0,0.0,0.1,63.3,3.8,0.0,0.0,0.0,27.233333333333334,45.833333333333336
2326,0.6666666666666666,0.0,0.0,1.3333333333333333,0.0,0.0,0.0,0.0,0.047619047619047616,0.0,0.0,0.0,0.0,0.0,0.0,64.0,0.0,0.0,0.0,0.0,10.285714285714286,16.476190476190474
2327,1.7428571428571429,0.0,0.0,0.0,0.0,0.0,0.02857142857142857,0.0,0.0,0.11428571428571428,0.0,0.0,0.0,0.0,0.14285714285714285,41.82857142857143,0.17142857142857143,4.114285714285714,1.8,0.0,18.685714285714287,30.4
2328,1.0689655172413792,0.20689655172413793,0.0,0.0,3.0344827586206895,0.0,0.0,0.27586206896551724,0.0,0.10344827586206896,0.0,0.0,0.0,0.0,0.0,23.310344827586206,0.1724137931034483,0.0,0.0,0.0,14.03448275862069,24.20689655172414
2329,1.8214285714285714,0.0,0.0,0.0,3.357142857142857,0.0,1.75,3.392857142857143,0.0,0.39285714285714285,0.0,0.0,0.0,0.0,0.0,60.67857142857143,2.642857142857143,0.0,1.3214285714285714,0.0,27.035714285714285,46.892857142857146
2330,1.411764705882353,1.588235294117647,0.0,0.0,0.0,0.0,0.7647058823529411,0.5,0.0,0.14705882352941177,0.0,0.0,0.0,0.0,0.0,32.88235294117647,0.6470588235294118,0.0,1.411764705882353,0.0,18.235294117647058,29.5
2331,1.4090909090909092,0.0,0.0,0.0,0.0,0.0,0.2727272727272727,0.6818181818181818,0.0,0.0,0.0,0.0,0.0,0.0,0.0,32.86363636363637,0.5,0.22727272727272727,11.090909090909092,0.0,15.954545454545455,27.318181818181817
2332,0.0,0.8888888888888888,0.0,0.0,0.0,0.0,0.16666666666666666,0.0,0.0,0.0,0.0,0.0,0.0,0.0,0.0,54.5,0.4444444444444444,0.0,0.0,0.0,9.333333333333334,17.833333333333332
2333,0.3409090909090909,0.0,0.0,0.0,0.0,0.0,0.6818181818181818,1.2272727272727273,0.0,0.0,0.0,0.0,0.0,0.0,0.0,61.59090909090909,1.5681818181818181,0.0,0.0,0.0,20.954545454545453,36.27272727272727
2334,0.38636363636363635,0.0,0.0,0.45454545454545453,4.431818181818182,0.0,1.0454545454545454,0.4090909090909091,0.3409090909090909,0.4090909090909091,11.795454545454545,0.0,0.0,0.0,3.2954545454545454,20.34090909090909,2.2045454545454546,0.0,0.7272727272727273,0.0,28.045454545454547,50.93181818181818
2335,2.36,0.0,0.0,0.0,0.0,0.0,0.0,0.0,0.0,0.68,0.0,0.0,3.12,0.0,0.0,34.36,0.56,7.24,1.36,3.68,31.8,56.76
2336,1.7727272727272727,1.2727272727272727,0.0,0.0,0.0,0.0,0.5909090909090909,1.0681818181818181,0.0,0.06818181818181818,0.0,0.0,0.0,0.0,0.0,39.34090909090909,0.5681818181818182,1.5909090909090908,2.75,0.0,20.204545454545453,36.5
2337,1.1935483870967742,0.0,0.0,0.0,4.903225806451613,0.0,0.03225806451612903,0.45161290322580644,0.0,0.0,10.258064516129032,0.0,0.0,3.5483870967741935,0.0,50.483870967741936,0.5806451612903226,0.0,15.419354838709678,0.0,13.129032258064516,21.870967741935484
2338,0.0,0.030303030303030304,0.24242424242424243,0.0,0.0,0.0,1.6666666666666667,3.515151515151515,0.0,0.5151515151515151,0.0,0.0,0.0,0.0,0.0,43.515151515151516,2.3636363636363638,0.5454545454545454,2.121212121212121,0.0,12.181818181818182,20.393939393939394
2339,1.3157894736842106,0.7894736842105263,0.0,0.0,0.0,0.0,0.7894736842105263,0.0,0.0,0.8421052631578947,0.0,0.0,0.0,0.0,5.368421052631579,90.42105263157895,3.5789473684210527,0.0,2.9473684210526314,0.0,30.526315789473685,50.1578947368421
2340,2.0,0.0,0.0,0.0,0.0,0.0,0.0,0.0,0.75,0.0,0.0,0.0,0.0,0.0,0.0,38.25,0.0,0.0,0.5,0.0,13.666666666666666,23.25
2341,1.5714285714285714,0.7714285714285715,0.0,0.0,0.0,0.0,0.08571428571428572,0.0,0.0,0.11428571428571428,0.0,0.0,0.0,0.0,0.0,15.6,0.45714285714285713,0.0,0.0,0.0,24.457142857142856,42.25714285714286
2342,1.0303030303030303,0.8787878787878788,0.0,0.0,0.0,0.0,1.0,2.0303030303030303,0.0,0.7878787878787878,0.0,0.0,0.0,0.0,0.0,41.121212121212125,1.5454545454545454,0.0,0.0,0.0,21.515151515151516,37.21212121212121
2343,0.9215686274509803,1.5686274509803921,0.0,0.0,0.0,0.0,0.9215686274509803,1.607843137254902,0.0,0.45098039215686275,0.0,0.0,0.0,0.0,3.235294117647059,56.23529411764706,1.5294117647058822,0.0,9.764705882352942,0.0,29.470588235294116,50.94117647058823
2344,0.0,0.0,0.0,0.0,0.0,0.0,0.38333333333333336,0.0,3.8333333333333335,0.0,0.0,0.0,0.0,0.0,0.55,12.8,0.43333333333333335,0.0,0.0,0.0,19.016666666666666,33.56666666666667
2345,0.5517241379310345,0.0,0.0,0.0,0.7241379310344828,0.06896551724137931,0.41379310344827586,0.0,0.0,0.0,0.0,0.0,0.0,0.0,0.0,11.310344827586206,1.7586206896551724,1.5172413793103448,1.9655172413793103,0.0,8.862068965517242,15.448275862068966
2346,0.6585365853658537,0.0,0.0,0.0,0.0,0.0,0.0,0.0,0.0,0.0,0.0,0.0,1.3902439024390243,0.0,0.0,20.317073170731707,0.0975609756097561,1.3414634146341464,0.0,0.0,20.48780487804878,33.75609756097561
2347,0.0,0.0,0.0,0.0,0.0,0.0,0.0,0.0,5.285714285714286,0.0,0.0,0.0,0.0,0.0,0.0,3.857142857142857,0.07142857142857142,0.0,0.0,0.0,7.357142857142857,14.357142857142858
2348,0.0,0.0,0.0,0.0,5.428571428571429,0.0,0.0,0.0,0.047619047619047616,0.0,26.952380952380953,0.0,0.0,0.0,0.0,19.523809523809526,0.0,0.0,27.238095238095237,0.0,17.476190476190474,34.76190476190476
2349,0.2,0.6333333333333333,0.0,0.0,0.0,0.0,0.9666666666666667,0.0,0.0,0.5,0.0,0.0,0.0,0.0,3.4,53.43333333333333,1.7666666666666666,0.0,2.1666666666666665,0.0,23.6,41.233333333333334
2350,0.2903225806451613,0.0,0.0,0.0,0.0967741935483871,0.0,0.7096774193548387,0.3870967741935484,0.0,0.5483870967741935,0.0,0.0,0.0,0.0,0.0,64.54838709677419,2.3225806451612905,0.0,0.5806451612903226,0.0,25.548387096774192,45.67741935483871
2351,0.9782608695652174,0.043478260869565216,0.0,0.0,0.0,0.0,0.0,0.0,0.0,0.0,2.130434782608696,0.0,0.0,0.0,0.0,34.80434782608695,0.10869565217391304,0.0,10.0,0.0,19.217391304347824,33.45652173913044
2352,1.3142857142857143,1.9142857142857144,0.0,0.0,0.0,0.0,0.9428571428571428,1.0857142857142856,0.0,0.17142857142857143,0.0,0.0,0.0,0.0,0.11428571428571428,25.2,1.0571428571428572,0.45714285714285713,3.4571428571428573,0.0,19.228571428571428,37.25714285714286
2353,1.0277777777777777,0.0,0.0,0.0,0.0,0.0,1.0277777777777777,2.1666666666666665,0.0,0.4722222222222222,0.0,0.0,0.0,0.0,0.0,51.638888888888886,1.9722222222222223,0.0,0.0,0.0,25.38888888888889,43.25
2354,2.5,0.1,0.0,0.0,3.4,0.0,0.2,0.0,0.0,0.0,0.0,0.0,0.0,0.0,0.0,93.8,0.4,0.0,0.0,0.0,21.033333333333335,34.7
2355,0.0,0.0,0.0,0.0,0.0,0.0,0.0,0.0,3.4,0.0,0.0,0.0,0.0,0.0,0.0,16.52,0.16,0.0,0.0,0.0,19.0,32.36
2356,0.625,0.0,0.0,0.0,0.0,0.0,0.3333333333333333,0.5625,0.0,0.0,0.0,0.0,2.375,0.0,0.0,13.791666666666666,0.3125,0.125,0.0,0.0,23.0625,39.0
2357,0.32558139534883723,0.0,0.0,0.0,0.7906976744186046,0.0,0.0,0.0,0.37209302325581395,0.0,0.0,0.0,0.0,0.0,0.0,37.674418604651166,0.0,0.0,5.209302325581396,0.0,25.348837209302324,43.13953488372093
2358,0.15384615384615385,0.0,0.0,0.0,0.0,0.0,0.0,0.0,0.0,0.0,0.0,0.0,0.0,0.0,0.0,53.76923076923077,0.07692307692307693,0.38461538461538464,0.0,0.0,21.923076923076923,37.0
2359,0.4411764705882353,0.029411764705882353,0.11764705882352941,0.0,0.0,0.0,1.7941176470588236,2.3823529411764706,0.0,0.38235294117647056,0.0,0.0,0.0,0.0,0.0,39.470588235294116,3.088235294117647,0.0,0.0,0.0,24.352941176470587,43.11764705882353
2360,0.4,0.0,0.0,0.0,0.0,0.0,1.4,2.933333333333333,0.0,0.17777777777777778,0.0,0.0,0.0,0.0,0.0,35.733333333333334,1.9111111111111112,0.0,1.6666666666666667,0.0,17.244444444444444,29.733333333333334
2361,0.9545454545454546,0.9090909090909091,0.0,0.0,0.0,0.0,0.5,0.8636363636363636,0.0,0.0,0.0,0.0,0.0,0.0,0.0,24.09090909090909,0.6818181818181818,0.0,6.0,0.0,18.818181818181817,30.363636363636363
2362,0.19230769230769232,0.0,0.0,0.0,5.923076923076923,0.0,0.0,0.0,0.0,0.0,12.73076923076923,0.0,0.0,0.0,0.0,48.38461538461539,0.34615384615384615,0.0,0.0,0.0,14.192307692307692,25.423076923076923
2363,1.2325581395348837,0.4186046511627907,0.0,0.0,2.13953488372093,0.0,0.13953488372093023,0.0,0.5813953488372093,0.023255813953488372,0.0,0.0,0.0,0.0,1.7906976744186047,12.883720930232558,0.3953488372093023,0.0,6.023255813953488,0.0,23.3953488372093,40.651162790697676
2364,0.5333333333333333,0.3,0.0,0.0,0.0,0.0,0.03333333333333333,0.13333333333333333,0.0,0.03333333333333333,0.0,0.0,0.0,0.0,0.0,37.43333333333333,0.36666666666666664,0.0,0.0,0.0,15.766666666666667,27.133333333333333
2365,0.0,0.0,0.0,0.0,0.0,0.0,0.0,0.0,0.0,0.0,0.0,0.0,0.0,0.0,0.0,109.57894736842105,0.5263157894736842,0.0,0.0,0.0,20.36842105263158,39.36842105263158
2366,0.0,0.0,0.0,0.0,0.4358974358974359,0.0,1.564102564102564,0.5897435897435898,0.10256410256410256,0.0,3.5128205128205128,0.0,0.0,0.0,5.333333333333333,19.743589743589745,3.4615384615384617,0.0,0.0,0.0,17.71794871794872,30.153846153846153
2367,0.3125,0.0,0.0,0.0,0.0,0.0,0.0,0.0,1.625,0.0,0.0,0.0,0.0,0.0,0.1875,13.0625,0.125,0.0,0.0,0.0,20.0625,36.9375
2368,0.23404255319148937,0.0,0.0,0.0,0.0,0.0,0.0,0.0,0.0,0.0,0.0,0.0,0.0,0.0,0.0,18.19148936170213,0.0,0.19148936170212766,0.7021276595744681,0.0,13.893617021276595,22.872340425531913
2369,0.0,0.0,0.0,0.0,0.0,0.0,0.0,0.0,0.0,0.0,0.0,0.0,0.0,0.0,5.666666666666667,35.38095238095238,1.8095238095238095,0.0,0.0,0.0,6.238095238095238,13.714285714285714
2370,0.75,0.525,0.325,0.0,0.0,0.0,1.725,2.3,0.0,0.375,0.0,0.0,0.0,0.0,0.0,9.5,1.475,1.375,0.0,0.0,14.725,27.45
2371,0.5185185185185185,0.037037037037037035,0.09259259259259259,0.0,0.0,0.0,1.4814814814814814,3.2037037037037037,0.4074074074074074,1.0,0.0,0.0,0.0,0.0,0.12962962962962962,66.88888888888889,2.6666666666666665,3.1481481481481484,6.462962962962963,0.0,21.703703703703702,34.592592592592595
2372,1.0,0.0,0.0,0.0,0.0,0.0,0.0,0.0,0.0,0.0,0.0,0.0,0.0,0.0,0.0,35.15625,0.0,0.0,4.09375,0.0,14.53125,23.09375
2373,1.4333333333333333,1.2666666666666666,0.43333333333333335,0.0,0.0,0.0,1.5666666666666667,2.6,0.0,0.6,0.0,0.0,0.0,0.0,0.0,28.133333333333333,1.9,0.0,0.0,0.0,27.666666666666668,45.166666666666664
2374,0.851063829787234,1.0851063829787233,0.0,0.0,0.0,0.0,1.0212765957446808,0.8723404255319149,0.0,0.425531914893617,0.0,0.0,0.0,0.0425531914893617,1.8297872340425532,46.234042553191486,1.1063829787234043,1.127659574468085,2.297872340425532,0.0,18.19148936170213,30.5531914893617
2375,1.064516129032258,0.0,0.0,0.0,0.0,0.0,1.2258064516129032,1.903225806451613,0.0,0.4838709677419355,0.0,0.0,0.0,0.0,0.0,29.387096774193548,0.9032258064516129,0.0,0.45161290322580644,0.0,16.774193548387096,30.06451612903226
2376,0.0,0.0,0.0,0.0,0.0,0.0,0.0,0.5,0.0,0.0,0.0,0.0,0.0,0.0,0.0,88.5,0.0,0.0,0.0,0.0,10.75,20.5
2377,0.0,0.0,0.0,0.0,0.2,0.0,0.6,0.0,0.06666666666666667,0.0,0.0,0.0,0.0,0.0,0.0,60.0,0.4666666666666667,0.0,1.6666666666666667,0.0,11.2,18.0
2378,2.235294117647059,0.029411764705882353,0.0,0.0,0.0,0.0,1.0294117647058822,1.5294117647058822,0.0,0.5,0.0,0.0,0.0,0.0,0.0,44.3235294117647,2.264705882352941,0.0,0.0,0.0,25.764705882352942,42.26470588235294
2379,1.163265306122449,0.42857142857142855,0.0,0.0,0.0,0.0,1.0,1.1224489795918366,0.12244897959183673,0.20408163265306123,0.0,0.0,0.0,0.0,0.46938775510204084,24.183673469387756,1.1020408163265305,0.0,2.3877551020408165,0.0,16.693877551020407,29.918367346938776
2380,2.1818181818181817,0.09090909090909091,0.0,0.0,0.0,0.0,1.4545454545454546,0.0,0.0,0.36363636363636365,0.0,0.0,0.0,0.0,6.409090909090909,112.13636363636364,2.9545454545454546,0.0,0.0,0.0,30.5,50.18181818181818
2381,0.0,0.0,0.0,0.0,0.0,0.0,0.0,0.0,0.1875,0.0,0.0,0.0,0.0,0.0,0.0,19.21875,0.0,7.53125,0.0,0.0,3.6875,8.125
2382,0.8591549295774648,0.0,0.0,0.0,0.0,0.0,0.0,0.0,0.7605633802816901,0.0,0.0,0.0,0.0,0.0,0.0,31.591549295774648,0.0,2.8732394366197185,0.0,0.0,9.915492957746478,18.140845070422536
2383,0.35135135135135137,0.0,0.0,0.0,0.0,0.0,0.0,0.0,0.0,0.0,0.0,0.0,0.0,0.0,0.2972972972972973,23.027027027027028,0.40540540540540543,0.0,0.0,0.0,14.108108108108109,22.864864864864863
2384,2.5285714285714285,0.0,0.0,0.0,0.0,0.0,0.0,0.9428571428571428,0.0,0.04285714285714286,0.0,0.0,5.0285714285714285,0.0,0.0,57.1,0.32857142857142857,6.171428571428572,1.2857142857142858,2.3142857142857145,19.385714285714286,35.51428571428571
2385,0.5,1.3333333333333333,0.0,0.0,0.0,0.0,0.6190476190476191,0.023809523809523808,0.0,0.19047619047619047,0.0,0.0,0.0,0.0,2.5952380952380953,15.30952380952381,1.0238095238095237,0.0,3.2142857142857144,0.0,17.595238095238095,29.357142857142858
2386,1.3,0.5,0.0,0.0,0.0,0.0,0.45,0.4,0.0,0.15,0.0,0.0,0.0,0.0,0.0,37.2,0.425,0.0,0.0,0.0,21.225,37.675
2387,0.2,0.0,0.0,0.0,0.0,0.0,0.0,0.0,0.0,0.05,0.0,0.0,0.0,0.0,0.0,32.0,0.125,0.0,0.0,0.0,17.675,30.05
2388,1.5789473684210527,0.0,0.0,0.0,0.0,0.0,1.2105263157894737,0.2631578947368421,0.0,0.6842105263157895,0.0,0.0,0.0,0.0,0.0,65.3157894736842,2.1578947368421053,0.0,0.0,0.0,31.894736842105264,57.0
2389,0.10344827586206896,0.0,0.8620689655172413,0.0,19.93103448275862,0.0,1.4827586206896552,2.7241379310344827,0.896551724137931,0.3103448275862069,0.0,0.0,0.0,0.0,0.1724137931034483,19.137931034482758,1.8275862068965518,0.0,1.4482758620689655,0.0,12.275862068965518,22.344827586206897
2390,1.8888888888888888,0.0,0.0,0.0,0.0,0.0,0.0,0.0,0.0,0.0,0.0,0.0,0.0,0.0,0.0,11.944444444444445,0.16666666666666666,0.0,0.0,0.0,19.055555555555557,31.77777777777778
2391,0.0,0.0,0.0,0.0,0.0,0.0,0.0,0.0,0.0,0.0,0.0,0.0,0.0,0.0,0.0,33.5,0.0,0.0,1.25,0.0,8.5,13.5
2392,0.0,0.0,0.0,0.0,0.0,0.0,0.42857142857142855,1.2142857142857142,0.0,0.0,0.0,0.0,1.6785714285714286,0.0,0.0,16.821428571428573,1.0357142857142858,3.1785714285714284,0.0,0.0,13.142857142857142,24.214285714285715
2393,1.2083333333333333,1.4166666666666667,0.0,0.0,0.0,0.0,1.4583333333333333,1.6666666666666667,0.0,0.2916666666666667,0.0,0.0,0.0,0.0,0.0,30.416666666666668,1.3333333333333333,0.0,0.08333333333333333,0.0,16.75,22.333333333333332
2394,0.0,0.0,0.0,0.0,0.0,0.0,0.25,0.0,0.0,0.0,0.0,0.0,0.0,0.0,2.25,47.75,0.0,0.0,0.0,0.0,12.0,20.5
2395,0.75,0.0,0.0,0.0,5.5,2.875,0.125,0.5,0.0,0.0,1.875,0.0,0.0,0.0,0.0,26.0,0.25,0.0,5.125,0.0,9.375,17.0
2396,1.5789473684210527,0.0,0.0,0.0,2.8421052631578947,0.0,0.3157894736842105,0.0,0.42105263157894735,0.0,0.0,0.0,0.0,0.0,1.9473684210526316,26.736842105263158,0.631578947368421,0.0,9.157894736842104,0.0,30.36842105263158,48.8421052631579
2397,0.21428571428571427,0.6785714285714286,0.0,0.0,0.0,0.0,0.8571428571428571,0.6428571428571429,0.0,0.14285714285714285,0.0,0.0,0.0,0.0,0.0,61.857142857142854,0.8928571428571429,0.0,0.0,0.0,27.321428571428573,42.785714285714285
2398,1.1666666666666667,0.0,0.0,0.0,0.0,0.0,0.3333333333333333,0.7692307692307693,0.0,0.0,0.0,0.0,1.8717948717948718,0.0,0.0,27.41025641025641,0.5256410256410257,2.448717948717949,0.0,0.0,22.705128205128204,38.743589743589745
2399,0.30434782608695654,0.13043478260869565,0.0,0.0,0.0,0.0,1.0,1.3478260869565217,0.0,0.13043478260869565,0.0,0.0,0.0,0.0,0.0,31.0,1.9565217391304348,0.0,0.0,0.0,19.956521739130434,35.65217391304348
2400,0.0,0.041666666666666664,0.0,0.0,0.0,0.0,1.2916666666666667,1.2083333333333333,0.6666666666666666,0.2916666666666667,0.0,0.0,0.0,3.2083333333333335,1.125,48.083333333333336,1.25,7.208333333333333,0.7916666666666666,0.0,17.541666666666668,30.875
2401,0.0,0.0,0.0,0.0,0.0,0.0,1.3636363636363635,1.8181818181818181,0.0,0.45454545454545453,0.0,0.0,0.0,0.09090909090909091,0.0,38.63636363636363,1.5454545454545454,0.45454545454545453,0.0,0.0,14.181818181818182,26.545454545454547
2402,2.1666666666666665,0.4,0.0,0.0,0.0,0.0,0.7666666666666667,3.1,1.0666666666666667,0.43333333333333335,0.0,0.0,0.0,0.0,0.0,29.9,2.3,3.2333333333333334,0.36666666666666664,0.0,27.1,41.4
2403,0.7096774193548387,0.0,0.0,0.0,6.548387096774194,0.0,0.5161290322580645,0.7741935483870968,0.0,0.0,0.0,0.0,0.0,0.0,0.6129032258064516,36.193548387096776,0.7419354838709677,0.0,0.9032258064516129,0.0,13.903225806451612,23.258064516129032
2404,0.15789473684210525,0.0,0.0,0.0,0.12280701754385964,0.0,2.3508771929824563,0.6842105263157895,0.24561403508771928,0.3684210526315789,0.0,0.0,0.0,0.0,3.9649122807017543,26.719298245614034,1.719298245614035,0.0,0.0,0.0,22.94736842105263,39.8421052631579
2405,2.5,0.0,0.0,0.0,0.0,0.0,0.0,0.0,1.6428571428571428,0.0,0.0,0.0,0.0,0.0,0.0,30.642857142857142,0.42857142857142855,0.0,3.7857142857142856,0.0,23.857142857142858,40.214285714285715
2406,0.55,0.0,0.0,0.0,0.0,0.0,0.1,0.0,0.0,0.0,0.0,0.0,0.0,0.0,0.0,91.225,0.4,0.0,0.0,0.0,21.975,38.075
2407,0.0,0.0,0.0,0.0,0.0,0.0,0.8787878787878788,0.0,2.909090909090909,0.3939393939393939,0.0,0.0,0.0,0.0,0.2727272727272727,30.060606060606062,1.0303030303030303,0.0,0.6060606060606061,0.0,27.90909090909091,48.09090909090909
2408,0.0,0.0,0.0,0.0,0.0,0.20833333333333334,1.625,3.375,0.16666666666666666,0.0,1.1666666666666667,0.0,0.0,0.0,0.0,40.291666666666664,1.5,0.0,1.375,0.0,13.083333333333334,19.458333333333332
2409,0.7714285714285715,0.0,0.0,0.0,3.2,0.0,0.6285714285714286,0.42857142857142855,0.0,0.0,1.5142857142857142,0.0,0.0,0.0,0.0,30.62857142857143,0.22857142857142856,0.0,7.542857142857143,0.0,9.657142857142857,18.428571428571427
2410,1.4285714285714286,0.0,0.0,0.0,4.619047619047619,0.0,0.8571428571428571,2.7142857142857144,0.0,0.0,5.5,0.0,0.0,0.0,0.0,41.69047619047619,1.0238095238095237,0.0,5.595238095238095,0.0,23.19047619047619,40.80952380952381
2411,1.5,2.227272727272727,0.0,0.0,0.0,0.0,0.4090909090909091,0.09090909090909091,0.0,0.0,0.0,0.0,0.0,0.0,1.0454545454545454,13.727272727272727,0.8181818181818182,0.0,4.409090909090909,0.0,20.5,34.0
2412,0.2,0.0,0.0,0.0,3.8,0.0,1.4,0.0,0.0,0.04,0.0,0.0,0.0,0.0,5.72,22.64,2.4,0.0,0.0,0.0,24.8,43.96
2413,1.972972972972973,0.0,0.0,0.0,0.0,0.0,0.0,0.5945945945945946,0.0,0.24324324324324326,0.0,0.0,0.0,0.0,0.0,28.864864864864863,0.5135135135135135,0.0,3.3783783783783785,0.0,25.81081081081081,46.5945945945946
2414,1.0666666666666667,0.16666666666666666,0.0,0.0,3.6333333333333333,0.0,1.7666666666666666,0.0,0.0,0.5,0.0,0.0,0.0,0.0,3.3,40.166666666666664,1.4333333333333333,0.0,2.4,0.7,28.033333333333335,51.7
2415,0.7073170731707317,1.0731707317073171,0.024390243902439025,0.0,0.0,0.0,1.048780487804878,2.317073170731707,0.0,0.43902439024390244,0.0,0.0,0.0,0.0,0.0,20.073170731707318,1.9268292682926829,0.0,0.0,0.0,19.26829268292683,32.048780487804876
2416,0.10344827586206896,0.0,0.10344827586206896,0.0,0.0,0.0,1.7758620689655173,1.8448275862068966,1.103448275862069,0.1724137931034483,0.0,0.0,0.0,0.0,1.103448275862069,46.724137931034484,2.689655172413793,3.1206896551724137,0.9482758620689655,0.0,19.413793103448278,34.46551724137931
2417,0.0,0.0,0.0,0.0,0.0,0.0,1.8333333333333333,0.0,0.0,2.5,0.0,0.0,0.0,0.0,6.333333333333333,25.833333333333332,1.6666666666666667,0.0,10.166666666666666,0.0,15.333333333333334,35.166666666666664
2418,0.6923076923076923,0.0,0.0,0.0,0.0,0.0,0.0,0.0,0.0,0.0,0.0,0.0,0.0,0.0,0.0,11.153846153846153,0.0,2.1538461538461537,1.7692307692307692,0.0,10.346153846153847,16.423076923076923
2419,0.5,0.0,0.0,0.0,0.0,0.0,1.2894736842105263,2.710526315789474,0.0,0.34210526315789475,0.0,0.0,0.0,0.0,0.0,11.5,2.710526315789474,0.0,0.0,0.0,21.18421052631579,36.5
2420,1.1,0.0,0.0,0.0,0.0,0.0,0.2,0.1,0.0,0.3,0.0,0.0,0.0,0.0,0.0,43.2,0.1,0.0,1.5,0.0,9.2,15.8
2421,0.0,0.0,0.0,0.0,3.4285714285714284,0.0,0.0,0.0,0.0,0.0,0.0,0.0,0.0,0.0,0.0,76.35714285714286,0.0,0.7142857142857143,0.5714285714285714,0.0,6.0,9.642857142857142
2422,0.35714285714285715,0.0,0.0,0.0,0.0,0.0,0.0,0.21428571428571427,0.0,0.0,0.0,0.0,0.0,0.0,0.0,60.92857142857143,0.14285714285714285,0.0,6.571428571428571,0.0,21.5,44.07142857142857
2423,0.3137254901960784,0.43137254901960786,0.13725490196078433,0.0,0.0,0.0,1.9215686274509804,1.5098039215686274,0.0,0.1568627450980392,0.0,0.0,0.0,0.0,0.0,10.333333333333334,0.9607843137254902,1.0784313725490196,0.0,0.0,15.294117647058824,27.58823529411765
2424,0.9743589743589743,0.02564102564102564,0.0,0.0,0.0,0.0,1.2564102564102564,2.4871794871794872,0.0,0.6923076923076923,0.0,0.0,0.0,0.0,0.0,42.12820512820513,3.5384615384615383,0.0,0.0,0.0,23.025641025641026,38.256410256410255
2425,0.6101694915254238,0.2542372881355932,0.0,0.0,0.0,0.0,0.06779661016949153,0.01694915254237288,0.0,0.03389830508474576,0.0,0.0,0.0,0.6610169491525424,0.01694915254237288,26.966101694915253,0.2542372881355932,3.169491525423729,0.5254237288135594,1.305084745762712,8.779661016949152,16.28813559322034
2426,1.5,0.8333333333333334,0.0,0.0,0.0,0.0,0.041666666666666664,0.0,0.0,0.08333333333333333,0.0,0.0,0.0,0.0,0.25,72.83333333333333,0.3333333333333333,0.0,0.0,0.0,28.541666666666668,48.958333333333336
2427,0.7843137254901961,2.3137254901960786,0.0196078431372549,0.0,0.0,0.0,0.5098039215686274,0.9607843137254902,0.0,0.0784313725490196,0.0,0.0,0.0,0.0,0.0,10.549019607843137,0.6862745098039216,0.7647058823529411,2.196078431372549,0.0,16.235294117647058,29.058823529411764
2428,0.26666666666666666,0.0,0.25,0.0,0.0,0.0,2.05,2.8,1.6,0.6,0.0,0.0,0.0,0.0,0.11666666666666667,25.616666666666667,2.8666666666666667,4.666666666666667,5.916666666666667,0.0,19.516666666666666,29.883333333333333
2429,2.5,0.0,0.0,0.0,0.0,0.0,1.0,3.4285714285714284,0.0,0.0,0.0,0.0,0.0,0.0,0.0,45.357142857142854,1.4285714285714286,0.0,2.5714285714285716,0.0,24.857142857142858,35.714285714285715
2430,3.2857142857142856,0.0,0.0,0.0,0.0,0.0,0.0,0.0,0.0,2.1785714285714284,0.0,0.0,4.25,0.0,0.0,38.892857142857146,0.14285714285714285,7.464285714285714,0.7857142857142857,0.0,17.321428571428573,28.321428571428573
2431,0.09375,0.0,0.0,0.0,0.0,0.0,0.0,0.0,0.0,0.53125,0.0,0.0,6.375,0.0,0.0,16.9375,0.0,5.78125,1.3125,0.0,14.1875,27.40625
2432,0.45161290322580644,1.2580645161290323,0.0,0.0,0.0,0.0,1.1935483870967742,1.2903225806451613,0.0,0.25806451612903225,0.0,0.0,0.0,0.0,0.0,56.96774193548387,1.3225806451612903,0.0,0.0,0.0,19.93548387096774,36.03225806451613
2433,1.4482758620689655,0.13793103448275862,0.0,0.0,0.0,0.0,0.2413793103448276,0.13793103448275862,0.9655172413793104,0.3793103448275862,0.0,0.0,0.0,0.0,0.0,32.13793103448276,0.41379310344827586,2.896551724137931,0.4482758620689655,0.0,23.413793103448278,44.793103448275865
2434,0.175,0.0,0.0,0.0,0.0,0.0,0.775,2.45,0.0,0.0,0.0,0.0,0.0,0.0,0.0,72.25,2.025,0.0,0.0,0.0,23.525,38.375
2435,1.1568627450980393,0.0,0.0,0.0,0.45098039215686275,0.0,0.09803921568627451,0.1568627450980392,0.0,0.4117647058823529,0.0,0.0,0.0,0.0,0.0196078431372549,16.686274509803923,0.21568627450980393,0.0,0.0,0.0,18.254901960784313,31.84313725490196
2436,1.0277777777777777,0.0,0.0,0.0,0.0,0.0,0.027777777777777776,0.0,0.0,0.16666666666666666,0.0,0.0,0.0,0.0,0.0,18.72222222222222,0.2777777777777778,0.0,2.5555555555555554,0.0,11.88888888888889,24.416666666666668
2437,0.8421052631578947,0.0,0.0,0.0,0.0,0.0,1.0526315789473684,1.0175438596491229,0.2807017543859649,0.7017543859649122,0.0,0.0,0.0,0.0,1.087719298245614,29.75438596491228,1.4210526315789473,0.0,0.0,0.0,21.719298245614034,36.666666666666664
2438,1.52,0.0,0.0,0.0,0.0,0.0,0.0,0.12,0.0,0.0,2.04,0.0,0.0,0.0,0.0,42.0,0.36,0.0,9.36,0.0,14.84,26.16
2439,0.49056603773584906,0.0,0.0,0.0,0.0,0.0,0.0,0.2641509433962264,1.5471698113207548,0.0,0.0,0.0,0.0,0.0,0.0,24.528301886792452,0.05660377358490566,0.0,2.150943396226415,0.0,16.452830188679247,28.77358490566038
2440,1.1,0.9666666666666667,0.03333333333333333,0.0,0.0,0.0,0.5,0.16666666666666666,0.0,0.06666666666666667,0.0,0.0,0.0,0.0,0.0,36.06666666666667,0.4666666666666667,0.0,0.0,0.0,20.633333333333333,32.4
2441,0.7142857142857143,0.0,0.42857142857142855,0.0,0.0,0.0,1.4,1.8857142857142857,0.7714285714285715,1.1142857142857143,0.0,0.0,0.0,0.02857142857142857,3.085714285714286,43.08571428571429,2.914285714285714,5.628571428571429,1.7142857142857142,0.0,22.514285714285716,36.77142857142857
2442,0.6304347826086957,0.0,0.0,0.0,0.0,0.0,0.10869565217391304,0.08695652173913043,0.15217391304347827,0.043478260869565216,0.0,0.0,0.0,0.0,0.0,26.956521739130434,0.6521739130434783,3.239130434782609,0.0,0.0,18.434782608695652,32.369565217391305
2443,0.8723404255319149,0.0,0.0,0.0,3.5531914893617023,0.0,0.8936170212765957,3.4893617021276597,0.0,1.1063829787234043,2.702127659574468,0.0,0.0,0.0,0.8723404255319149,50.12765957446808,1.3617021276595744,0.0,9.02127659574468,0.0,23.574468085106382,42.5531914893617
2444,0.5581395348837209,0.0,0.16279069767441862,0.0,0.0,0.0,0.6511627906976745,2.2093023255813953,3.2325581395348837,0.627906976744186,0.0,0.0,0.0,0.0,0.8372093023255814,30.511627906976745,1.0465116279069768,0.0,0.0,0.0,18.790697674418606,34.395348837209305
2445,0.0,0.0,0.0,0.0,0.0,0.0,0.4090909090909091,0.0,0.0,0.0,0.0,0.0,0.0,0.0,3.0,50.13636363636363,0.9090909090909091,0.0,0.8181818181818182,0.0,21.954545454545453,39.81818181818182
2446,2.642857142857143,0.0,0.0,0.0,0.0,0.0,0.0,2.392857142857143,0.10714285714285714,0.0,0.0,0.0,0.0,0.0,0.0,54.17857142857143,0.7857142857142857,1.6071428571428572,7.571428571428571,0.0,23.285714285714285,38.25
2447,0.5238095238095238,0.0,0.0,0.0,0.0,0.0,0.0,0.0,0.0,0.0,0.0,0.0,0.0,0.0,0.0,20.38095238095238,0.0,1.5238095238095237,15.80952380952381,0.0,11.619047619047619,19.952380952380953
2448,1.0,0.0,0.0,0.0,0.0,0.0,0.3333333333333333,0.0,0.0,0.0,0.0,0.0,0.0,0.0,5.0,35.166666666666664,2.3333333333333335,0.0,1.1666666666666667,0.0,35.5,53.833333333333336
2449,1.396551724137931,1.0,0.5344827586206896,0.0,0.0,0.0,4.0344827586206895,2.2413793103448274,0.1724137931034483,0.5689655172413793,0.0,0.0,0.0,0.05172413793103448,4.982758620689655,48.672413793103445,4.568965517241379,0.41379310344827586,1.8275862068965518,0.4482758620689655,25.379310344827587,42.689655172413794
2450,0.6590909090909091,0.0,0.0,0.0,0.45454545454545453,0.0,0.0,0.0,0.0,0.0,0.0,0.0,0.0,0.0,0.0,103.45454545454545,0.6590909090909091,9.25,4.7272727272727275,0.0,24.295454545454547,44.15909090909091
2451,1.4210526315789473,0.0,0.0,0.0,0.0,0.0,0.6052631578947368,0.0,0.02631578947368421,0.8421052631578947,0.0,0.0,0.0,0.0,2.8157894736842106,57.421052631578945,1.631578947368421,0.0,2.5789473684210527,0.0,30.157894736842106,52.473684210526315
2452,1.3888888888888888,0.0,0.0,0.0,0.0,0.0,0.0,0.16666666666666666,0.0,0.1111111111111111,0.0,0.0,13.333333333333334,0.0,0.0,16.47222222222222,0.1111111111111111,4.166666666666667,0.0,0.0,9.222222222222221,15.194444444444445
2453,1.1,0.7333333333333333,0.0,0.0,0.0,0.0,0.03333333333333333,0.0,0.0,0.0,0.0,0.0,0.0,0.0,0.0,48.43333333333333,0.6,0.0,4.333333333333333,0.0,27.433333333333334,50.4
2454,1.375,0.0,0.0,0.0,0.0,0.0,1.21875,0.0,0.0,0.875,0.0,0.0,0.0,0.0,6.25,77.0625,2.5625,0.0,0.0,0.0,36.28125,59.3125
2455,0.0,0.0,0.0,0.0,0.18181818181818182,1.0909090909090908,0.0,0.45454545454545453,1.8181818181818181,0.0,0.6363636363636364,0.0,0.0,0.0,0.0,11.5,0.045454545454545456,0.0,0.5454545454545454,0.0,13.954545454545455,25.636363636363637
2456,0.11538461538461539,0.0,0.0,0.0,6.788461538461538,0.0,0.0,0.0,0.0,0.0,17.634615384615383,0.0,0.0,0.0,0.0,20.51923076923077,0.0,0.0,5.480769230769231,0.0,10.057692307692308,17.846153846153847
2457,0.0,1.2340425531914894,0.0,0.0,0.0,0.0,0.7659574468085106,1.4680851063829787,0.0,0.2127659574468085,0.0,0.0,0.0,0.0,0.1702127659574468,8.914893617021276,1.5106382978723405,0.0,1.2765957446808511,0.0,12.72340425531915,21.72340425531915
2458,0.0,0.0,0.0,0.0,2.2857142857142856,0.0,0.0,0.0,0.0,0.0,0.0,0.0,0.0,0.0,1.2142857142857142,31.642857142857142,0.5714285714285714,0.0,0.0,0.0,16.142857142857142,29.428571428571427
2459,0.0,0.0,0.0,0.0,0.0,0.0,0.9722222222222222,0.0,0.0,0.3611111111111111,0.0,0.0,0.0,0.0,3.0833333333333335,59.77777777777778,2.1666666666666665,0.0,0.0,0.0,26.61111111111111,43.083333333333336
2460,0.0,0.0,0.0,0.0,0.0,0.0,0.9285714285714286,0.0,1.2857142857142858,0.0,0.0,0.0,0.0,0.0,2.857142857142857,20.142857142857142,2.0,0.0,7.785714285714286,0.0,15.142857142857142,28.5
2461,0.0,0.0,0.0,0.0,0.0,1.5,0.6,0.4,0.0,0.0,0.0,0.0,0.0,0.0,1.4,15.3,1.5,0.0,1.6,0.0,12.8,23.4
2462,0.03333333333333333,0.45,0.0,0.0,0.0,0.0,0.35,1.05,0.0,0.0,0.0,0.0,0.0,0.0,0.3333333333333333,13.8,0.26666666666666666,0.8833333333333333,4.883333333333334,0.0,11.4,21.7
2463,0.19047619047619047,0.0,0.3333333333333333,0.0,0.0,0.0,0.6666666666666666,0.42857142857142855,1.0476190476190477,0.38095238095238093,0.0,0.0,0.0,0.0,0.5238095238095238,43.23809523809524,1.0,13.095238095238095,5.333333333333333,0.0,10.333333333333334,18.285714285714285
2464,0.875,0.30357142857142855,0.017857142857142856,0.0,0.0,0.0,1.3928571428571428,1.8928571428571428,0.0,1.3928571428571428,0.0,0.0,0.0,0.0,0.39285714285714285,50.05357142857143,2.0714285714285716,0.0,0.0,0.0,26.0,48.25
2465,0.17647058823529413,0.0,0.0,0.0,0.0,0.0,1.0,0.0,0.0,0.0,0.0,0.0,0.0,0.0,0.0,99.1470588235294,1.5588235294117647,0.0,0.0,0.0,26.029411764705884,44.11764705882353
2466,0.37037037037037035,0.0,0.4444444444444444,0.0,0.0,0.0,2.962962962962963,1.962962962962963,0.0,1.6666666666666667,0.0,0.0,0.0,0.0,8.407407407407407,22.962962962962962,2.888888888888889,0.0,1.8888888888888888,0.0,18.074074074074073,29.88888888888889
2467,0.0,0.0,0.0,0.0,1.25,0.0,0.0,0.125,0.0,0.0,2.5,0.0,0.0,0.0,0.0,40.25,0.25,0.0,27.4375,0.0,6.5625,14.0
2468,0.7857142857142857,0.0,0.0,0.0,0.0,0.0,0.10714285714285714,0.8571428571428571,0.0,0.14285714285714285,0.0,0.0,0.0,0.0,0.0,49.392857142857146,0.5,0.0,0.0,0.0,8.214285714285714,13.821428571428571
2469,0.375,0.0,0.0,0.0,0.0,0.0,0.625,0.0,0.0,0.0,0.0,0.0,0.0,0.0,1.375,63.75,0.25,0.0,0.0,0.0,19.875,32.75
2470,1.7777777777777777,0.0,0.0,0.0,0.0,0.0,0.0,0.0,0.0,0.0,0.0,0.0,0.0,0.0,0.0,22.166666666666668,0.2222222222222222,0.0,2.4166666666666665,0.0,17.38888888888889,27.38888888888889
2471,0.16666666666666666,0.6666666666666666,0.0,0.0,0.0,0.0,0.0,0.0,7.055555555555555,0.0,0.0,0.0,0.0,0.0,0.0,15.416666666666666,0.1388888888888889,0.0,0.0,0.0,15.944444444444445,26.333333333333332
2472,0.0,0.0,0.0,0.0,0.0,0.0,1.0,0.0,0.0,0.22857142857142856,0.0,0.0,0.0,0.0,6.114285714285714,45.31428571428572,2.1142857142857143,0.0,0.17142857142857143,0.0,28.742857142857144,48.22857142857143
2473,0.0,0.0,0.0,0.0,0.0,4.48,0.0,0.0,0.0,0.0,0.0,0.0,0.0,0.0,0.0,44.0,0.08,0.0,4.52,0.0,15.92,25.2
2474,1.4807692307692308,0.0,0.0,0.0,10.884615384615385,0.0,0.9807692307692307,2.9423076923076925,0.0,0.3269230769230769,0.0,0.0,0.0,0.0,0.0,27.423076923076923,2.826923076923077,0.0,0.0,0.0,21.692307692307693,38.28846153846154
2475,1.2608695652173914,0.0,0.0,0.0,0.0,0.0,0.0,0.21739130434782608,0.0,0.0,0.0,0.0,0.0,0.0,0.0,20.391304347826086,0.043478260869565216,0.0,0.391304347826087,0.0,18.608695652173914,29.73913043478261
2476,0.4166666666666667,0.0,0.0,0.0,0.0,0.0,1.4166666666666667,0.0,0.0,0.0,0.0,0.0,0.0,0.0,1.0,32.583333333333336,0.3333333333333333,0.0,1.0,0.0,22.916666666666668,41.083333333333336
2477,0.38181818181818183,0.4909090909090909,0.14545454545454545,0.0,0.0,0.0,1.9636363636363636,3.1272727272727274,0.0,0.41818181818181815,0.0,0.0,0.0,0.0,0.14545454545454545,20.927272727272726,2.327272727272727,3.690909090909091,0.3090909090909091,0.0,19.654545454545456,32.8
2478,0.0,0.4375,0.0,0.0,0.0,0.0,0.0,0.0,0.0,0.0,0.0,0.0,0.0,0.0,0.0,48.25,0.4375,0.0,2.6875,0.0,15.5,27.0625
2479,0.0,0.0,0.0,0.0,0.0,0.0,0.5882352941176471,0.7941176470588235,0.6470588235294118,0.20588235294117646,0.0,0.0,0.0,0.0,1.1764705882352942,5.823529411764706,0.5294117647058824,0.0,0.0,0.0,13.352941176470589,22.11764705882353
2480,1.6578947368421053,0.0,0.0,0.0,0.0,2.5526315789473686,0.0,0.02631578947368421,0.0,0.0,2.0,0.0,0.0,0.0,0.0,21.07894736842105,0.0,0.0,1.4736842105263157,2.210526315789474,27.710526315789473,46.26315789473684
2481,0.31666666666666665,0.15,0.55,0.0,0.0,0.0,1.2,2.85,0.0,0.0,0.0,0.0,0.0,0.0,0.0,10.816666666666666,2.5166666666666666,0.0,0.0,0.0,15.983333333333333,24.966666666666665
2482,1.275,0.0,0.0,0.0,0.0,0.0,1.0,2.425,0.025,0.5,0.0,0.0,0.0,0.0,0.0,24.0,2.125,0.875,3.95,0.0,21.95,37.725
2483,1.4,0.0,0.0,0.0,0.37142857142857144,0.0,0.42857142857142855,1.6571428571428573,0.0,0.17142857142857143,0.0,0.0,0.0,0.0,0.0,29.571428571428573,1.9714285714285715,0.0,0.0,0.0,22.057142857142857,37.628571428571426
2484,0.4444444444444444,0.0,0.0,0.0,1.5185185185185186,0.0,0.3333333333333333,1.8518518518518519,0.0,0.0,43.592592592592595,0.0,0.0,0.0,2.8518518518518516,27.59259259259259,0.48148148148148145,0.0,5.2592592592592595,0.0,25.814814814814813,47.851851851851855
2485,1.7592592592592593,0.0,0.0,0.0,0.0,0.0,0.0,0.0,0.0,0.037037037037037035,0.0,0.0,11.018518518518519,0.0,0.0,16.61111111111111,0.0,2.5555555555555554,0.0,1.2037037037037037,13.203703703703704,22.185185185185187
2486,1.56,0.08,0.24,0.0,0.0,0.0,0.6,0.92,0.56,0.68,0.0,0.0,0.0,0.0,0.32,58.76,1.6,9.84,0.84,0.0,30.72,49.88
2487,0.4444444444444444,0.037037037037037035,0.0,0.0,0.0,0.0,0.0,0.0,0.9259259259259259,0.2777777777777778,0.0,0.0,0.0,0.0,0.5925925925925926,22.537037037037038,0.24074074074074073,4.351851851851852,0.0,0.0,13.25925925925926,23.62962962962963
2488,0.96875,0.0,0.0,0.0,0.0,0.0,0.75,0.0,0.0,0.5625,0.0,0.0,0.0,0.0,4.90625,17.4375,2.03125,0.0,5.75,0.0,18.0,27.84375
2489,1.2857142857142858,0.0,0.11428571428571428,0.0,0.0,0.0,0.9142857142857143,0.8285714285714286,2.057142857142857,0.7142857142857143,0.0,0.0,0.0,0.0,5.542857142857143,11.514285714285714,2.1142857142857143,0.0,0.5142857142857142,0.0,27.428571428571427,46.48571428571429
2490,0.5405405405405406,0.0,0.0,0.0,0.0,0.0,1.3243243243243243,1.4594594594594594,0.05405405405405406,0.6486486486486487,0.0,0.0,0.0,0.0,5.648648648648648,8.756756756756756,1.864864864864865,0.0,0.0,0.0,17.43243243243243,30.135135135135137
2491,0.8113207547169812,1.471698113207547,0.0,0.0,0.0,0.0,0.37735849056603776,0.5094339622641509,0.0,0.07547169811320754,0.0,0.0,0.0,0.0,0.0,11.20754716981132,0.7169811320754716,0.0,1.5660377358490567,0.0,17.69811320754717,30.169811320754718
2492,0.7397260273972602,0.0821917808219178,0.2328767123287671,0.0,0.0,0.0,1.0684931506849316,0.821917808219178,0.0,0.4520547945205479,0.0,0.0,0.0,0.0,1.6849315068493151,19.410958904109588,1.2328767123287672,1.4109589041095891,0.2054794520547945,0.0,20.616438356164384,32.082191780821915
2493,0.7894736842105263,0.7368421052631579,0.0,0.0,0.0,0.0,0.10526315789473684,0.21052631578947367,0.0,0.0,0.0,0.0,0.0,0.0,0.0,39.94736842105263,0.631578947368421,0.0,0.0,0.0,22.210526315789473,35.89473684210526
2494,0.0,0.0,0.0,0.0,0.0,0.0,0.09090909090909091,0.0,0.0,0.0,0.0,0.0,2.272727272727273,0.0,0.0,32.54545454545455,0.0,3.8181818181818183,0.8181818181818182,0.0,7.454545454545454,14.636363636363637
2495,1.7419354838709677,0.0,0.0,0.0,0.0,0.0,0.3870967741935484,0.8387096774193549,0.0,0.41935483870967744,0.0,0.0,0.0,0.0,0.0,31.483870967741936,0.6774193548387096,0.45161290322580644,6.709677419354839,0.0,18.741935483870968,33.193548387096776
2496,1.6578947368421053,0.42105263157894735,0.05263157894736842,0.0,0.0,0.0,1.394736842105263,0.3157894736842105,0.02631578947368421,0.6842105263157895,0.0,0.0,0.0,0.0,0.0,24.18421052631579,2.8157894736842106,0.0,0.5,0.0,27.710526315789473,40.55263157894737
2497,0.48484848484848486,0.0,0.0,0.0,2.484848484848485,0.0,0.5151515151515151,0.6666666666666666,0.0,0.18181818181818182,0.0,0.0,0.0,0.0,0.9696969696969697,35.696969696969695,0.696969696969697,0.0,0.0,0.0,21.939393939393938,36.96969696969697
2498,0.32558139534883723,0.0,0.0,0.0,7.465116279069767,0.16279069767441862,0.4418604651162791,1.5116279069767442,0.0,0.18604651162790697,21.58139534883721,0.0,0.0,0.0,0.0,55.093023255813954,1.302325581395349,0.0,7.093023255813954,0.0,18.27906976744186,33.25581395348837
2499,2.22,0.0,0.0,0.0,0.0,0.0,0.0,0.0,0.0,0.34,0.0,0.0,6.56,0.0,0.0,25.54,0.0,5.54,1.34,3.54,23.42,38.64
2500,1.0985915492957747,1.3380281690140845,0.0,0.0,0.0,0.0,2.028169014084507,2.492957746478873,0.014084507042253521,0.5070422535211268,0.0,0.0,0.0,0.0,0.0,9.816901408450704,2.507042253521127,0.22535211267605634,0.49295774647887325,0.0,22.633802816901408,38.74647887323944
2501,1.0,0.0,0.0,0.0,0.0,0.0,0.0,0.07407407407407407,3.5555555555555554,0.0,0.0,0.0,0.0,0.0,0.0,10.407407407407407,0.037037037037037035,0.0,0.0,0.0,15.25925925925926,25.666666666666668
2502,1.0833333333333333,0.0,0.0,0.0,0.0,0.0,0.0,0.0,0.0,0.0,0.0,0.0,7.833333333333333,0.0,0.0,10.333333333333334,0.0,3.4444444444444446,0.0,0.0,9.166666666666666,15.63888888888889
2503,0.0,1.8235294117647058,0.0,0.0,0.0,0.0,0.11764705882352941,0.0,0.0,0.0,0.0,0.0,0.0,0.0,0.0,44.88235294117647,0.29411764705882354,0.0,4.352941176470588,0.0,13.117647058823529,21.823529411764707
2504,0.4782608695652174,0.0,0.0,0.0,0.0,0.0,0.15217391304347827,0.0,3.652173913043478,0.06521739130434782,0.0,0.0,0.0,0.0,0.0,32.0,0.15217391304347827,0.0,0.0,0.0,25.369565217391305,44.23913043478261
2505,0.3225806451612903,0.0,0.24731182795698925,0.0,0.0,0.0,1.2150537634408602,2.096774193548387,1.1505376344086022,0.3118279569892473,0.0,0.0,0.0,0.0,0.0,16.258064516129032,2.139784946236559,1.021505376344086,2.139784946236559,0.0,16.978494623655912,27.634408602150536
2506,0.35294117647058826,0.8235294117647058,0.17647058823529413,0.0,0.0,0.0,1.0,0.7647058823529411,0.0,0.35294117647058826,0.0,0.0,0.0,0.0,0.0,34.8235294117647,1.4705882352941178,0.0,0.0,0.0,15.470588235294118,27.41176470588235
2507,0.4583333333333333,0.0,0.0,0.0,0.0,0.0,1.4166666666666667,2.3333333333333335,0.0,0.7083333333333334,0.0,0.0,0.0,0.0,0.0,67.5,2.2916666666666665,0.0,0.0,0.0,9.833333333333334,21.0
2508,0.6,0.52,0.0,0.0,0.0,0.0,0.04,0.6,0.04,0.0,0.0,0.0,0.0,0.0,0.04,26.72,0.04,0.0,3.88,0.0,11.72,19.24
2509,2.0,0.0,0.0,0.0,0.0,0.0,0.0,0.0,0.0,0.0,0.0,0.0,0.0,0.0,0.0,71.5,0.2,0.0,11.5,0.0,14.7,32.6
2510,0.0,0.3333333333333333,0.0,0.0,0.0,0.0,1.4,0.0,0.4666666666666667,0.0,0.0,0.0,0.0,0.0,0.9333333333333333,11.666666666666666,2.066666666666667,7.066666666666666,0.0,0.0,8.266666666666667,14.133333333333333
2511,1.0666666666666667,0.26666666666666666,0.3333333333333333,0.0,0.0,0.13333333333333333,1.5333333333333334,2.6,0.0,0.0,0.0,0.0,0.0,0.0,0.0,66.2,2.1333333333333333,0.0,0.0,0.0,20.733333333333334,31.866666666666667
2512,1.7307692307692308,0.0,0.0,0.0,0.0,0.0,0.9615384615384616,1.4230769230769231,0.0,0.2692307692307692,0.0,0.0,0.0,0.0,1.3076923076923077,19.23076923076923,1.0769230769230769,0.0,0.0,0.0,24.807692307692307,45.38461538461539
2513,1.9047619047619047,0.0,0.38095238095238093,0.0,0.0,0.0,1.7142857142857142,1.9523809523809523,0.09523809523809523,0.8095238095238095,0.0,0.0,0.0,0.0,0.6666666666666666,33.857142857142854,1.5714285714285714,0.0,3.7142857142857144,0.0,27.523809523809526,49.0
2514,0.8545454545454545,0.0,0.0,0.0,2.309090909090909,0.0,0.8545454545454545,2.5272727272727273,0.05454545454545454,0.10909090909090909,1.8181818181818181,0.0,0.0,0.0,0.18181818181818182,27.4,1.6181818181818182,0.0,2.6,0.0,22.654545454545456,38.345454545454544
2515,3.5714285714285716,0.0,0.0,0.0,4.142857142857143,0.0,1.5714285714285714,3.7142857142857144,0.0,2.142857142857143,4.0,0.0,0.0,0.0,0.42857142857142855,41.714285714285715,2.2857142857142856,0.0,7.0,0.0,13.714285714285714,23.857142857142858
2516,0.0,0.0,0.0,0.0,0.0,0.0,0.8333333333333334,2.388888888888889,0.0,0.0,0.0,0.0,0.0,0.0,0.0,34.111111111111114,0.8888888888888888,0.0,0.0,0.0,15.11111111111111,22.38888888888889
2517,1.2307692307692308,0.0,0.0,1.3076923076923077,0.0,1.0,0.0,0.0,0.0,0.0,0.0,0.0,0.0,0.0,0.0,31.76923076923077,0.23076923076923078,0.0,4.769230769230769,0.0,33.0,61.30769230769231
2518,2.8857142857142857,0.0,0.0,0.0,0.0,0.0,0.0,0.0,0.0,0.37142857142857144,0.0,0.0,3.6,0.0,0.0,46.48571428571429,0.0,8.685714285714285,0.0,2.4571428571428573,21.942857142857143,34.6
2519,1.2727272727272727,0.09090909090909091,0.0,0.0,0.0,0.0,1.5151515151515151,0.7272727272727273,0.0,0.21212121212121213,0.0,0.0,0.0,0.0,2.4242424242424243,33.96969696969697,1.4242424242424243,0.0,0.8484848484848485,0.0,15.515151515151516,26.545454545454547
2520,0.5806451612903226,1.1612903225806452,0.0,0.0,0.0,0.0,0.06451612903225806,0.0,0.0,0.3548387096774194,0.0,0.0,0.0,0.0,0.0,48.45161290322581,0.5483870967741935,2.7419354838709675,0.12903225806451613,0.0,21.580645161290324,36.16129032258065
2521,0.2857142857142857,0.0,0.0,0.0,0.0,0.0,1.2142857142857142,0.7142857142857143,0.6428571428571429,0.07142857142857142,0.0,0.0,0.0,0.0,4.285714285714286,29.714285714285715,3.0,0.5714285714285714,0.0,0.0,11.285714285714286,19.571428571428573
2522,0.0,0.0,0.0,0.0,0.0,0.0,1.0357142857142858,1.8214285714285714,0.0,0.6428571428571429,0.0,0.0,0.0,0.0,0.2857142857142857,80.07142857142857,1.5,0.0,1.7857142857142858,0.0,30.5,52.392857142857146
2523,0.9,0.0,0.0,0.0,0.0,0.0,0.8,0.05,0.0,0.0,0.0,0.0,0.0,0.0,1.5,44.7,2.65,0.0,5.0,0.0,16.0,27.65
2524,0.8709677419354839,1.7096774193548387,0.0,0.0,0.0,0.0,0.12903225806451613,0.03225806451612903,0.6451612903225806,0.0,0.0,0.0,0.0,0.0,0.0,9.0,0.3548387096774194,7.193548387096774,8.451612903225806,0.7096774193548387,16.967741935483872,30.258064516129032
2525,0.6153846153846154,0.676923076923077,0.0,0.0,0.0,0.0,1.9538461538461538,3.4615384615384617,0.0,0.5076923076923077,0.0,0.0,0.0,0.0,0.0,57.96923076923077,2.169230769230769,0.0,0.6,0.0,25.476923076923075,41.738461538461536
2526,0.0,0.0,0.0,0.0,0.0,0.0,0.3333333333333333,0.0,0.0,0.0,20.75925925925926,0.0,0.0,0.0,0.0,35.72222222222222,2.0555555555555554,1.0925925925925926,0.6111111111111112,0.0,24.0,41.870370370370374
2527,0.0,0.0,0.0,0.0,1.5,0.0,0.6666666666666666,0.0,0.5666666666666667,0.6,6.183333333333334,0.0,0.0,0.0,2.35,18.533333333333335,1.15,3.2,1.3333333333333333,0.0,14.6,23.45
2528,0.0,0.0,0.0,0.0,0.0,0.0,0.0,0.0,0.0,0.0,0.0,0.0,0.0,0.0,0.0,28.714285714285715,0.14285714285714285,0.0,0.0,0.0,11.19047619047619,20.142857142857142
2529,1.103448275862069,0.0,0.0,0.0,0.0,0.0,0.7586206896551724,0.7241379310344828,0.0,0.0,0.10344827586206896,0.0,0.41379310344827586,0.0,0.6551724137931034,26.17241379310345,0.896551724137931,1.9655172413793103,1.8275862068965518,0.0,22.310344827586206,38.62068965517241
2530,0.2222222222222222,0.0,0.3333333333333333,0.0,0.0,0.0,1.1851851851851851,3.2962962962962963,0.07407407407407407,0.37037037037037035,0.0,0.0,0.0,0.0,0.0,31.074074074074073,2.5185185185185186,0.37037037037037035,2.4444444444444446,0.0,11.703703703703704,20.555555555555557
2531,0.6923076923076923,0.0,0.5769230769230769,0.0,3.8461538461538463,0.0,1.2692307692307692,2.230769230769231,0.0,0.19230769230769232,0.0,0.0,0.0,0.0,0.7307692307692307,23.692307692307693,3.0,0.0,1.4615384615384615,0.0,19.692307692307693,32.5
2532,0.631578947368421,0.0,0.0,0.0,0.0,0.0,0.0,0.5789473684210527,0.0,0.0,0.0,0.0,0.0,0.0,0.0,40.05263157894737,1.5263157894736843,2.9473684210526314,4.842105263157895,0.0,19.736842105263158,34.473684210526315
2533,0.0,0.0,0.0,0.0,0.0,0.0,0.0,0.46153846153846156,0.0,0.0,0.0,0.0,0.0,0.0,0.0,39.46153846153846,0.19230769230769232,0.0,3.4615384615384617,0.0,19.0,33.53846153846154
2534,0.34615384615384615,0.0,0.0,0.0,0.0,0.0,0.0,0.0,0.19230769230769232,0.0,0.0,0.0,0.0,0.0,0.0,38.96153846153846,0.07692307692307693,0.0,3.1923076923076925,0.0,15.576923076923077,24.384615384615383
2535,0.8269230769230769,0.09615384615384616,0.07692307692307693,0.0,0.0,0.0,0.9230769230769231,2.173076923076923,0.2692307692307692,0.34615384615384615,0.0,0.0,0.0,0.0,0.1346153846153846,14.557692307692308,2.230769230769231,0.0,1.8846153846153846,0.0,23.01923076923077,34.82692307692308
2536,1.1956521739130435,0.021739130434782608,0.043478260869565216,0.0,0.0,0.0,1.1956521739130435,1.3043478260869565,0.0,0.32608695652173914,0.0,0.0,0.0,0.0,1.1956521739130435,31.108695652173914,1.391304347826087,5.956521739130435,0.0,0.0,13.043478260869565,23.347826086956523
2537,0.0,0.0,0.0,0.0,0.0,0.0,0.0,0.0,0.0,0.0,0.0,0.0,0.0,0.0,0.0,54.166666666666664,0.0,0.0,0.0,0.0,4.833333333333333,10.5
2538,1.7407407407407407,0.0,0.0,0.8518518518518519,1.5185185185185186,0.0,1.1111111111111112,2.2222222222222223,0.2962962962962963,1.037037037037037,4.703703703703703,0.0,0.0,0.0,0.07407407407407407,13.074074074074074,1.4814814814814814,0.0,0.7037037037037037,0.0,41.2962962962963,67.92592592592592
2539,3.0416666666666665,0.0,0.0,0.0,0.0,0.0,0.125,0.16666666666666666,0.0,0.0,0.0,0.0,1.75,0.0,0.0,27.75,0.2916666666666667,10.541666666666666,6.083333333333333,1.25,28.541666666666668,52.833333333333336
2540,0.11538461538461539,0.0,0.0,0.0,0.0,0.0,0.7307692307692307,1.2692307692307692,0.0,0.0,0.0,0.0,0.0,0.0,0.0,35.15384615384615,0.7692307692307693,2.6923076923076925,0.0,0.0,20.03846153846154,38.30769230769231
2541,0.0,0.52,0.0,0.0,0.0,0.0,0.36,0.2,0.0,0.0,0.0,0.0,0.0,0.0,0.0,11.16,0.28,1.44,3.56,0.0,8.72,21.92
2542,0.019230769230769232,0.0,0.0,0.0,0.0,0.0,2.3461538461538463,2.8846153846153846,0.038461538461538464,0.5192307692307693,0.0,0.0,0.0,0.0,0.0,26.076923076923077,1.3076923076923077,0.8846153846153846,5.846153846153846,0.0,15.0,26.384615384615383
2543,1.1578947368421053,0.8157894736842105,0.27631578947368424,0.0,0.5526315789473685,0.0,0.9605263157894737,2.8157894736842106,0.0,0.27631578947368424,0.0,0.0,0.0,0.0,0.02631578947368421,32.026315789473685,3.5526315789473686,0.0,0.0,0.0,26.144736842105264,42.23684210526316
2544,0.0,0.0,0.0,0.7857142857142857,0.0,0.0,1.4285714285714286,0.0,0.0,0.0,0.0,0.0,0.0,0.0,5.857142857142857,21.0,0.9285714285714286,0.0,5.214285714285714,0.0,35.714285714285715,55.142857142857146
2545,0.5,0.0,0.0,0.0,0.0,0.0,0.0,0.0,0.0,0.0,0.0,0.0,0.0,0.0,0.0,55.75,0.0,0.0,0.0,0.0,11.5,16.25
2546,0.0,0.0,0.0,0.0,0.0,0.0,0.0,0.0,6.333333333333333,0.0,0.0,0.0,0.0,0.0,0.03333333333333333,17.833333333333332,0.13333333333333333,0.0,0.0,0.0,18.933333333333334,34.766666666666666
2547,1.7777777777777777,0.0,0.0,0.0,0.0,0.0,0.7037037037037037,0.4074074074074074,0.8333333333333334,0.5555555555555556,0.0,0.0,0.0,0.0,3.3518518518518516,21.925925925925927,1.3518518518518519,0.0,2.0185185185185186,0.0,27.814814814814813,48.51851851851852
2548,0.4473684210526316,0.0,0.0,0.0,0.0,0.0,0.0,0.0,0.0,0.02631578947368421,0.0,0.0,0.0,0.0,3.1052631578947367,32.86842105263158,1.5263157894736843,0.18421052631578946,0.0,0.0,23.36842105263158,38.60526315789474
2549,1.3076923076923077,0.0,0.0,0.15384615384615385,0.0,0.0,2.4615384615384617,3.8461538461538463,0.0,0.0,0.0,0.0,0.0,0.0,0.38461538461538464,25.307692307692307,2.6153846153846154,0.0,6.153846153846154,0.0,9.23076923076923,15.846153846153847
2550,0.0,0.0,0.0,0.0,1.4444444444444444,0.0,2.0,0.8888888888888888,0.0,0.1111111111111111,0.0,0.0,0.0,0.0,2.6666666666666665,102.55555555555556,0.8888888888888888,0.0,0.6666666666666666,0.0,14.444444444444445,24.555555555555557
2551,1.4,0.0,0.3,0.0,0.0,0.0,0.95,1.4,0.8,0.65,0.0,0.0,0.0,0.0,1.65,23.55,2.05,0.75,2.3,0.0,28.65,45.9
2552,0.9333333333333333,0.6888888888888889,0.0,0.0,0.0,0.0,0.17777777777777778,0.044444444444444446,0.0,0.0,0.0,0.0,0.0,0.0,0.0,40.955555555555556,0.4222222222222222,0.0,1.3777777777777778,0.0,19.955555555555556,29.844444444444445
2553,0.3888888888888889,0.5555555555555556,0.2222222222222222,0.0,18.833333333333332,0.0,1.7222222222222223,2.111111111111111,0.0,0.0,0.0,0.0,0.0,0.0,7.5,18.27777777777778,2.7222222222222223,0.0,1.0,0.0,17.0,27.11111111111111
2554,0.9333333333333333,0.0,0.0,0.0,0.0,0.0,1.0,0.0,0.0,0.0,0.0,0.0,0.0,0.0,0.0,51.13333333333333,1.4,2.066666666666667,1.5333333333333334,0.0,23.8,40.2
2555,0.9024390243902439,0.0,0.0,0.0,0.0,0.0,1.1219512195121952,2.048780487804878,0.0,0.0,0.0,0.0,0.0,0.0,0.0,35.829268292682926,1.7073170731707317,0.0,0.0,0.0,16.24390243902439,29.75609756097561
2556,1.0,0.0,0.0,0.0,0.0,0.0,0.0,0.0,0.0,0.0,0.0,0.0,0.0,0.0,0.0,71.5909090909091,0.22727272727272727,10.0,0.0,0.0,9.954545454545455,18.727272727272727
2557,0.7073170731707317,0.0,0.0,0.0,0.0,0.0,1.6829268292682926,1.829268292682927,0.0,0.6097560975609756,0.0,0.0,0.0,0.0,0.0,44.90243902439025,1.6829268292682926,0.0,0.0,0.0,19.4390243902439,34.5609756097561
2558,0.0,0.0,0.0,0.0,2.76,11.4,0.96,0.0,0.0,0.04,5.52,0.0,0.0,0.0,2.8,10.0,0.76,0.0,1.64,10.52,20.68,36.6
2559,0.5625,0.21875,0.1875,0.0,0.0,0.0,2.40625,1.65625,0.0,0.75,0.0,0.0,0.0,0.0,4.8125,15.46875,3.75,0.0,0.0,0.0,17.3125,31.5
2560,0.0,0.0,0.0,0.0,0.0,0.0,0.2,1.5333333333333334,0.0,0.0,0.0,0.0,0.0,0.0,0.0,71.93333333333334,2.6666666666666665,0.0,0.0,0.0,10.733333333333333,17.733333333333334
2561,0.0,0.0,0.0,0.0,0.0,0.0,0.0,0.08333333333333333,2.3333333333333335,0.16666666666666666,0.0,0.0,0.0,0.0,0.4166666666666667,39.833333333333336,0.16666666666666666,2.9166666666666665,0.0,0.0,14.5,24.75
2562,0.9636363636363636,0.01818181818181818,0.0,0.0,0.12727272727272726,0.0,0.6727272727272727,0.21818181818181817,0.07272727272727272,0.07272727272727272,0.0,0.0,0.0,0.0,0.9818181818181818,26.054545454545455,1.0727272727272728,5.836363636363636,0.10909090909090909,0.0,19.927272727272726,32.61818181818182
2563,0.52,0.28,0.16,0.0,0.0,0.0,1.0,2.6,0.0,0.36,0.0,0.0,0.0,0.0,0.0,26.04,1.92,0.0,0.0,0.0,23.28,42.64
2564,0.875,0.0,0.0,0.0,0.0,0.0,0.0,0.0,0.0,0.0,0.0,0.0,0.0,0.0,0.0,72.375,0.40625,0.0,0.0,0.0,28.0625,49.53125
2565,0.7096774193548387,0.0,0.0,0.0,4.580645161290323,0.0,1.2903225806451613,2.3870967741935485,0.0,0.5806451612903226,0.0,0.0,0.0,0.0,0.0,56.61290322580645,2.096774193548387,0.0,2.129032258064516,0.0,30.580645161290324,53.96774193548387
2566,0.6521739130434783,0.0,0.0,0.0,0.0,0.0,0.13043478260869565,0.4782608695652174,1.0,0.0,0.0,0.0,0.0,0.0,0.0,31.304347826086957,0.30434782608695654,0.0,4.478260869565218,0.0,18.608695652173914,31.73913043478261
2567,1.3448275862068966,0.0,0.0,0.0,0.0,0.0,1.3448275862068966,3.413793103448276,0.13793103448275862,0.9655172413793104,0.0,0.0,0.0,0.0,0.034482758620689655,57.41379310344828,2.896551724137931,0.0,3.6551724137931036,0.0,24.482758620689655,43.55172413793103
2568,0.8703703703703703,0.0,0.0,0.0,0.0,0.0,0.42592592592592593,0.24074074074074073,0.0,0.018518518518518517,0.0,0.0,0.0,0.0,0.12962962962962962,37.148148148148145,0.6111111111111112,0.5185185185185185,0.0,0.0,14.88888888888889,24.01851851851852
2569,0.0,0.0,0.0,0.0,1.3461538461538463,0.0,0.1282051282051282,0.0,2.948717948717949,0.0,1.9871794871794872,0.0,0.0,0.0,0.0,16.935897435897434,0.0641025641025641,1.4615384615384615,0.0,1.2179487179487178,15.0,29.96153846153846
2570,0.0,0.0,0.0,0.875,5.84375,0.0,0.46875,1.09375,0.0,0.0625,2.6875,0.0,0.0,0.0,0.0,25.1875,0.4375,0.0,1.9375,0.0,20.75,39.0
2571,2.238095238095238,0.0,0.0,0.0,0.0,0.0,0.0,0.14285714285714285,0.0,0.38095238095238093,0.0,0.0,6.444444444444445,0.0,0.0,15.079365079365079,0.0,6.5396825396825395,0.6666666666666666,1.8412698412698412,15.746031746031745,26.333333333333332
2572,0.875,0.0,0.0,0.0,0.0,0.0,1.3958333333333333,3.4791666666666665,0.0,0.5,0.0,0.0,0.0,0.0,0.5416666666666666,57.041666666666664,2.7291666666666665,0.0,3.6041666666666665,0.0,16.020833333333332,26.666666666666668
2573,0.8837209302325582,0.0,0.0,0.0,0.0,0.0,0.0,0.0,0.0,0.0,0.0,0.0,0.0,0.0,0.0,76.53488372093024,0.5581395348837209,0.5581395348837209,0.0,0.0,24.488372093023255,42.23255813953488
2574,2.3877551020408165,0.0,0.0,0.0,0.0,0.0,0.5714285714285714,1.183673469387755,0.24489795918367346,0.5306122448979592,0.0,0.0,0.0,0.0,2.4285714285714284,29.448979591836736,1.6122448979591837,0.0,8.448979591836734,0.0,28.183673469387756,48.204081632653065
2575,0.0,0.0,0.0,0.16216216216216217,0.5135135135135135,0.0,0.0,0.02702702702702703,0.0,0.0,11.18918918918919,0.0,0.0,0.0,0.0,17.35135135135135,0.08108108108108109,0.0,2.2162162162162162,0.0,10.08108108108108,22.10810810810811
2576,1.4814814814814814,0.0,0.0,0.0,0.037037037037037035,0.0,0.2962962962962963,1.7407407407407407,0.0,0.37037037037037035,0.0,0.0,0.0,0.0,0.14814814814814814,30.962962962962962,1.2592592592592593,0.0,0.0,0.0,20.51851851851852,37.407407407407405
2577,0.38513513513513514,0.0,0.0,0.0,0.0,0.0,0.0,0.6891891891891891,0.0,0.0,0.0,0.0,0.0,0.0,0.0,10.89864864864865,0.14189189189189189,1.9932432432432432,0.0,0.0,11.304054054054054,21.06081081081081
2578,2.689655172413793,0.0,0.0,0.0,0.0,0.0,0.10344827586206896,0.0,0.0,0.0,0.0,0.0,2.6551724137931036,0.0,0.0,20.17241379310345,0.3448275862068966,4.827586206896552,3.9655172413793105,3.4827586206896552,33.793103448275865,62.44827586206897
2579,4.254901960784314,0.0,0.0,0.0,0.0,0.0,0.0,1.9019607843137254,0.0,0.47058823529411764,0.0,0.0,0.0392156862745098,0.0,0.0,12.764705882352942,0.11764705882352941,4.176470588235294,0.0,9.686274509803921,21.705882352941178,35.470588235294116
2580,0.5529411764705883,0.9294117647058824,0.11764705882352941,0.0,0.0,0.0,1.9176470588235295,0.8117647058823529,0.29411764705882354,0.38823529411764707,0.0,0.0,0.0,0.0,0.0,11.058823529411764,1.6352941176470588,3.4705882352941178,1.4823529411764707,0.09411764705882353,25.823529411764707,42.8235294117647
2581,0.8301886792452831,0.18867924528301888,0.018867924528301886,0.0,0.0,0.0,0.4339622641509434,0.49056603773584906,1.2830188679245282,0.05660377358490566,0.0,0.0,0.0,0.0,0.0,13.150943396226415,0.5849056603773585,6.566037735849057,0.0,0.9433962264150944,12.90566037735849,21.69811320754717
2582,0.98,0.1,0.22,0.0,0.0,0.0,1.62,4.3,0.0,0.7,0.0,0.0,0.0,0.0,0.0,29.28,5.1,0.0,0.0,0.0,28.46,46.92
2583,0.0,0.0,0.0,0.0,0.0,11.5,0.2777777777777778,0.0,0.0,1.0,6.888888888888889,0.0,0.0,0.0,4.722222222222222,9.222222222222221,0.6111111111111112,0.0,4.277777777777778,3.2222222222222223,23.166666666666668,44.05555555555556
2584,0.8888888888888888,0.0,0.022222222222222223,0.0,5.355555555555555,0.0,1.2666666666666666,3.022222222222222,0.0,0.08888888888888889,0.4444444444444444,0.0,0.0,0.0,0.022222222222222223,50.82222222222222,2.977777777777778,0.0,1.1777777777777778,0.0,19.11111111111111,29.31111111111111
2585,0.09302325581395349,0.0,0.0,0.0,0.0,0.9534883720930233,1.2325581395348837,0.0,0.0,0.13953488372093023,0.0,0.0,0.0,0.0,0.0,39.02325581395349,0.7674418604651163,0.0,0.0,0.0,23.3953488372093,37.74418604651163
2586,0.2222222222222222,0.0,0.0,0.0,0.0,0.0,0.0,0.0,0.0,0.0,0.0,0.0,0.0,0.0,0.0,37.370370370370374,0.18518518518518517,0.0,0.0,0.0,15.925925925925926,28.11111111111111
2587,1.22,0.0,0.0,0.0,0.0,0.0,0.0,0.0,0.0,0.0,0.0,0.0,0.0,0.0,0.0,23.74,0.0,10.4,0.0,0.0,10.04,19.72
2588,0.0,0.0,0.0,0.0,0.0,0.0,0.0,0.0,0.0,0.0,1.3076923076923077,0.0,0.0,0.0,0.0,19.28205128205128,0.0,0.0,7.17948717948718,0.0,14.564102564102564,30.435897435897434
2589,0.7941176470588235,0.0,0.0,0.0,0.0,0.0,0.0,0.9705882352941176,0.0,0.08823529411764706,0.0,0.0,0.0,0.0,0.0,10.0,0.11764705882352941,4.323529411764706,0.0,1.9705882352941178,9.264705882352942,16.5
2590,1.3888888888888888,0.0,0.0,0.0,0.0,0.0,1.3333333333333333,1.5555555555555556,0.027777777777777776,0.25,0.0,0.0,0.0,0.0,0.08333333333333333,56.888888888888886,1.9722222222222223,1.3055555555555556,2.0833333333333335,0.0,10.63888888888889,17.0
2591,1.7254901960784315,0.0,0.0,0.0,0.0,0.0,0.0784313725490196,0.0,0.13725490196078433,0.13725490196078433,0.0,0.0,0.0,0.0,1.1568627450980393,23.88235294117647,0.9019607843137255,0.6078431372549019,0.4117647058823529,0.0,24.07843137254902,40.450980392156865
2592,2.608695652173913,0.0,0.0,0.0,0.0,0.0,0.0,0.0,0.0,0.0,0.0,0.0,3.0,0.0,0.0,20.217391304347824,0.0,2.782608695652174,1.3478260869565217,0.0,34.130434782608695,55.78260869565217
2593,1.4827586206896552,0.3448275862068966,0.13793103448275862,0.0,0.0,0.0,0.8275862068965517,1.4827586206896552,2.7241379310344827,0.3793103448275862,0.0,0.0,0.0,0.0,0.5172413793103449,34.86206896551724,0.896551724137931,4.862068965517241,4.137931034482759,0.0,17.724137931034484,30.344827586206897
2594,0.38461538461538464,0.0,0.0,0.0,0.0,0.0,0.0,0.0,0.0,0.0,0.0,0.0,0.0,0.0,0.0,13.23076923076923,0.38461538461538464,0.0,0.0,0.0,2.230769230769231,7.3076923076923075
2595,2.3333333333333335,0.0,0.0,0.0,0.0,0.0,0.0,0.0,0.0,0.0,0.0,0.0,1.4166666666666667,0.0,0.0,34.0,0.25,20.291666666666668,0.0,0.0,5.916666666666667,10.791666666666666
2596,0.6744186046511628,0.0,0.0,0.0,0.0,0.0,1.1162790697674418,1.1162790697674418,0.0,0.0,0.0,0.0,0.0,0.0,0.0,49.72093023255814,1.0232558139534884,0.0,12.418604651162791,0.0,18.11627906976744,31.511627906976745
2597,0.0,0.0,0.0,0.0,0.0,0.0,0.06060606060606061,0.0,0.0,0.0,0.0,0.0,0.0,1.606060606060606,0.0,59.36363636363637,0.24242424242424243,5.181818181818182,0.24242424242424243,0.0,13.484848484848484,21.848484848484848
2598,0.42857142857142855,0.0,0.0,0.0,0.0,0.0,0.07142857142857142,0.0,0.0,0.32142857142857145,0.0,0.0,0.0,0.03571428571428571,0.0,45.964285714285715,0.4642857142857143,1.0357142857142858,0.0,0.0,17.75,33.107142857142854
2599,0.3409090909090909,0.0,0.0,0.0,0.0,0.0,0.18181818181818182,0.45454545454545453,2.772727272727273,0.0,0.0,0.0,0.0,0.0,0.0,43.0,0.7045454545454546,0.22727272727272727,0.18181818181818182,0.0,26.454545454545453,43.25
2600,0.0,0.0,0.0,0.0,0.8571428571428571,0.0,0.8285714285714286,0.4857142857142857,0.2857142857142857,0.0,0.0,0.0,0.0,0.0,2.257142857142857,15.742857142857142,1.5142857142857142,0.0,5.2,0.0,12.942857142857143,21.714285714285715
2601,0.0,0.0,0.0,0.0,0.0,0.45614035087719296,0.8771929824561403,0.543859649122807,0.0,0.0,0.47368421052631576,0.0,0.0,0.0,2.1578947368421053,21.964912280701753,1.263157894736842,0.0,4.175438596491228,2.4210526315789473,30.280701754385966,54.43859649122807
2602,0.6949152542372882,0.6440677966101694,0.22033898305084745,0.0,0.0,0.0,1.2372881355932204,1.6779661016949152,0.0,0.4067796610169492,0.0,0.0,0.0,0.0,0.576271186440678,29.54237288135593,1.0338983050847457,1.2033898305084745,1.8983050847457628,0.0,20.06779661016949,33.05084745762712
2603,0.9444444444444444,0.0,0.2222222222222222,0.0,0.0,0.0,0.9722222222222222,2.9722222222222223,0.5277777777777778,0.5555555555555556,0.0,0.0,0.0,0.0,0.0,32.27777777777778,2.0277777777777777,1.75,0.0,0.0,21.333333333333332,34.138888888888886
2604,1.3333333333333333,0.6666666666666666,0.25,0.0,0.0,0.0,1.5,2.3333333333333335,0.0,0.6944444444444444,0.0,0.0,0.0,0.0,0.9444444444444444,48.111111111111114,1.7222222222222223,0.0,4.75,0.0,36.72222222222222,59.5
2605,0.2,0.0,0.0,0.0,0.0,0.0,0.11428571428571428,0.0,5.314285714285714,0.08571428571428572,0.0,0.0,0.0,0.0,1.8857142857142857,29.62857142857143,1.457142857142857,3.142857142857143,0.0,2.4571428571428573,19.428571428571427,34.22857142857143
2606,0.0,0.0,0.0,0.0,0.0,0.0,0.16666666666666666,0.0,1.0476190476190477,0.11904761904761904,0.0,0.0,0.0,0.0,0.30952380952380953,37.5,0.5952380952380952,5.309523809523809,0.0,0.0,20.261904761904763,33.095238095238095
2607,0.47619047619047616,0.14285714285714285,0.0,0.0,0.47619047619047616,0.0,1.4285714285714286,0.8571428571428571,0.0,0.14285714285714285,0.0,0.0,0.0,0.0,2.5238095238095237,35.04761904761905,2.6666666666666665,1.5714285714285714,0.19047619047619047,0.0,34.04761904761905,59.095238095238095
2608,0.8571428571428571,0.0,0.0,0.0,0.0,0.0,0.0,0.0,0.0,0.0,0.0,0.0,0.0,0.0,0.0,55.42857142857143,0.42857142857142855,0.0,0.0,0.0,12.142857142857142,18.857142857142858
2609,0.0,0.0,0.0,0.0,0.0,0.0,1.7692307692307692,1.5384615384615385,0.3076923076923077,0.5384615384615384,0.0,0.0,0.0,0.0,1.2307692307692308,25.76923076923077,1.0,0.0,1.2307692307692308,0.0,4.846153846153846,8.846153846153847
2610,0.05,0.0,0.05,0.0,0.0,0.0,0.4,3.1,0.0,0.15,0.0,0.0,0.0,0.0,0.0,53.2,3.0,0.0,0.0,0.0,27.05,48.2
2611,0.7948717948717948,0.0,0.0,0.0,0.0,0.0,0.0,0.1794871794871795,0.0,0.0,0.0,0.0,0.0,0.0,0.0,31.55128205128205,0.05128205128205128,0.9230769230769231,0.02564102564102564,0.0,13.076923076923077,23.807692307692307
2612,1.4827586206896552,0.0,0.0,0.0,0.0,0.0,0.0,0.0,0.034482758620689655,0.0,0.0,0.0,2.0,0.0,0.0,14.931034482758621,0.20689655172413793,1.9310344827586208,7.0344827586206895,2.6206896551724137,34.51724137931034,60.724137931034484
2613,0.0,0.0,0.0,0.0,0.0,0.0,0.4166666666666667,0.4166666666666667,0.0,0.0,0.0,0.0,0.0,0.0,0.6666666666666666,104.83333333333333,0.3333333333333333,0.0,1.25,0.0,6.666666666666667,16.25
2614,0.717391304347826,0.6086956521739131,0.0,0.0,0.0,0.0,0.08695652173913043,0.0,0.0,0.21739130434782608,0.0,0.0,0.0,0.0,0.0,49.04347826086956,0.32608695652173914,0.0,0.0,0.0,29.652173913043477,53.608695652173914
2615,1.0,0.0,0.0,0.0,0.0,0.0,0.0,0.0,0.5454545454545454,0.0,0.0,0.0,0.030303030303030304,0.0,0.0,19.606060606060606,0.030303030303030304,0.45454545454545453,0.30303030303030304,0.0,21.333333333333332,33.57575757575758
2616,0.6857142857142857,0.08571428571428572,0.05714285714285714,0.0,0.0,0.0,1.6,2.6857142857142855,0.0,0.5428571428571428,0.0,0.0,0.0,0.0,0.0,37.885714285714286,2.6857142857142855,2.2,1.9142857142857144,0.0,22.771428571428572,41.65714285714286
2617,1.1395348837209303,0.20930232558139536,0.18604651162790697,0.0,0.0,0.0,2.255813953488372,1.2790697674418605,0.0,0.9534883720930233,0.0,0.0,0.0,0.0,2.9767441860465116,26.441860465116278,3.2325581395348837,0.0,8.186046511627907,0.0,23.093023255813954,38.30232558139535
2618,0.4418604651162791,0.0,0.0,0.0,0.0,0.0,1.5348837209302326,2.5348837209302326,0.8372093023255814,0.09302325581395349,0.0,0.0,0.0,0.0,0.13953488372093023,18.72093023255814,1.5813953488372092,0.4186046511627907,3.9767441860465116,0.0,17.651162790697676,31.651162790697676
2619,0.0,0.0,0.0,0.1509433962264151,2.7547169811320753,0.0,0.0,0.0,1.7735849056603774,0.0,6.264150943396227,0.0,0.0,0.0,0.0,17.566037735849058,0.18867924528301888,2.1132075471698113,0.0,0.0,16.566037735849058,30.849056603773583
2620,0.0,0.0,0.0,0.0,0.0,0.0,0.0,0.0,0.0,0.043478260869565216,0.0,0.0,0.34782608695652173,0.0,0.0,10.782608695652174,0.0,3.1739130434782608,0.30434782608695654,0.0,5.434782608695652,11.217391304347826
2621,2.409090909090909,0.0,0.0,0.0,0.0,0.0,0.0,1.3636363636363635,0.0,0.0,0.0,0.0,0.0,0.0,0.0,37.90909090909091,0.09090909090909091,10.863636363636363,0.0,0.0,7.454545454545454,13.681818181818182
2622,0.21428571428571427,0.0,0.0,0.0,0.0,0.0,0.14285714285714285,0.0,0.0,0.07142857142857142,0.0,0.0,0.0,0.0,0.0,40.357142857142854,0.14285714285714285,0.0,2.7857142857142856,0.0,25.928571428571427,46.5
2623,0.0,0.0,0.0,0.0,0.0,0.0,0.0,0.10714285714285714,0.0,0.0,0.0,0.0,0.0,0.0,0.0,6.357142857142857,0.0,2.1785714285714284,0.0,0.0,3.392857142857143,7.642857142857143
2624,0.35714285714285715,0.0,0.0,0.0,0.0,0.0,0.0,1.0204081632653061,0.0,0.0,0.0,0.0,0.0,0.0,0.0,5.887755102040816,0.0,0.6836734693877551,0.0,0.0,9.204081632653061,17.255102040816325
2625,0.0,0.0,0.0,0.0,0.0,0.0,0.0,0.0,1.1,0.0,0.0,0.0,0.0,0.0,0.0,15.6,0.0,7.3,1.0,0.0,17.9,31.4
2626,0.7368421052631579,0.3508771929824561,0.07017543859649122,0.0,0.0,0.0,0.7543859649122807,0.49122807017543857,2.2982456140350878,0.24561403508771928,0.0,0.0,0.0,0.0,0.0,26.29824561403509,0.5263157894736842,6.087719298245614,0.0,0.19298245614035087,13.473684210526315,21.614035087719298
2627,1.075,0.25,0.0,0.0,0.0,0.0,0.15,0.0,0.0,0.0,0.0,0.0,0.0,0.0,0.0,58.65,0.4,0.0,1.5,0.0,27.4,43.425
2628,0.8,0.0,0.0,0.0,0.0,0.0,0.2,0.7,0.0,0.0,0.0,0.0,0.0,0.0,0.0,44.5,1.0666666666666667,2.8,0.0,0.0,16.966666666666665,29.366666666666667
2629,1.5142857142857142,0.0,0.0,0.0,0.0,0.0,0.0,0.2,0.0,0.3,0.0,0.0,3.242857142857143,0.0,0.0,29.757142857142856,0.4,7.128571428571429,0.6857142857142857,0.9857142857142858,15.942857142857143,27.728571428571428
2630,2.8780487804878048,0.0,0.0,0.0,0.0,0.0,0.0,2.3902439024390243,0.0,0.21951219512195122,0.0,0.0,0.4878048780487805,0.0,0.0,9.365853658536585,0.0,5.2439024390243905,0.0,2.3902439024390243,10.975609756097562,19.51219512195122
2631,0.0,0.0,0.0,0.2608695652173913,11.521739130434783,0.0,0.0,0.0,2.4347826086956523,0.0,21.217391304347824,0.0,0.0,0.0,0.0,6.695652173913044,0.0,0.43478260869565216,0.0,0.0,5.869565217391305,15.08695652173913
2632,0.85,0.0,0.0,0.0,0.0,0.0,1.15,1.45,0.0,0.55,8.9,0.0,0.0,0.0,0.0,28.1,0.85,0.0,7.15,0.0,27.35,47.3
2633,0.9594594594594594,0.43243243243243246,0.0,0.0,5.3108108108108105,0.0,1.3918918918918919,2.2837837837837838,0.0,0.6351351351351351,2.3513513513513513,0.0,0.0,0.0,0.8918918918918919,28.594594594594593,3.7837837837837838,0.20270270270270271,0.6351351351351351,0.0,25.594594594594593,40.54054054054054
2634,0.5081967213114754,0.08196721311475409,0.04918032786885246,0.0,0.0,0.0,0.22950819672131148,0.9344262295081968,0.0,0.19672131147540983,0.0,0.0,0.0,0.0,0.0,42.24590163934426,0.7213114754098361,0.0,0.0,0.0,18.229508196721312,28.672131147540984
2635,0.26666666666666666,0.0,0.0,0.0,0.0,0.0,0.0,0.8333333333333334,0.2,0.0,0.0,0.0,0.03333333333333333,0.0,0.0,22.833333333333332,1.9666666666666666,1.3,0.0,0.0,13.7,25.0
2636,1.32,0.0,0.0,0.0,0.0,0.0,0.16,0.0,0.0,0.08,0.0,0.0,0.0,0.0,0.0,47.36,0.36,0.0,0.0,0.0,20.64,34.4
2637,0.10526315789473684,0.0,0.0,0.0,0.0,0.0,0.0,0.0,0.0,0.0,0.0,0.0,0.0,0.0,0.0,12.631578947368421,0.0,2.0,15.947368421052632,0.0,21.68421052631579,37.526315789473685
2638,1.0,0.0,0.0,0.0,0.0,0.0,0.5789473684210527,1.5263157894736843,0.0,0.21052631578947367,0.0,0.0,0.0,0.0,0.05263157894736842,23.210526315789473,1.1578947368421053,0.0,1.4210526315789473,0.2631578947368421,30.92105263157895,56.76315789473684
2639,3.0,0.0,0.0,0.0,0.0,0.0,0.0,0.0,0.0,0.45454545454545453,0.0,0.0,3.9545454545454546,0.0,0.0,27.363636363636363,0.0,3.1363636363636362,3.6363636363636362,0.9090909090909091,35.72727272727273,62.77272727272727
2640,0.84375,0.0,0.0,0.0,0.0,0.0,0.0,0.0,0.0,0.0,0.0,0.0,0.0,0.0,0.0,27.15625,0.09375,0.0,0.0,0.0,14.78125,24.21875
2641,1.5,0.0,0.0,0.0,0.0,0.0,0.55,0.0,0.0,0.0,0.0,0.0,0.0,0.0,0.0,102.325,1.875,0.0,0.0,0.0,20.675,37.6
2642,1.236842105263158,0.0,0.0,0.0,0.3815789473684211,0.0,0.9342105263157895,0.039473684210526314,0.0,0.4868421052631579,0.0,0.0,0.0,0.0,2.6315789473684212,17.657894736842106,1.5526315789473684,0.0,4.7631578947368425,0.0,22.342105263157894,37.421052631578945
2643,0.4,0.0,0.2,0.0,0.0,0.0,1.7,2.45,0.55,0.7,0.0,0.0,0.0,0.0,0.0,30.5,1.6,3.25,0.0,0.0,20.55,32.15
2644,1.325,1.6,0.125,0.0,0.0,0.0,0.6,0.3,1.0,0.025,0.0,0.0,0.0,0.0,0.025,21.175,0.325,3.3,2.875,0.0,13.6,23.85
2645,1.1875,0.0,0.0,0.0,8.65625,0.0,0.0,0.375,0.65625,0.0,0.0,0.0,0.0,0.0,0.0,55.34375,0.09375,0.0,5.09375,0.0,22.25,37.96875
2646,0.9117647058823529,0.0,0.0,0.0,0.0,0.0,1.5,2.088235294117647,0.0,0.17647058823529413,0.0,0.0,0.0,0.0,0.0,40.1764705882353,1.5588235294117647,0.0,7.411764705882353,0.0,22.41176470588235,37.794117647058826
2647,0.6875,0.0,0.0,0.0,0.0,0.0,0.0,1.5625,1.0625,0.0,0.0,0.0,0.0,0.0,0.0,32.828125,0.25,6.96875,0.71875,1.65625,15.515625,25.765625
2648,0.20408163265306123,0.0,0.0,0.0,0.0,0.0,1.0816326530612246,2.3469387755102042,0.0,0.40816326530612246,0.0,0.0,0.0,0.0,0.0,36.89795918367347,3.0,1.9591836734693877,0.0,0.0,21.142857142857142,34.224489795918366
2649,0.12,0.0,0.02,0.0,0.0,0.0,0.44,0.64,0.0,0.0,0.0,0.0,0.0,0.0,0.0,21.4,0.7,2.68,0.0,0.0,8.64,15.08
2650,0.0,0.0,0.0,0.0,0.0,0.0,0.0,0.0,0.07692307692307693,0.0,0.0,0.0,0.0,0.0,0.0,33.46153846153846,0.7692307692307693,1.1538461538461537,0.0,0.0,11.692307692307692,19.23076923076923
2651,0.6111111111111112,0.05555555555555555,0.0,0.0,0.0,0.0,0.0,0.0,0.4166666666666667,0.0,0.0,0.0,0.0,0.0,0.0,30.63888888888889,0.5,5.5,0.0,0.0,18.38888888888889,29.38888888888889
2652,1.037037037037037,0.0,0.037037037037037035,0.0,0.0,0.0,0.4074074074074074,1.0740740740740742,0.0,0.07407407407407407,1.8888888888888888,0.0,0.0,0.0,0.7407407407407407,30.25925925925926,0.6296296296296297,0.0,4.851851851851852,0.0,16.333333333333332,26.962962962962962
2653,1.5172413793103448,0.0,0.0,0.0,0.0,0.0,0.0,0.0,0.0,0.0,0.0,0.0,0.0,0.0,0.0,38.206896551724135,0.0,1.4827586206896552,2.0,0.0,22.379310344827587,40.10344827586207
2654,0.011560693641618497,0.0,0.0,0.0,0.0,0.0,0.0,0.08670520231213873,0.0,0.0,0.0,0.0,0.0,0.0,0.0,6.901734104046243,0.0,0.31213872832369943,0.0,0.0,6.1502890173410405,11.84971098265896
2655,0.0,0.0,0.0,0.0,2.923076923076923,0.0,0.0,0.0,0.0,0.0,6.461538461538462,0.0,0.0,0.0,0.0,26.076923076923077,0.0,0.0,15.307692307692308,0.0,12.846153846153847,29.0
2656,0.0,0.0,0.0,0.0,0.0,0.0,0.2926829268292683,0.0975609756097561,0.36585365853658536,0.04878048780487805,0.0,0.0,0.0,0.0,0.17073170731707318,77.04878048780488,0.6341463414634146,1.9024390243902438,0.0,0.0,18.804878048780488,30.51219512195122
2657,0.225,0.0,0.0,0.0,0.0,0.0,1.25,2.25,0.0,0.0,0.0,0.0,0.0,0.0,0.075,58.85,2.125,0.0,5.925,0.0,20.375,33.825
2658,0.8181818181818182,0.0,0.0,0.0,0.0,0.0,0.13636363636363635,0.5454545454545454,0.0,0.0,0.0,0.0,0.0,0.0,0.0,29.727272727272727,0.2727272727272727,0.0,7.318181818181818,0.0,17.818181818181817,28.954545454545453
2659,0.0,0.0,0.0,0.0,0.0,0.0,0.14285714285714285,0.03571428571428571,0.0,0.0,0.0,0.0,0.0,0.0,0.0,57.392857142857146,0.5357142857142857,0.6071428571428571,0.0,0.0,18.928571428571427,33.75
2660,1.4576271186440677,0.0,0.0,0.0,3.4745762711864407,0.0,1.7118644067796611,0.0,0.0,0.8983050847457628,0.0,0.0,0.0,0.0,4.88135593220339,76.50847457627118,3.169491525423729,0.0,0.0,0.0,30.8135593220339,50.79661016949152
2661,0.10526315789473684,0.0,0.0,0.0,0.0,0.0,0.0,0.0,1.3157894736842106,0.0,0.0,0.0,0.0,0.0,0.2631578947368421,15.789473684210526,0.15789473684210525,0.0,0.0,0.0,16.94736842105263,27.473684210526315
2662,0.75,0.0,0.0,0.0,0.0,0.0,0.08333333333333333,0.041666666666666664,0.0,0.0,0.0,0.0,0.0,0.0,0.0,50.541666666666664,0.375,0.0,0.0,0.0,14.916666666666666,25.0
2663,0.42857142857142855,0.9047619047619048,0.0,0.0,0.0,0.0,0.47619047619047616,0.09523809523809523,0.023809523809523808,0.09523809523809523,0.0,0.0,0.0,0.0,0.0,46.30952380952381,0.6190476190476191,3.9047619047619047,0.0,0.0,21.595238095238095,37.714285714285715
2664,1.0307692307692307,0.0,0.0,0.0,0.0,0.0,0.2923076923076923,0.0,0.0,0.06153846153846154,0.0,0.0,0.0,0.0,0.9692307692307692,41.292307692307695,1.1538461538461537,1.2153846153846153,0.0,1.1076923076923078,23.23076923076923,39.15384615384615
2665,0.4375,0.0,0.0,0.0,0.0,0.0,0.0,0.6375,0.0,0.0,0.0,0.0,0.175,0.0,0.0,54.025,0.0,1.275,0.0,0.0,13.8125,26.45
2666,0.22580645161290322,0.0,0.0,0.0,0.0,0.0,0.0,0.41935483870967744,0.03225806451612903,0.0,0.0,0.0,0.0,0.0,0.0,21.451612903225808,0.1935483870967742,0.0,0.0,0.0,11.419354838709678,21.258064516129032
2667,1.1,0.0,0.0,0.0,0.0,0.0,0.425,0.15,2.675,0.0,0.0,0.0,0.0,0.0,0.45,19.975,0.35,0.0,3.975,0.0,10.525,20.65
2668,1.3666666666666667,0.0,0.0,0.0,0.0,0.0,0.0,0.0,2.3333333333333335,0.3333333333333333,0.0,0.0,0.0,0.0,0.5333333333333333,26.4,1.0,0.26666666666666666,2.1333333333333333,0.0,28.533333333333335,48.7
2669,0.8518518518518519,0.5925925925925926,0.0,0.0,0.0,0.0,0.8148148148148148,1.8888888888888888,0.07407407407407407,1.1481481481481481,0.0,0.0,0.0,0.0,0.0,24.37037037037037,1.7777777777777777,0.18518518518518517,1.6296296296296295,0.0,23.555555555555557,36.074074074074076
2670,0.5757575757575758,0.0,0.0,0.0,0.0,0.0,0.0,0.0,9.075757575757576,0.0,0.0,0.0,0.0,0.0,0.0,30.696969696969695,0.07575757575757576,0.0,0.7424242424242424,0.0,18.03030303030303,30.757575757575758
2671,0.175,0.0,0.0,0.0,0.0,0.0,0.0,5.875,0.0,0.0,1.8,0.0,0.0,0.0,0.0,51.875,0.0,0.0,0.0,0.0,9.725,21.6
2672,0.5925925925925926,1.4074074074074074,0.0,0.0,0.0,0.0,0.18518518518518517,0.0,0.0,0.0,0.0,0.0,0.0,0.0,0.0,43.74074074074074,0.5555555555555556,0.8888888888888888,0.8518518518518519,0.0,17.59259259259259,26.962962962962962
2673,1.7872340425531914,0.0,0.0,0.0,0.0,0.0,0.6170212765957447,0.7021276595744681,0.40425531914893614,0.14893617021276595,0.0,0.0,0.0,0.0,0.0,18.638297872340427,0.8085106382978723,2.382978723404255,2.4893617021276597,0.0,16.5531914893617,29.72340425531915
2674,0.18292682926829268,0.0,0.0,0.0,0.0,0.0,0.0,0.6097560975609756,0.0,0.04878048780487805,0.0,0.0,0.21951219512195122,0.0,0.0,6.634146341463414,0.0,2.597560975609756,0.0,0.0,12.329268292682928,21.4390243902439
2675,1.0588235294117647,0.0,0.0,0.0,0.0,0.0,0.0,0.0,0.0,0.0,0.0,0.0,0.0,0.0,0.0,51.411764705882355,0.11764705882352941,1.4705882352941178,0.0,0.0,18.352941176470587,34.88235294117647
2676,0.6060606060606061,0.0,0.0,0.0,0.0,0.0,0.0,0.0,0.9090909090909091,0.5151515151515151,0.0,0.0,0.0,0.0,0.0,14.636363636363637,0.06060606060606061,4.666666666666667,1.0606060606060606,0.7575757575757576,25.454545454545453,45.484848484848484
2677,0.75,0.6428571428571429,0.0,0.0,0.0,0.0,0.2857142857142857,0.32142857142857145,0.0,0.07142857142857142,0.0,0.0,0.0,0.0,0.0,75.35714285714286,0.75,0.0,0.0,0.0,28.607142857142858,49.464285714285715
2678,0.6329113924050633,0.0,0.0,0.21518987341772153,0.6962025316455697,0.0,0.0,0.02531645569620253,0.6075949367088608,0.0,0.0,0.0,0.0,0.0,0.0,30.556962025316455,0.16455696202531644,6.265822784810126,0.0,0.0,16.025316455696203,28.21518987341772
2679,0.0,0.0,0.0,0.0,0.0,0.0,0.0,0.8285714285714286,0.0,0.0,0.0,0.0,0.0,0.0,0.0,26.4,0.0,0.9,0.0,0.0,14.271428571428572,25.9
2680,1.1111111111111112,0.5370370370370371,0.2037037037037037,0.0,0.0,0.0,1.3333333333333333,1.5555555555555556,0.5370370370370371,0.2962962962962963,0.0,0.0,0.0,0.0,0.4444444444444444,18.09259259259259,1.7037037037037037,1.3703703703703705,4.425925925925926,0.0,15.75925925925926,27.09259259259259
2681,1.0,0.2702702702702703,0.0,0.0,0.0,0.0,1.1891891891891893,1.2432432432432432,0.0,0.0,0.0,0.0,0.0,0.0,0.0,24.08108108108108,2.27027027027027,0.0,0.0,0.0,18.91891891891892,32.32432432432432
2682,0.19148936170212766,0.0,0.0,0.0,0.0,0.0,1.2553191489361701,1.3829787234042554,0.0,0.0,0.0,0.0,0.0,0.0,0.2553191489361702,38.361702127659576,1.1702127659574468,0.0,0.0,0.0,17.23404255319149,29.872340425531913
2683,0.75,0.0,0.0,0.0,0.0,0.0,1.75,1.875,0.0,0.0,0.0,0.0,0.0,0.0,0.0,30.875,0.5,0.0,0.5,0.0,11.25,25.0
2684,1.1875,0.0,0.0,0.0,2.1875,0.0,0.125,0.6875,0.0,0.0,2.625,0.0,0.0,0.0,0.0,74.0625,0.125,0.0,6.625,0.0,18.4375,30.375
2685,0.7575757575757576,0.0,0.0,0.0,0.0,0.0,0.9696969696969697,2.212121212121212,0.0,0.0,0.0,0.0,0.0,0.0,0.0,75.51515151515152,2.0303030303030303,0.0,0.18181818181818182,0.0,35.45454545454545,55.78787878787879
2686,1.4545454545454546,0.0,0.0,0.0,1.8636363636363635,0.0,0.2727272727272727,0.0,1.6363636363636365,0.0,0.0,0.0,0.0,0.0,0.6818181818181818,35.54545454545455,0.36363636363636365,0.0,2.272727272727273,0.0,19.727272727272727,32.86363636363637
2687,2.4313725490196076,0.0,0.0,0.0,0.0,0.0,0.0,7.431372549019608,0.0,0.6078431372549019,0.0,0.0,0.0,0.0,1.3333333333333333,60.35294117647059,0.39215686274509803,1.9215686274509804,0.0,0.0,9.137254901960784,16.0
2688,0.0,0.0,0.0,0.0,0.0,0.0,0.21621621621621623,0.0,0.0,0.0,0.0,0.0,0.0,1.0,0.08108108108108109,49.486486486486484,0.5405405405405406,1.7567567567567568,0.0,0.0,17.945945945945947,32.24324324324324
2689,0.0,0.0,0.0,0.0,0.0,0.0,0.18181818181818182,0.13636363636363635,0.0,0.22727272727272727,0.0,0.0,0.0,0.0,0.5454545454545454,52.31818181818182,0.5,1.1818181818181819,0.0,0.0,22.363636363636363,31.863636363636363
2690,2.46,0.0,0.0,0.0,0.0,0.0,0.0,0.38,0.0,0.32,0.0,0.0,0.0,0.0,0.0,17.64,0.0,7.16,0.0,0.0,7.02,12.08
2691,1.36,0.0,0.0,0.0,0.24,0.0,0.0,0.0,0.0,0.0,0.0,0.0,0.0,0.0,0.24,68.52,0.52,0.0,0.0,0.0,20.64,36.16
2692,1.3055555555555556,0.0,0.0,0.0,0.0,0.0,0.0,1.75,0.0,0.0,0.0,0.0,3.5555555555555554,0.0,1.0833333333333333,57.111111111111114,0.5555555555555556,5.972222222222222,0.0,0.0,8.88888888888889,17.52777777777778
2693,0.8,0.0,0.0,0.0,0.0,0.62,1.14,1.58,0.0,0.0,2.38,0.0,0.54,0.0,0.46,20.34,1.4,0.0,2.08,0.0,16.88,29.16
2694,0.1794871794871795,0.0,0.0,0.0,0.0,0.0,1.435897435897436,1.358974358974359,0.0,0.0,0.0,0.0,0.0,0.0,0.0,39.666666666666664,0.8974358974358975,3.3076923076923075,0.0,0.0,22.666666666666668,38.02564102564103
2695,0.08333333333333333,0.0,0.0,0.0,0.0,0.9722222222222222,0.6666666666666666,0.6388888888888888,0.0,0.0,0.0,0.0,0.0,0.0,2.888888888888889,17.083333333333332,1.4166666666666667,0.0,5.222222222222222,0.0,16.666666666666668,32.80555555555556
2696,0.3076923076923077,0.0,0.0,0.0,0.0,0.0,0.0,0.0,0.0,0.0,0.0,0.0,0.0,0.0,0.0,32.07692307692308,0.5384615384615384,3.358974358974359,0.0,0.0,19.205128205128204,30.871794871794872
2697,1.625,0.0,0.0,1.75,0.0,0.0,0.0,0.6,0.0,0.0,0.0,0.0,0.0,0.0,0.0,38.3,0.0,7.6,0.0,0.0,13.9,23.55
2698,1.5416666666666667,0.0,0.0,0.0,6.541666666666667,0.0,0.5833333333333334,0.0,0.0,0.3333333333333333,0.0,0.0,0.0,0.0,4.416666666666667,49.875,1.25,0.0,0.0,0.0,19.541666666666668,35.75
2699,0.42857142857142855,0.0,0.0,0.0,0.0,0.0,0.023809523809523808,0.0,0.0,0.0,0.0,0.0,0.0,0.0,0.09523809523809523,15.380952380952381,0.09523809523809523,0.7857142857142857,2.0714285714285716,0.0,20.80952380952381,38.857142857142854
2700,0.0,0.0,0.0,0.0,0.0,1.1666666666666667,1.7083333333333333,2.5833333333333335,0.0,0.9166666666666666,0.0,0.0,0.0,0.0,3.5833333333333335,35.833333333333336,2.9583333333333335,0.0,26.833333333333332,0.0,19.333333333333332,37.625
2701,0.13157894736842105,0.0,0.0,0.0,0.0,0.0,0.0,0.05263157894736842,0.0,0.0,12.657894736842104,0.0,0.0,0.0,0.0,19.63157894736842,0.0,0.9868421052631579,0.0,0.0,13.263157894736842,23.592105263157894
2702,0.0,0.0,0.0,0.0,0.18181818181818182,0.0,0.0,0.0,0.0,0.0,0.2727272727272727,0.0,0.0,0.0,0.0,20.0,0.0,0.0,0.2727272727272727,0.0,7.2727272727272725,12.727272727272727
2703,1.7777777777777777,0.0,0.0,0.0,0.022222222222222223,0.0,0.5111111111111111,0.4,0.6,0.4444444444444444,0.0,0.0,0.2,0.0,2.4,30.977777777777778,2.4444444444444446,4.822222222222222,2.6222222222222222,0.0,26.4,45.17777777777778
2704,0.0,0.0,0.0,0.0,0.0,0.0,0.016666666666666666,0.18333333333333332,0.0,0.0,27.416666666666668,0.0,0.0,0.0,0.0,4.066666666666666,0.05,0.5166666666666667,6.3,0.0,5.133333333333334,13.45
2705,0.4528301886792453,0.0,0.0,0.0,0.0,0.03773584905660377,2.056603773584906,2.018867924528302,0.0,0.0,0.0,0.0,0.8490566037735849,0.0,0.0,14.660377358490566,1.9433962264150944,0.5660377358490566,3.3773584905660377,0.0,22.77358490566038,36.943396226415096
2706,0.0,0.0,0.0,0.0,0.0,0.0,0.38095238095238093,1.0476190476190477,0.0,0.0,0.0,0.0,0.0,0.0,0.0,13.476190476190476,1.0,0.0,7.523809523809524,0.0,15.666666666666666,27.61904761904762
2707,1.3666666666666667,0.7333333333333333,0.0,0.0,0.0,0.0,0.0,0.6333333333333333,0.0,0.0,0.0,0.0,0.0,0.0,0.0,60.5,0.5333333333333333,0.0,0.0,0.0,22.0,34.3
2708,0.2826086956521739,0.0,0.0,0.0,0.0,0.0,0.06521739130434782,0.717391304347826,0.0,0.0,2.739130434782609,0.0,0.0,0.0,0.0,12.956521739130435,0.15217391304347827,0.0,9.326086956521738,0.0,12.58695652173913,23.195652173913043
2709,1.5483870967741935,0.0,0.0,0.0,0.0,1.0,0.8064516129032258,2.6451612903225805,0.0,0.0,0.0,0.0,0.0,0.0,0.0,26.870967741935484,1.7741935483870968,0.3548387096774194,5.258064516129032,0.0,21.0,37.483870967741936
2710,0.0,0.625,0.0,0.0,0.0,0.0,0.3333333333333333,0.08333333333333333,0.0,0.0,0.0,0.0,0.0,0.0,0.0,77.75,0.625,0.0,0.0,0.0,17.083333333333332,26.0
2711,0.6103896103896104,0.012987012987012988,0.0,0.0,0.0,0.0,0.2597402597402597,0.06493506493506493,0.0,0.16883116883116883,0.0,0.0,0.0,0.0,1.5584415584415585,32.077922077922075,1.3896103896103895,4.1558441558441555,0.0,0.0,18.038961038961038,30.636363636363637
2712,1.8709677419354838,0.5483870967741935,0.0,0.0,0.0,0.0,0.8387096774193549,2.806451612903226,0.0,1.2580645161290323,0.0,0.0,0.0,0.0,0.0,36.903225806451616,1.7096774193548387,0.0,0.0,0.0,26.225806451612904,44.516129032258064
2713,0.4,0.1,0.0,0.0,12.3,0.0,0.5666666666666667,0.06666666666666667,0.0,0.23333333333333334,11.1,0.0,0.0,0.0,0.0,30.933333333333334,1.0333333333333334,0.0,7.733333333333333,0.0,12.866666666666667,24.333333333333332
2714,0.30303030303030304,0.0,0.0,0.0,0.0,2.4545454545454546,0.0,0.0,0.030303030303030304,0.0,0.0,0.0,0.0,0.0,0.0,74.48484848484848,0.0,0.0,0.0,0.0,15.393939393939394,25.09090909090909
2715,0.801980198019802,0.0,0.0,0.0,0.0,0.0,0.0,0.0,7.366336633663367,0.0,0.0,0.0,0.0,0.0,0.0,55.415841584158414,0.15841584158415842,0.0,0.40594059405940597,0.0,26.801980198019802,43.554455445544555
2716,0.0,0.0,0.0,0.0,0.0,0.0,0.9666666666666667,1.6,0.26666666666666666,0.0,0.0,0.0,0.0,0.0,0.06666666666666667,28.466666666666665,1.4666666666666666,0.43333333333333335,2.8333333333333335,0.0,15.9,26.233333333333334
2717,1.054054054054054,0.0,0.0,0.0,0.0,0.0,0.1891891891891892,0.8918918918918919,0.02702702702702703,0.2972972972972973,0.0,0.0,0.0,0.1891891891891892,0.0,22.35135135135135,0.43243243243243246,0.24324324324324326,31.324324324324323,0.0,13.297297297297296,23.81081081081081
2718,0.6071428571428571,0.0,0.0,0.0,0.0,0.0,0.6428571428571429,1.1785714285714286,0.03571428571428571,0.0,0.0,0.0,0.17857142857142858,0.0,1.0357142857142858,26.321428571428573,0.9285714285714286,0.0,4.535714285714286,0.0,20.071428571428573,34.82142857142857
2719,1.4615384615384615,0.0,0.0,0.0,0.0,0.0,0.11538461538461539,0.38461538461538464,0.0,0.3076923076923077,0.0,0.0,0.0,0.0,1.5,26.96153846153846,0.6153846153846154,5.461538461538462,0.7692307692307693,6.1923076923076925,15.26923076923077,22.807692307692307
2720,0.0,0.813953488372093,0.0,0.0,0.0,0.0,0.46511627906976744,0.09302325581395349,0.0,0.16279069767441862,0.0,0.0,0.0,0.0,0.9302325581395349,15.604651162790697,0.2558139534883721,0.37209302325581395,2.6511627906976742,0.0,18.372093023255815,32.72093023255814
2721,0.0,0.0,0.0,0.0,1.0833333333333333,0.0,0.7083333333333334,2.5833333333333335,0.0,0.375,1.125,0.0,0.0,0.0,0.0,51.666666666666664,1.9583333333333333,0.0,5.416666666666667,0.0,27.5,48.333333333333336
2722,0.0,0.0,0.0,0.0,0.0,0.0,0.0,0.0,0.0,0.0,0.0,0.0,1.7088607594936709,0.0,0.0,9.556962025316455,0.0,2.2658227848101267,0.0,0.0,12.050632911392405,20.126582278481013
2723,1.690909090909091,0.0,0.0,0.0,0.0,0.0,0.0,0.0,1.0363636363636364,0.0,0.0,0.0,0.0,0.0,0.0,72.67272727272727,0.36363636363636365,0.5272727272727272,2.8727272727272726,0.0,20.490909090909092,33.836363636363636
2724,0.9183673469387755,0.0,0.0,0.0,0.0,0.0,0.0,0.0,0.0,0.0,0.0,0.0,0.5714285714285714,0.0,0.0,11.36734693877551,0.0,0.1836734693877551,0.0,0.0,15.46938775510204,25.897959183673468
2725,0.40384615384615385,0.0,0.0,0.5384615384615384,0.8461538461538461,0.0,0.3269230769230769,0.3269230769230769,0.0,0.17307692307692307,0.0,0.0,0.0,0.0,0.34615384615384615,16.596153846153847,0.6538461538461539,2.5384615384615383,7.173076923076923,0.0,15.903846153846153,32.40384615384615
2726,0.0,0.0,0.0,0.0,0.0,0.0,0.15789473684210525,2.789473684210526,0.0,0.10526315789473684,0.0,0.0,0.0,0.0,0.0,43.26315789473684,2.789473684210526,0.0,0.0,0.0,14.68421052631579,25.842105263157894
2727,0.0,0.0,0.0,0.0,0.0,0.0,0.1111111111111111,1.8888888888888888,0.0,0.0,0.0,0.0,0.0,0.0,0.0,55.111111111111114,2.111111111111111,0.0,0.5555555555555556,0.0,10.222222222222221,22.11111111111111
2728,1.125,0.0,0.0,0.0,0.0,0.0,0.0,1.7,0.0,0.0,0.0,0.0,0.2,0.0,0.1,19.55,0.225,10.475,0.0,0.0,12.1,22.525
2729,2.2162162162162162,0.0,0.0,0.0,0.0,0.0,0.0,1.5135135135135136,0.0,0.2702702702702703,0.0,0.0,0.0,0.0,0.13513513513513514,10.783783783783784,0.13513513513513514,3.324324324324324,0.0,0.0,10.243243243243244,19.45945945945946
2730,1.8888888888888888,0.0,0.0,0.0,0.0,0.0,0.6111111111111112,0.6944444444444444,0.0,0.0,0.0,0.0,0.0,0.0,0.0,91.69444444444444,1.0833333333333333,0.0,0.0,0.0,22.61111111111111,38.083333333333336
2731,0.0,0.0,0.0,0.0,0.0,0.5333333333333333,0.0,0.0,0.0,0.0,0.0,0.0,0.0,0.0,0.0,41.2,0.06666666666666667,1.5666666666666667,6.7,0.0,11.5,20.533333333333335
2732,0.0,0.0,0.0,0.0,15.76923076923077,0.0,0.0,0.0,0.0,0.0,37.38461538461539,0.0,0.0,0.0,0.0,24.76923076923077,0.15384615384615385,0.0,12.846153846153847,0.0,11.538461538461538,25.923076923076923
2733,1.375,0.6875,0.0,0.0,0.0,0.0,1.90625,0.0,0.0,0.75,0.0,0.0,0.0,0.0,5.09375,14.78125,2.21875,3.59375,0.84375,0.0,13.21875,22.125
2734,0.13043478260869565,0.0,0.0,0.0,0.0,0.34782608695652173,1.173913043478261,2.260869565217391,0.0,0.0,2.630434782608696,0.0,1.065217391304348,0.021739130434782608,1.1304347826086956,14.891304347826088,1.891304347826087,0.391304347826087,5.695652173913044,0.0,14.934782608695652,24.5
2735,1.475,0.025,0.0,0.0,0.0,0.0,1.025,2.95,0.0,0.525,0.0,0.0,0.0,0.0,0.0,87.075,2.3,0.0,0.0,0.0,23.5,42.0
2736,0.0,0.0,0.0,0.0,0.0,0.0,1.5,1.4,0.0,0.0,0.0,0.0,0.0,0.0,0.0,72.6,2.8,0.0,0.0,0.0,10.1,16.1
2737,1.8636363636363635,0.7272727272727273,0.0,0.0,0.0,0.0,0.13636363636363635,0.18181818181818182,0.6363636363636364,0.4090909090909091,0.0,0.0,0.0,0.0,0.0,21.454545454545453,0.8636363636363636,2.227272727272727,0.0,0.0,23.318181818181817,36.86363636363637
2738,0.7894736842105263,0.0,0.0,0.0,0.7105263157894737,0.0,0.6842105263157895,0.631578947368421,0.0,0.8157894736842105,0.0,0.0,0.0,0.0,6.026315789473684,59.31578947368421,2.1315789473684212,2.3157894736842106,10.236842105263158,1.8421052631578947,21.105263157894736,37.60526315789474
2739,1.1692307692307693,0.0,0.0,0.6,3.6153846153846154,0.0,1.2153846153846153,0.8923076923076924,1.2923076923076924,0.5538461538461539,3.6307692307692307,0.0,0.0,0.0,0.9538461538461539,27.29230769230769,2.2615384615384615,0.03076923076923077,9.23076923076923,0.0,14.0,24.369230769230768
2740,0.0,0.27450980392156865,0.21568627450980393,0.0,0.0,0.0,0.6078431372549019,2.0980392156862746,0.0,0.0,1.2745098039215685,0.0,0.0,0.0,0.0,18.705882352941178,1.8431372549019607,0.0,0.5686274509803921,0.0,13.176470588235293,24.274509803921568
2741,0.8,0.0,0.0,0.0,0.0,0.0,1.25,3.0,0.0,0.5,0.0,0.0,0.0,0.0,0.0,34.15,1.3,0.0,0.05,0.0,11.8,21.25
2742,0.0,0.0,0.0,0.0,0.0,0.0,0.0,0.0,5.444444444444445,0.0,0.0,0.0,0.0,0.0,0.0,54.666666666666664,0.0,0.0,0.0,0.0,14.166666666666666,22.166666666666668
2743,0.625,0.0,0.0,0.0,0.0,0.0,1.0,1.875,0.0,0.25,0.0,0.0,0.0,1.25,0.0,32.75,1.875,0.0,9.125,0.0,7.0,18.625
2744,0.4898989898989899,0.0,0.0,0.0,0.0,0.0,0.0,1.0,0.0,0.3484848484848485,0.0,0.0,0.0,0.0,0.0,29.77777777777778,0.0,0.5707070707070707,0.030303030303030304,0.0,12.282828282828282,22.161616161616163
2745,0.0,0.0,0.0,0.0,0.0,0.0,0.813953488372093,0.813953488372093,0.0,0.0,0.0,0.0,1.5116279069767442,0.0,0.0,9.232558139534884,1.0930232558139534,1.744186046511628,3.3255813953488373,0.0,13.325581395348838,23.0
2746,0.625,0.0,0.0,0.0,0.0,0.0,0.59375,2.3125,0.0,0.125,0.0,0.0,0.0,0.0,0.0,42.9375,1.5625,0.0,1.21875,0.0,18.0,32.25
2747,0.0,0.0,0.0,0.0,0.0,0.0,0.0,0.0,0.0,0.0,0.0,0.0,2.945945945945946,0.0,0.0,7.891891891891892,0.0,0.0,0.5135135135135135,0.0,9.027027027027026,15.378378378378379
2748,1.530612244897959,0.0,0.0,0.0,0.0,0.0,0.20408163265306123,0.0,0.0,0.10204081632653061,0.0,0.0,0.0,0.0,0.20408163265306123,38.285714285714285,0.3877551020408163,0.7755102040816326,0.3673469387755102,0.0,14.959183673469388,23.73469387755102
2749,0.0,2.5555555555555554,0.4444444444444444,0.0,0.0,0.0,0.2222222222222222,1.8888888888888888,0.0,0.0,0.0,0.0,0.0,0.0,0.0,58.0,1.2222222222222223,0.0,0.8888888888888888,0.0,15.0,26.22222222222222
2750,0.0,0.0,0.0,0.0,0.0,0.0,0.975,2.1,0.0,0.0,0.0,0.0,0.0,0.0,0.0,12.1,0.625,7.95,0.0,0.0,9.35,14.725
2751,0.839622641509434,0.0,0.0,0.0,0.0,0.0,0.0,1.1226415094339623,0.0,0.19811320754716982,0.0,0.0,0.09433962264150944,0.0,0.22641509433962265,11.226415094339623,0.12264150943396226,10.424528301886792,0.0,0.0,12.660377358490566,21.77358490566038
2752,0.0,0.0,0.0,0.0,0.0,0.0,0.6428571428571429,1.380952380952381,0.0,0.16666666666666666,0.0,10.357142857142858,1.0714285714285714,0.07142857142857142,0.07142857142857142,10.261904761904763,2.0952380952380953,0.42857142857142855,2.880952380952381,0.0,14.214285714285714,23.761904761904763
2753,0.0,0.0,0.0,0.0,0.0,0.0,0.3793103448275862,0.29310344827586204,0.0,0.0,0.0,0.0,0.0,0.0,0.0,12.741379310344827,0.0,0.0,10.258620689655173,0.0,15.53448275862069,30.586206896551722
2754,0.55,0.0,0.0,0.0,0.0,0.0,0.35,1.55,0.0,0.0,0.0,0.0,0.0,0.0,0.0,18.45,0.35,0.0,13.9,0.0,10.65,21.85
2755,1.12,0.0,0.0,0.0,0.0,0.0,1.08,0.0,0.0,0.48,0.0,0.0,0.0,0.0,2.84,22.6,1.28,0.0,4.92,0.0,21.84,39.68
2756,0.6973684210526315,0.0,0.0,0.0,0.0,0.02631578947368421,0.11842105263157894,0.10526315789473684,0.0,0.0,0.0,0.0,3.0789473684210527,0.0,0.0,9.421052631578947,0.3684210526315789,1.644736842105263,1.3289473684210527,0.0,16.81578947368421,31.57894736842105
2757,0.0,0.0,0.0,0.0,0.0,0.0,0.0,0.0,0.3225806451612903,0.0,0.0,0.0,0.0,0.0,0.0,40.96774193548387,0.3548387096774194,1.064516129032258,0.0,0.0,21.225806451612904,35.83870967741935
2758,0.34146341463414637,0.0,0.0,0.0,0.0,0.0,0.6341463414634146,0.43902439024390244,0.0,0.36585365853658536,0.0,0.0,0.0,0.0,0.8048780487804879,37.26829268292683,0.6829268292682927,0.3902439024390244,0.0,0.0,13.902439024390244,24.390243902439025
2759,0.13333333333333333,0.0,0.0,0.0,2.6333333333333333,0.0,0.16666666666666666,0.8,0.0,0.03333333333333333,0.0,0.0,0.0,0.0,0.0,55.3,0.7666666666666667,0.0,6.433333333333334,0.0,23.733333333333334,37.96666666666667
2760,0.6923076923076923,0.0,0.0,0.0,0.0,0.0,1.2564102564102564,2.58974358974359,0.0,0.38461538461538464,0.0,0.0,0.0,0.7948717948717948,0.0,34.15384615384615,2.0,0.0,8.794871794871796,0.0,18.41025641025641,32.53846153846154
2761,0.8387096774193549,0.0,0.0,0.0,0.0,0.0,0.0,0.0,0.0,0.0,0.0,0.0,0.5483870967741935,0.0,0.0,14.387096774193548,0.0,0.0,0.12903225806451613,0.0,12.67741935483871,22.483870967741936
2762,0.0,0.0,0.0,0.0,0.0,0.0,0.0,0.0,0.0,0.0,0.0,0.0,0.0,0.0,0.0,12.272727272727273,0.0,0.22727272727272727,0.0,0.0,4.590909090909091,7.318181818181818
2763,1.0789473684210527,0.5526315789473685,0.0,0.0,0.0,0.0,0.21052631578947367,0.0,0.0,0.0,0.0,0.0,0.0,0.0,0.10526315789473684,14.5,0.05263157894736842,2.289473684210526,0.5789473684210527,0.0,14.31578947368421,26.18421052631579
2764,0.0,0.0,0.0,0.0,0.0,0.0,0.061224489795918366,0.0,0.0,0.0,0.0,0.0,0.0,0.0,0.0,12.16326530612245,0.0,2.5510204081632653,0.4897959183673469,0.0,14.224489795918368,27.775510204081634
2765,0.0,0.0,0.0,0.0,0.0,0.0,0.0,0.037037037037037035,0.0,0.018518518518518517,0.0,0.0,0.0,0.0,0.0,5.7407407407407405,0.0,2.4444444444444446,0.0,0.0,4.2407407407407405,7.7592592592592595
2766,0.0,0.2698412698412698,0.031746031746031744,0.0,0.0,0.0,1.7936507936507937,2.857142857142857,0.0,0.0,3.3333333333333335,0.0,0.0,0.0,0.0,12.301587301587302,2.5238095238095237,2.7142857142857144,1.5555555555555556,0.0,17.857142857142858,29.96825396825397
2767,0.6666666666666666,0.0,0.0,0.0,0.0,0.0,1.3194444444444444,0.9166666666666666,0.0,0.9166666666666666,0.0,0.0,0.0,0.027777777777777776,2.1527777777777777,25.194444444444443,1.2361111111111112,0.0,0.0,0.0,20.34722222222222,35.111111111111114
2768,0.0,0.0,0.0,0.0,0.0,0.0,0.12698412698412698,0.2222222222222222,0.0,0.12698412698412698,0.0,0.0,0.0,6.825396825396825,0.5396825396825397,58.80952380952381,0.5396825396825397,0.0,0.0,0.0,17.26984126984127,27.936507936507937
2769,0.78125,0.28125,0.0,0.0,0.0,0.0,0.46875,1.0625,1.3125,0.28125,0.0,0.0,0.0,0.0,0.0,39.1875,0.71875,8.4375,0.0,0.0,26.125,45.5
2770,1.945945945945946,0.0,0.0,0.0,0.0,0.0,0.5405405405405406,3.27027027027027,0.0,0.972972972972973,0.0,0.0,0.0,0.0,0.0,59.67567567567568,2.6216216216216215,2.72972972972973,0.0,0.0,33.891891891891895,56.729729729729726
2771,0.0,0.0,0.0,0.0,0.0,0.0,0.0,0.0,0.0,0.0,6.666666666666667,0.0,0.0,0.0,0.0,35.666666666666664,0.0,4.5,3.3333333333333335,0.0,7.666666666666667,13.0
2772,0.0,0.0,0.0,0.0,0.0,0.0,0.0,0.7333333333333333,0.0,0.0,0.0,0.0,0.06666666666666667,0.0,0.0,28.6,0.6666666666666666,0.0,0.0,0.0,16.0,26.4
2773,0.42857142857142855,0.0,0.0,0.0,0.0,0.0,0.0,1.3076923076923077,0.0,0.0,0.0,0.0,0.0,0.0,0.0,13.692307692307692,0.0,0.4175824175824176,0.0,0.0,11.989010989010989,21.587912087912088
2774,1.0,0.0,0.0,0.0,0.0,0.0,0.0,0.0,0.0,0.0,0.0,0.0,0.0,0.0,0.0,75.16666666666667,0.0,0.0,0.0,0.0,21.047619047619047,37.23809523809524
2775,0.4090909090909091,0.0,0.0,0.0,1.0,0.0,1.5909090909090908,0.5,0.0,1.0454545454545454,2.1818181818181817,0.0,0.0,0.0,0.0,33.59090909090909,2.3636363636363638,0.0,10.318181818181818,0.0,17.5,30.59090909090909
2776,0.0,0.0,0.0,0.0,7.6571428571428575,0.0,0.0,0.0,0.0,0.08571428571428572,20.314285714285713,0.0,0.0,0.0,0.0,13.057142857142857,0.0,0.0,13.057142857142857,0.0,11.971428571428572,23.34285714285714
2777,0.15151515151515152,0.0,0.0,0.0,0.0,0.0,0.0,0.21212121212121213,0.015151515151515152,0.0,0.0,0.0,0.0,0.0,0.0,10.924242424242424,0.16666666666666666,7.348484848484849,0.0,0.0,2.484848484848485,5.409090909090909
2778,0.0,0.016129032258064516,0.0,0.0,0.0,0.0,0.5,0.8548387096774194,0.0,0.0,1.1935483870967742,0.0,0.0,0.0,0.12903225806451613,14.451612903225806,0.43548387096774194,7.564516129032258,4.451612903225806,0.0,8.016129032258064,16.29032258064516
2779,0.12,0.0,0.0,0.0,0.0,0.0,0.82,1.62,0.0,0.0,0.0,0.0,2.28,0.0,0.4,8.8,0.9,3.08,3.56,0.0,14.94,26.04
2780,0.25,0.0,0.0,0.0,0.4166666666666667,0.0,0.0,0.08333333333333333,0.0,0.125,0.0,0.0,0.0,0.0,0.08333333333333333,30.083333333333332,0.3333333333333333,0.0,3.4583333333333335,0.0,18.041666666666668,28.583333333333332
2781,0.6976744186046512,0.0,0.0,0.0,0.0,0.0,0.06976744186046512,0.09302325581395349,0.0,0.0,0.0,0.0,3.813953488372093,0.046511627906976744,0.0,11.209302325581396,0.09302325581395349,0.18604651162790697,3.3488372093023258,0.0,19.41860465116279,31.767441860465116
2782,1.1333333333333333,0.0,0.0,0.0,0.0,0.0,1.1111111111111112,2.911111111111111,0.0,0.4666666666666667,0.0,0.0,0.0,0.0,0.0,20.244444444444444,1.9111111111111112,0.0,11.822222222222223,0.0,13.644444444444444,24.066666666666666
2783,1.4444444444444444,0.0,0.0,0.046296296296296294,0.0,0.0,0.09259259259259259,0.6111111111111112,0.10185185185185185,0.16666666666666666,0.0,0.0,0.0,0.0,0.05555555555555555,11.175925925925926,0.24074074074074073,5.37037037037037,0.26851851851851855,0.0,12.212962962962964,21.73148148148148
2784,0.0,0.0,0.0,0.0,0.47761194029850745,0.0,0.05970149253731343,0.08955223880597014,0.0,0.0,18.059701492537314,0.0,0.0,0.0,0.0,16.52238805970149,0.3283582089552239,2.417910447761194,1.9402985074626866,0.0,17.925373134328357,30.611940298507463
2785,1.6785714285714286,0.0,0.0,0.0,0.0,0.0,0.0,1.0,0.0,0.3333333333333333,0.0,0.0,0.0,0.0,0.0,7.345238095238095,0.0,8.738095238095237,0.0,0.0,7.273809523809524,13.547619047619047
2786,0.0,0.0,0.0,0.0,0.0,0.0,0.0,0.0,0.2777777777777778,0.16666666666666666,0.0,0.0,0.0,0.0,0.0,31.166666666666668,0.2777777777777778,0.0,0.0,0.0,14.833333333333334,25.0
2787,0.5853658536585366,0.0,0.0,0.0,0.0,0.0,0.4146341463414634,0.6341463414634146,0.0,0.2926829268292683,0.0,0.0,0.0,0.0,0.6097560975609756,71.97560975609755,0.8048780487804879,0.0,0.0,0.0,24.317073170731707,41.292682926829265
2788,1.6923076923076923,0.19230769230769232,0.0,0.0,20.384615384615383,0.0,0.7307692307692307,3.1538461538461537,0.0,0.7307692307692307,0.0,0.0,0.0,0.0,0.0,69.1923076923077,2.6538461538461537,0.0,0.0,0.0,14.115384615384615,25.692307692307693
2789,0.08,0.0,0.0,0.0,0.0,0.0,0.0,0.0,0.0,0.0,0.0,0.0,0.0,0.0,0.0,84.68,0.52,0.0,0.0,0.0,11.92,21.6
2790,0.3048780487804878,0.0,0.0,0.0,0.0,0.10975609756097561,0.0,0.0,0.0,0.0,0.0,0.0,1.8048780487804879,0.0,0.0,6.170731707317073,0.0,0.14634146341463414,1.7926829268292683,0.0,12.012195121951219,20.841463414634145
2791,0.7909090909090909,0.0,0.0,0.0,0.0,0.0,0.1,0.2,0.0,0.0,0.0,0.0,1.6545454545454545,0.0,0.0,17.327272727272728,0.05454545454545454,6.409090909090909,1.7545454545454546,0.0,16.045454545454547,26.636363636363637
2792,1.5593220338983051,0.0,0.0,0.0,0.0,0.0,0.6271186440677966,0.0,0.0,0.1694915254237288,1.2372881355932204,0.0,0.0,0.0,2.23728813559322,36.71186440677966,1.1016949152542372,6.0508474576271185,2.9491525423728815,0.0,17.406779661016948,30.610169491525422
2793,0.0,0.0,0.0,0.0,0.0,0.0,0.0,0.0,0.02702702702702703,0.0,0.0,0.0,0.0,0.0,0.0,34.91891891891892,0.16216216216216217,0.8378378378378378,0.0,0.0,10.81081081081081,19.72972972972973
2794,0.0,0.0,0.0,0.0,0.0,0.0,0.0,0.09259259259259259,0.0,0.0,0.0,0.0,3.5,2.0,0.0,7.314814814814815,0.14814814814814814,0.24074074074074073,4.222222222222222,0.0,12.796296296296296,23.074074074074073
2795,0.696969696969697,0.0,0.0,0.0,0.0,0.0,0.06060606060606061,0.0,0.0,0.0,0.0,0.0,3.272727272727273,0.0,0.0,8.757575757575758,0.21212121212121213,2.9696969696969697,1.3636363636363635,0.0,17.12121212121212,27.515151515151516
2796,0.0,0.14285714285714285,0.0,0.0,0.0,0.0,0.4642857142857143,0.39285714285714285,0.0,0.0,0.0,0.0,0.32142857142857145,0.0,3.8214285714285716,12.892857142857142,2.4642857142857144,0.5714285714285714,0.2857142857142857,0.0,20.035714285714285,32.464285714285715
2797,0.9310344827586207,0.0,0.0,0.0,0.0,0.0,0.0,0.0,0.034482758620689655,0.0,0.0,0.0,0.0,0.0,0.0,41.58620689655172,0.2413793103448276,0.3448275862068966,1.7586206896551724,0.0,17.896551724137932,28.96551724137931
2798,0.25,0.0,0.0,0.0,0.0,0.0,0.625,2.2916666666666665,0.0,0.0,0.0,0.0,0.0,0.0,0.0,29.208333333333332,0.6666666666666666,0.0,5.875,0.0,12.25,22.375
2799,0.0,0.0,0.0,0.0,0.0,0.0,0.625,0.875,0.21875,0.34375,0.0,0.0,0.0,0.0,0.0,29.21875,1.125,1.6875,0.0,0.0,20.53125,35.0
2800,0.9565217391304348,0.0,0.0,0.0,0.0,0.0,0.0,0.0,0.9347826086956522,0.0,0.0,0.0,0.0,3.217391304347826,0.0,40.84782608695652,0.34782608695652173,1.4782608695652173,7.434782608695652,0.0,14.543478260869565,23.26086956521739
2801,0.14814814814814814,0.0,0.0,0.0,0.0,0.0,0.0,2.6296296296296298,0.0,0.5555555555555556,0.0,0.0,0.0,0.0,0.0,89.11111111111111,2.6296296296296298,0.0,0.0,0.0,27.555555555555557,51.77777777777778
2802,0.0,0.0,0.0,0.0,0.0,0.0,0.47058823529411764,0.11764705882352941,0.0,0.0,0.0,0.0,0.0,0.0,0.0,9.352941176470589,0.29411764705882354,10.647058823529411,0.8823529411764706,0.0,8.470588235294118,18.058823529411764
2803,0.14814814814814814,0.48148148148148145,0.0,0.0,4.7407407407407405,0.0,0.0,0.037037037037037035,0.0,0.18518518518518517,0.0,0.0,0.0,0.0,0.0,85.85185185185185,0.4074074074074074,0.0,0.0,0.0,10.11111111111111,17.77777777777778
2804,0.5932203389830508,0.0,0.0,0.0,0.0,0.0,0.0847457627118644,0.0,0.0,0.0,0.0,0.0,1.4745762711864407,0.0,0.0,7.067796610169491,0.0,0.3728813559322034,0.22033898305084745,0.0,13.338983050847459,21.084745762711865
2805,0.0,0.0,0.0,0.0,5.891891891891892,0.0,0.05405405405405406,0.21621621621621623,0.0,0.0,31.89189189189189,0.0,0.0,0.0,0.0,16.243243243243242,0.0,1.9189189189189189,6.648648648648648,0.0,8.594594594594595,17.37837837837838
2806,1.0,0.0,0.0,0.0,0.0,0.0,0.0,0.7121212121212122,0.0,0.0,0.0,0.0,0.5,0.0,0.0,14.712121212121213,0.36363636363636365,8.5,0.22727272727272727,0.0,9.196969696969697,15.833333333333334
2807,0.9523809523809523,0.0,0.0,0.0,0.0,0.0,0.42857142857142855,1.619047619047619,0.0,0.0,0.0,0.0,0.0,0.0,0.0,49.285714285714285,1.1904761904761905,0.09523809523809523,3.9047619047619047,0.0,20.285714285714285,31.285714285714285
2808,0.7727272727272727,0.0,0.0,0.0,0.0,0.0,0.0,0.0,0.0,0.0,0.0,0.0,0.0,0.0,0.0,7.2727272727272725,0.18181818181818182,13.363636363636363,0.0,0.0,0.0,5.136363636363637
2809,0.0,0.0,0.0,0.0,0.0,0.0,0.0,0.0,1.1304347826086956,0.0,0.0,0.0,0.0,0.0,0.0,24.91304347826087,0.391304347826087,0.0,0.0,0.0,17.130434782608695,30.47826086956522
2810,1.0294117647058822,0.0,0.0,0.0,3.323529411764706,0.0,0.04411764705882353,0.5735294117647058,1.2205882352941178,0.0,0.0,0.0,0.0,0.0,0.0,43.11764705882353,0.25,0.0,6.720588235294118,6.367647058823529,12.985294117647058,24.5
2811,0.08,0.0,0.0,0.0,0.0,0.0,0.0,0.0,0.0,0.0,0.0,0.0,0.0,0.0,0.0,9.52,0.0,3.8266666666666667,0.0,0.0,11.32,18.653333333333332
2812,0.0,0.0,0.0,0.0,0.0,0.0,1.36986301369863,2.506849315068493,0.0,0.4383561643835616,0.0,0.0,3.4246575342465753,0.0,0.0,11.013698630136986,2.547945205479452,0.7534246575342466,3.219178082191781,0.0,12.356164383561644,21.91780821917808
2813,1.5405405405405406,0.0,0.0,0.0,0.0,0.0,0.6486486486486487,0.0,1.837837837837838,0.16216216216216217,0.0,0.0,0.0,0.0,0.0,39.189189189189186,0.5945945945945946,5.945945945945946,0.0,0.0,23.405405405405407,36.08108108108108
2814,1.098360655737705,0.0,0.0,0.0,0.0,0.0,0.0,0.0,0.0,0.0,0.0,0.0,0.0,0.0,0.0,11.60655737704918,0.0,0.0,5.409836065573771,0.0,10.508196721311476,18.524590163934427
2815,0.0,0.0,0.0,0.0,0.0,0.0,0.0,0.25757575757575757,0.0,0.0,0.0,0.0,0.0,0.0,0.0,3.893939393939394,0.0,0.42424242424242425,0.0,0.0,11.030303030303031,17.90909090909091
2816,0.0,0.0,0.0,0.0,0.0,0.0,1.2820512820512822,2.051282051282051,0.0,0.38461538461538464,0.0,0.0,1.3076923076923077,0.0,0.5128205128205128,10.051282051282051,2.282051282051282,1.5384615384615385,3.4615384615384617,0.0,19.487179487179485,30.41025641025641
2817,1.7567567567567568,0.0,0.0,0.0,0.0,0.0,0.0,0.0,0.0,0.0,0.0,0.0,0.0,0.0,0.0,92.1891891891892,0.7297297297297297,0.0,0.0,0.0,21.405405405405407,36.945945945945944
2818,1.3333333333333333,0.0,0.0,0.0,0.5714285714285714,0.0,0.9047619047619048,0.8333333333333334,0.0,0.023809523809523808,0.0,0.0,0.0,0.0,0.0,53.404761904761905,0.7857142857142857,0.0,3.5714285714285716,0.0,19.095238095238095,34.95238095238095
2819,0.0,0.0,0.0,0.0,2.9183673469387754,0.0,0.0,0.0,1.6122448979591837,0.0,14.10204081632653,0.0,0.0,0.0,0.0,4.244897959183674,0.22448979591836735,0.0,3.5714285714285716,0.0,13.16326530612245,24.918367346938776
2820,0.0,0.0,0.0,0.0,0.0,0.0,0.3,1.75,0.0,0.525,0.0,0.0,0.0,0.0,0.0,67.925,1.625,0.0,0.0,0.0,21.275,34.675
2821,0.0,0.0,0.0,0.0,1.375,0.0,1.6875,2.375,0.0,0.0,9.5,0.0,0.0,0.0,0.0,47.0625,1.1875,0.0,1.8125,0.0,11.5,21.3125
2822,0.0,0.0,0.0,0.0,0.0,0.0,0.5588235294117647,1.0294117647058822,0.0,0.0,0.0,0.0,0.0,0.0,0.0,19.735294117647058,2.1470588235294117,2.7058823529411766,0.6764705882352942,0.0,12.970588235294118,20.91176470588235
2823,0.0,0.125,0.15,0.0,0.0,0.0,0.05,0.35,0.0,0.05,0.0,0.0,0.0,0.0,0.0,15.7,0.375,0.2,0.0,0.0,12.375,21.175
2824,0.4186046511627907,0.0,0.0,0.0,0.0,0.0,0.09302325581395349,0.19767441860465115,0.0,0.0,0.0,0.0,5.209302325581396,0.0,0.0,6.976744186046512,0.046511627906976744,0.2441860465116279,0.4186046511627907,0.0,11.5,20.627906976744185
2825,0.5853658536585366,0.0,0.0,0.0,0.6097560975609756,0.0,0.0,0.0,0.2926829268292683,0.0,9.707317073170731,0.0,0.0,0.0,0.0,30.78048780487805,0.3902439024390244,2.0,1.4878048780487805,0.0,19.902439024390244,34.73170731707317
2826,0.6166666666666667,0.05,0.06666666666666667,0.0,0.0,0.0,1.9,3.6,0.0,0.0,0.0,0.0,0.0,0.0,0.0,32.68333333333333,2.4833333333333334,2.05,7.583333333333333,0.0,29.533333333333335,48.0
2827,0.7058823529411765,0.0,0.0,0.0,0.0,0.0,0.13725490196078433,0.5882352941176471,0.0,0.0,0.0,0.0,2.215686274509804,0.0,0.0,8.333333333333334,0.4117647058823529,3.803921568627451,4.0,0.0,17.49019607843137,31.686274509803923
2828,0.0,0.0,0.0,0.0,0.0,0.0,0.5,0.8181818181818182,0.2727272727272727,0.5,0.0,0.0,0.0,0.0,0.0,27.0,0.5454545454545454,4.818181818181818,0.0,0.0,9.954545454545455,19.363636363636363
2829,0.14634146341463414,0.0,0.0,0.0,0.0,0.0,0.6341463414634146,2.8536585365853657,0.17073170731707318,0.21951219512195122,0.0,0.0,0.0,0.0,0.0,35.51219512195122,1.5365853658536586,0.34146341463414637,2.6097560975609757,0.0,20.390243902439025,35.65853658536585
2830,2.0,0.0,0.0,0.0,0.0,0.0,0.0,0.0,0.0,0.0,0.0,0.0,0.0,0.0,0.0,64.5,1.75,2.25,0.0,0.0,9.25,22.75
2831,0.41509433962264153,0.0,0.0,0.0,0.0,0.0,0.0,0.5094339622641509,0.0,0.07547169811320754,0.0,0.0,0.37735849056603776,0.0,0.018867924528301886,7.69811320754717,0.07547169811320754,3.9056603773584904,0.0,0.0,8.981132075471699,15.81132075471698
2832,0.5714285714285714,0.0,0.0,0.0,0.0,0.0,0.35714285714285715,0.0,0.5714285714285714,0.0,0.0,0.0,0.03571428571428571,0.0,0.0,27.214285714285715,0.10714285714285714,6.642857142857143,0.0,0.0,19.5,32.535714285714285
2833,0.046875,0.0,0.0,0.0,0.0,0.0,0.0,0.0,0.0,0.0,0.0,0.0,0.265625,0.0,0.0,12.234375,0.0,0.0,2.109375,0.0,14.5625,24.9375
2834,1.0476190476190477,0.0,0.0,0.0,0.0,1.619047619047619,0.0,0.0,0.0,0.0,0.0,0.0,0.0,0.0,0.0,36.95238095238095,0.0,0.0,4.333333333333333,0.0,11.285714285714286,20.714285714285715
2835,0.0,0.0,0.0,0.0,0.6140350877192983,0.0,0.7543859649122807,0.8070175438596491,0.0,0.0,0.0,0.0,0.0,0.0,0.10526315789473684,6.947368421052632,0.7894736842105263,0.8771929824561403,3.4035087719298245,0.0,11.385964912280702,21.789473684210527
2836,0.0,0.0,0.0,0.0,0.0,0.0,0.15217391304347827,0.1956521739130435,0.0,0.0,0.0,0.0,5.0,0.10869565217391304,0.0,7.1521739130434785,0.0,0.21739130434782608,6.239130434782608,0.0,6.521739130434782,11.391304347826088
2837,1.0172413793103448,0.0,0.0,0.0,0.1896551724137931,0.0,0.1896551724137931,0.46551724137931033,0.0,0.0,1.3103448275862069,0.0,0.0,0.0,0.0,24.310344827586206,0.3275862068965517,0.0,4.103448275862069,0.0,12.172413793103448,19.120689655172413
2838,0.0,0.0,0.0,0.35135135135135137,5.513513513513513,0.0,0.0,0.32432432432432434,0.0,0.0,35.270270270270274,0.0,0.0,0.0,0.0,15.891891891891891,0.0,0.2972972972972973,10.135135135135135,0.0,7.675675675675675,15.35135135135135
2839,0.012578616352201259,0.0,0.0,0.0,0.0,0.0,0.0,1.8050314465408805,0.0,0.0,0.0,0.0,0.06918238993710692,0.0,0.0,9.80503144654088,0.0,1.421383647798742,0.0,0.0,8.40251572327044,16.49056603773585
2840,0.0,0.0,0.0,0.0,0.0,0.0,0.0,0.0,0.0,0.0,0.0,0.0,0.0,0.0,0.0,42.793103448275865,0.2413793103448276,0.0,0.0,0.0,10.482758620689655,17.448275862068964
2841,0.0,0.0,0.0,0.0,0.0,0.0,0.0,0.0,1.0,0.0,0.0,0.0,0.0,0.0,0.0,29.571428571428573,0.0,4.428571428571429,0.0,0.0,7.714285714285714,11.142857142857142
2842,0.0,0.0,0.0,0.0,0.0,0.0,0.0,0.0,0.0,0.0,0.0,0.0,0.0,0.0,0.0,3.076923076923077,0.0,1.1025641025641026,0.0,0.0,10.743589743589743,17.333333333333332
2843,1.4883720930232558,0.0,0.0,0.0,0.0,0.0,0.0,0.7209302325581395,1.9534883720930232,0.0,0.0,0.0,0.0,0.0,0.0,23.627906976744185,0.0,17.790697674418606,0.0,0.0,2.744186046511628,6.3023255813953485
2844,0.36,0.0,0.0,0.0,0.0,0.0,0.28,0.68,0.0,0.0,0.0,0.0,0.0,0.0,0.0,46.68,0.28,0.64,2.96,0.0,22.0,38.08
2845,0.0,0.0,0.0,0.0,0.0,0.0,1.3846153846153846,2.0,0.0,0.07692307692307693,0.0,0.0,0.0,0.23076923076923078,0.0,54.23076923076923,0.38461538461538464,4.230769230769231,1.1538461538461537,0.0,12.923076923076923,21.307692307692307
2846,0.0,2.1052631578947367,0.0,0.0,0.0,0.0,0.631578947368421,0.7368421052631579,0.0,0.3157894736842105,0.0,0.0,1.0526315789473684,0.0,0.0,6.368421052631579,0.9473684210526315,0.0,6.421052631578948,0.0,5.7894736842105265,11.789473684210526
2847,0.06976744186046512,0.0,0.0,0.0,2.0697674418604652,0.0,0.9069767441860465,0.5813953488372093,0.0,0.06976744186046512,0.0,0.0,0.0,0.0,0.0,48.97674418604651,1.0465116279069768,0.0,0.0,0.0,16.627906976744185,29.674418604651162
2848,0.2413793103448276,0.0,0.0,0.0,3.3448275862068964,0.0,1.206896551724138,0.6896551724137931,0.0,0.0,0.0,0.0,0.0,0.0,2.7586206896551726,23.17241379310345,1.7586206896551724,2.793103448275862,0.0,0.0,6.793103448275862,12.379310344827585
2849,0.0,0.0,0.0,0.0,0.0,0.0,0.5454545454545454,1.4545454545454546,0.0,0.0,0.0,0.0,1.7272727272727273,0.0,0.0,9.909090909090908,0.9090909090909091,0.5454545454545454,7.7272727272727275,0.0,14.545454545454545,21.818181818181817
2850,1.368421052631579,0.0,0.0,0.0,0.0,0.6666666666666666,0.38596491228070173,1.2982456140350878,0.0,0.0,0.0,0.0,0.0,0.0,0.0,12.0,0.2631578947368421,0.0,8.807017543859649,0.0,19.0,32.26315789473684
2851,0.0,0.0,0.0,0.0,0.7547169811320755,0.0,0.0,0.1509433962264151,9.075471698113208,0.0,12.962264150943396,0.0,0.0,0.0,0.0,5.9245283018867925,0.03773584905660377,0.07547169811320754,1.679245283018868,0.0,18.754716981132077,34.64150943396226
2852,0.21100917431192662,0.0,0.0,0.0,0.0,0.0,0.0,0.5321100917431193,0.01834862385321101,0.0,0.0,0.0,0.0,0.0,0.0,9.807339449541285,0.027522935779816515,8.770642201834862,0.0,0.0,2.4220183486238533,6.8807339449541285
2853,2.0793650793650795,0.0,0.0,0.0,0.0,0.0,0.0,1.253968253968254,0.0,0.19047619047619047,0.0,0.0,0.0,0.0,0.0,5.396825396825397,0.0,2.6031746031746033,0.0,0.0,6.285714285714286,11.396825396825397
2854,0.0,0.0,0.0,0.0,0.0,0.0,0.0,0.0,0.0,0.0,0.0,0.0,0.0,0.0,0.0,70.625,0.0,0.0,0.0,0.0,0.0,18.0
2855,2.473684210526316,0.0,0.0,0.0,6.2105263157894735,0.0,1.631578947368421,2.0,0.0,0.15789473684210525,2.1052631578947367,0.0,0.0,0.0,0.0,92.10526315789474,1.5263157894736843,0.0,0.0,0.0,14.157894736842104,20.894736842105264
2856,0.0,0.0,0.0,0.0,0.0,0.0,1.6206896551724137,3.9310344827586206,0.0,0.0,0.0,0.0,0.06896551724137931,0.0,0.0,22.862068965517242,1.206896551724138,0.0,1.6551724137931034,0.0,11.413793103448276,20.24137931034483
2857,0.3235294117647059,0.0,0.0,0.10294117647058823,1.4411764705882353,0.0,0.0,0.7941176470588235,0.0,0.0,0.6176470588235294,0.0,0.07352941176470588,0.0,0.0,9.279411764705882,0.029411764705882353,6.073529411764706,0.0,0.0,5.367647058823529,9.411764705882353
2858,0.0,0.19480519480519481,0.0,0.0,0.42857142857142855,0.0,0.0,0.22077922077922077,1.4675324675324675,0.0,1.0,0.0,0.0,0.0,0.0,18.233766233766232,0.35064935064935066,9.480519480519481,0.12987012987012986,0.0,14.220779220779221,27.337662337662337
2859,0.0,0.0,0.0,0.0,0.0,0.0,1.3333333333333333,3.0833333333333335,0.0,0.20833333333333334,0.0,0.0,0.0,0.0,0.0,66.45833333333333,2.0416666666666665,0.0,2.9166666666666665,0.0,24.041666666666668,39.5
2860,0.0,0.0,0.0,0.0,6.05,0.0,0.0,0.0,0.0,0.0,0.0,0.0,0.0,0.0,0.0,87.65,0.6,0.0,0.0,0.0,16.4,27.375
2861,0.1875,0.0,0.0,0.0,0.0,0.0,0.0,0.6354166666666666,0.0,0.0,0.0,0.0,0.0,0.0,0.0,6.71875,0.0,4.125,0.0,0.0,5.479166666666667,9.916666666666666
2862,0.5735294117647058,0.0,0.0,0.0,0.0,0.0,0.0,0.0,0.0,0.0,0.0,0.0,1.9264705882352942,0.0,0.0,13.25,0.0,0.0,0.8676470588235294,0.0,12.044117647058824,21.647058823529413
2863,0.6779661016949152,0.0,0.0,0.0,0.0,0.0,0.0,0.0,0.0,0.0,0.0,0.0,0.0,0.0,0.0,10.372881355932204,0.0,12.711864406779661,0.0,0.0,10.305084745762711,18.45762711864407
2864,0.3764705882352941,0.0,0.0,0.0,0.0,0.0,0.0,2.776470588235294,0.15294117647058825,0.0,0.0,0.0,2.764705882352941,0.0,0.0,18.105882352941176,0.15294117647058825,5.176470588235294,0.0,0.0,15.0,28.788235294117648
2865,0.0,0.0,0.0,0.0,0.0,0.0,2.4339622641509435,2.69811320754717,0.0,0.11320754716981132,0.0,0.0,4.3584905660377355,0.0,0.0,22.07547169811321,2.30188679245283,2.30188679245283,5.09433962264151,0.0,18.566037735849058,31.09433962264151
2866,1.0677966101694916,0.0,0.0,0.0,2.694915254237288,0.0,0.5254237288135594,1.1016949152542372,0.0,0.288135593220339,2.2203389830508473,0.0,0.0,0.0,0.0,68.1864406779661,1.694915254237288,0.0,0.0,0.0,17.915254237288135,32.76271186440678
2867,0.32432432432432434,0.0,0.0,0.0,0.2972972972972973,0.0,0.02702702702702703,0.05405405405405406,0.0,0.0,0.0,0.0,0.0,0.0,0.0,62.83783783783784,0.2972972972972973,0.0,0.0,30.54054054054054,22.08108108108108,43.054054054054056
2868,0.5194805194805194,0.0,0.0,0.0,0.0,0.0,0.0,0.18181818181818182,1.0909090909090908,0.012987012987012988,0.0,0.0,0.0,0.0,0.0,42.506493506493506,0.16883116883116883,1.5844155844155845,0.22077922077922077,0.35064935064935066,16.4025974025974,29.792207792207794
2869,0.0,0.0,0.0,0.0,0.0,0.0,0.0,0.75,0.0,0.0,0.0,0.0,0.0,0.0,0.0,31.25,2.0,0.0,0.0,0.0,31.25,57.75
2870,0.94,0.0,0.0,0.0,0.18,0.0,0.0,0.28,1.36,0.06,0.0,0.0,0.0,0.0,0.0,31.14,0.7,4.54,0.84,0.0,19.32,36.22
2871,1.069767441860465,0.0,0.0,0.0,0.5116279069767442,0.0,1.813953488372093,4.604651162790698,0.0,0.4883720930232558,0.0,0.0,0.0,0.0,0.0,56.30232558139535,3.1627906976744184,0.0,3.5813953488372094,0.0,22.046511627906977,39.627906976744185
2872,0.9259259259259259,0.0,0.0,0.0,0.0,0.0,0.037037037037037035,0.037037037037037035,0.8518518518518519,0.0,0.0,0.0,0.0,0.0,0.0,16.35185185185185,0.09259259259259259,4.2592592592592595,4.148148148148148,0.24074074074074073,13.685185185185185,24.074074074074073
2873,1.3376623376623376,0.0,0.0,0.0,0.0,0.0,0.0,0.0,0.0,0.0,0.0,0.0,0.2857142857142857,0.0,0.0,30.22077922077922,0.12987012987012986,6.012987012987013,0.12987012987012986,0.0,21.792207792207794,38.467532467532465
2874,0.6025641025641025,0.2948717948717949,0.0,0.0,0.0,0.0,0.07692307692307693,0.02564102564102564,0.0,0.15384615384615385,0.0,0.0,2.6153846153846154,0.0,0.038461538461538464,7.051282051282051,0.2564102564102564,0.7307692307692307,6.461538461538462,0.0,16.897435897435898,29.166666666666668
2875,1.03125,0.0,0.0,0.0,0.609375,0.0,0.46875,0.828125,1.875,0.359375,0.0,0.0,0.0,0.0,0.046875,32.421875,0.8125,4.734375,0.0,0.0,19.21875,30.921875
2876,0.4418604651162791,0.0,0.0,0.0,5.953488372093023,0.0,0.18604651162790697,0.0,0.0,0.0,4.837209302325581,0.0,0.0,0.0,0.0,52.13953488372093,0.4186046511627907,0.0,3.953488372093023,0.0,22.27906976744186,39.83720930232558
2877,1.0789473684210527,0.0,0.0,0.0,0.0,0.0,0.0,1.6973684210526316,0.0,0.0,0.0,0.0,0.039473684210526314,0.0,0.0,13.671052631578947,0.7236842105263158,4.921052631578948,0.0,0.0,10.68421052631579,19.11842105263158
2878,1.0769230769230769,0.0,0.5769230769230769,0.0,0.0,0.0,2.4615384615384617,3.769230769230769,1.2692307692307692,0.8076923076923077,0.0,0.0,0.0,0.0,0.0,26.423076923076923,2.6153846153846154,3.0,1.6153846153846154,0.0,17.192307692307693,29.153846153846153
2879,0.0,0.0,0.0,1.4444444444444444,5.666666666666667,0.0,0.0,0.0,0.0,0.0,48.583333333333336,0.0,0.0,0.0,1.9166666666666667,29.5,0.4722222222222222,0.0,3.3055555555555554,0.0,14.63888888888889,28.444444444444443
2880,0.11764705882352941,0.0,0.0,0.0,0.0,1.2352941176470589,0.08823529411764706,0.7941176470588235,0.0,0.0,0.0,0.0,0.0,0.0,0.0,13.264705882352942,1.8823529411764706,0.11764705882352941,1.5,0.0,16.235294117647058,29.176470588235293
2881,0.0,0.0,0.0,0.0,0.0,0.0,0.0,0.0,0.0,0.0,0.0,0.0,0.0,0.0,0.0,6.417391304347826,0.0,2.4869565217391303,0.0,0.0,9.57391304347826,15.478260869565217
2882,0.8,0.0,0.0,0.0,0.0,0.4714285714285714,0.4,0.0,0.05714285714285714,0.0,0.0,0.0,0.0,0.0,0.0,13.385714285714286,0.1,0.0,8.785714285714286,0.0,13.771428571428572,24.914285714285715
2883,0.4634146341463415,0.024390243902439025,0.0,0.0,0.12195121951219512,0.0,1.2682926829268293,0.0,0.0,0.0,0.0,0.0,0.0,0.0,2.073170731707317,13.560975609756097,1.951219512195122,1.8048780487804879,1.0975609756097562,0.0,19.414634146341463,36.21951219512195
2884,0.13953488372093023,0.0,0.0,0.0,0.0,0.0,0.3488372093023256,0.7441860465116279,0.0,0.0,0.0,0.0,2.186046511627907,0.0,0.0,2.511627906976744,0.5581395348837209,0.6046511627906976,8.116279069767442,0.0,9.046511627906977,18.813953488372093
2885,0.3125,0.0,0.0,0.0,0.0,0.0,0.3958333333333333,0.4166666666666667,0.4375,0.020833333333333332,0.0,0.0,0.0,0.08333333333333333,0.0,34.479166666666664,0.6666666666666666,5.583333333333333,0.25,0.0,18.395833333333332,28.375
2886,0.18518518518518517,0.0,0.0,0.0,0.0,0.0,1.1851851851851851,0.5555555555555556,0.2962962962962963,0.5185185185185185,0.0,0.0,0.0,1.6666666666666667,0.0,61.55555555555556,0.9259259259259259,13.88888888888889,0.5185185185185185,0.0,25.59259259259259,44.03703703703704
2887,0.0,0.0,0.0,0.0,0.0,0.0,0.3142857142857143,0.7142857142857143,0.0,0.0,0.0,0.0,6.314285714285714,7.371428571428571,0.0,6.9714285714285715,0.8285714285714286,4.8,5.2,0.0,10.942857142857143,17.34285714285714
2888,0.9382716049382716,0.0,0.0,0.06172839506172839,0.0,0.0,0.0,0.2222222222222222,0.0,0.0,0.345679012345679,0.0,0.0,0.0,0.0,6.765432098765432,0.0,0.8765432098765432,0.0,0.0,12.246913580246913,22.14814814814815
2889,0.0,0.0,0.0,0.0,0.0,0.0,1.4814814814814814,2.3703703703703702,0.0,0.5185185185185185,0.0,0.0,0.0,0.0,0.0,45.03703703703704,1.6296296296296295,0.0,4.518518518518518,0.0,25.074074074074073,40.111111111111114
2890,0.3880597014925373,0.0,0.0,0.0,0.0,0.0,0.0,0.029850746268656716,0.0,0.04477611940298507,0.0,0.0,8.0,0.0,0.0,6.223880597014926,0.0,0.5970149253731343,5.850746268656716,0.0,13.985074626865671,24.134328358208954
2891,0.02702702702702703,0.0,0.0,0.0,0.0,0.0,0.0,0.0,0.0,0.0,0.0,0.0,5.054054054054054,0.0,0.0,5.54054054054054,0.0,0.0,0.0,0.0,6.054054054054054,12.162162162162161
2892,0.14084507042253522,0.0,0.0,0.0,0.0,0.0,0.2535211267605634,0.5211267605633803,6.366197183098592,0.15492957746478872,0.0,0.0,0.0,0.0,0.0,17.211267605633804,0.43661971830985913,0.07042253521126761,2.1549295774647885,0.0,20.464788732394368,35.859154929577464
2893,0.8333333333333334,0.0,0.0,0.0,0.0,0.0,0.16666666666666666,0.0,0.0,0.0,0.0,0.0,0.0,0.0,0.0,19.75,0.0,0.0,7.75,0.0,17.5,34.833333333333336
2894,0.32432432432432434,0.0,0.0,0.0,0.0,0.0,0.0,0.8648648648648649,0.0,0.0,0.0,0.0,0.0,0.0,0.0,10.594594594594595,0.0,0.8918918918918919,16.216216216216218,0.0,13.108108108108109,24.54054054054054
2895,1.358974358974359,0.0,0.0,0.0,0.0,0.0,0.0,0.0,1.0,0.0,0.0,0.0,0.0,0.0,0.0,29.743589743589745,0.38461538461538464,5.564102564102564,0.0,0.0,23.743589743589745,41.256410256410255
2896,1.3673469387755102,0.0,0.0,0.0,0.14285714285714285,0.0,0.6938775510204082,2.857142857142857,0.46938775510204084,0.22448979591836735,0.0,0.0,0.0,0.0,0.0,46.63265306122449,2.7755102040816326,4.0,3.938775510204082,0.0,18.06122448979592,30.836734693877553
2897,1.087719298245614,0.0,0.0,0.0,0.6842105263157895,0.0,0.14035087719298245,0.42105263157894735,0.0,0.14035087719298245,0.2807017543859649,0.0,0.0,0.0,0.08771929824561403,36.21052631578947,0.5789473684210527,6.12280701754386,0.0,0.0,23.614035087719298,39.29824561403509
2898,0.6542553191489362,0.0,0.0,0.0,0.0,0.0,0.0,0.0,0.03723404255319149,0.0,0.0,0.0,0.0,0.0,0.0,4.558510638297872,0.0,2.6914893617021276,0.0,0.0,10.069148936170214,17.51595744680851
2899,0.0,0.07894736842105263,0.0,0.0,0.0,0.0,0.13157894736842105,0.0,2.1052631578947367,0.0,0.0,0.0,0.0,0.0,0.0,6.578947368421052,0.02631578947368421,5.368421052631579,0.0,0.0,12.657894736842104,22.263157894736842
2900,0.543859649122807,0.0,0.0,0.0,0.0,0.0,0.0,0.0,0.0,0.0,0.0,0.0,5.017543859649122,0.17543859649122806,0.0,7.7894736842105265,0.0,2.0526315789473686,3.0350877192982457,0.0,11.456140350877194,20.05263157894737
2901,0.8048780487804879,0.0,0.0,0.0,0.0,0.0,1.5365853658536586,0.0,0.2682926829268293,0.6585365853658537,0.0,0.0,0.0,0.0,3.7804878048780486,30.70731707317073,5.365853658536586,4.073170731707317,0.0,0.0,20.048780487804876,34.58536585365854
2902,1.0,0.0,0.0,0.0,13.625,0.0,0.08333333333333333,0.875,0.0,0.041666666666666664,2.875,0.0,0.0,0.0,0.0,28.875,0.08333333333333333,2.6666666666666665,0.0,0.0,8.708333333333334,14.541666666666666
2903,0.0,0.0,0.0,0.0,0.0,0.0,1.0,0.0,0.0,0.0,0.0,0.0,0.0,0.0,0.0,71.33333333333333,0.6666666666666666,0.0,7.333333333333333,0.0,24.0,51.0
2904,0.0,0.0,0.0,0.0,0.0,0.0,0.5365853658536586,0.14634146341463414,0.0,0.04878048780487805,0.0,0.0,0.0,0.0,0.0,34.292682926829265,0.8292682926829268,0.3170731707317073,1.9268292682926829,0.0,18.609756097560975,29.926829268292682
2905,1.4545454545454546,0.5636363636363636,0.0,0.0,0.0,0.0,0.43636363636363634,0.8545454545454545,0.9636363636363636,0.5272727272727272,0.0,0.0,0.0,0.0,0.05454545454545454,33.81818181818182,1.0,3.0545454545454547,0.0,0.0,19.509090909090908,32.54545454545455
2906,0.4,0.0,0.0,0.0,2.433333333333333,0.0,0.0,0.2,0.0,0.8333333333333334,24.933333333333334,0.0,0.0,0.0,0.6666666666666666,25.033333333333335,0.26666666666666666,1.5666666666666667,0.0,0.0,13.8,28.4
2907,0.7560975609756098,0.0,0.0,0.0,7.804878048780488,0.0,0.0,1.170731707317073,0.0,0.0,9.24390243902439,0.0,0.0,0.0,0.0,68.97560975609755,0.024390243902439025,0.0,11.634146341463415,0.0,17.24390243902439,30.804878048780488
2908,0.3870967741935484,0.0,0.0,0.0,0.0,0.0,0.03225806451612903,0.0967741935483871,0.7419354838709677,0.0,0.0,0.0,0.0,0.0,0.0,16.806451612903224,0.0967741935483871,3.4516129032258065,2.3870967741935485,0.9354838709677419,11.67741935483871,22.032258064516128
2909,0.21428571428571427,0.0,0.21428571428571427,0.0,0.0,0.0,1.7857142857142858,3.2857142857142856,5.428571428571429,0.7857142857142857,0.0,0.0,0.0,0.0,0.0,19.214285714285715,1.5,13.642857142857142,0.0,0.0,10.571428571428571,18.428571428571427
2910,2.0444444444444443,0.0,0.0,0.0,2.7333333333333334,0.0,0.0,0.15555555555555556,0.0,0.0,0.0,0.0,0.0,0.0,0.0,83.26666666666667,0.24444444444444444,0.0,0.0,0.0,17.511111111111113,30.022222222222222
2911,0.625,0.0,0.0,0.0,0.0,0.0,0.4375,0.0,2.6875,0.0,0.0,0.0,0.0,0.0,0.34375,21.21875,0.46875,9.75,0.0,0.0,20.15625,34.875
2912,0.4375,0.0,0.0,0.0,0.0,0.0,0.0,0.3958333333333333,1.3333333333333333,0.0,0.0,0.0,0.0,0.0,0.0,30.791666666666668,0.0,18.520833333333332,0.0,0.0,2.9166666666666665,7.5625
2913,0.09016393442622951,0.0,0.0,0.0,0.0,0.0,0.0,0.20491803278688525,0.0,0.0,0.0,0.0,0.0,0.0,0.0,5.508196721311475,0.0,3.5491803278688523,0.0,0.0,9.262295081967213,17.131147540983605
2914,0.0,0.0,0.0,0.0,0.0,0.0,0.06896551724137931,0.0,0.0,0.2413793103448276,0.0,0.0,6.827586206896552,0.0,1.4137931034482758,7.206896551724138,0.27586206896551724,2.6551724137931036,2.3793103448275863,0.0,12.068965517241379,21.724137931034484
2915,0.36585365853658536,0.0,0.0,0.0,0.0,0.0,0.12195121951219512,0.0975609756097561,1.6341463414634145,0.0,0.0,0.0,0.0,0.0,0.0,32.26829268292683,0.6097560975609756,3.951219512195122,6.024390243902439,0.0,19.390243902439025,32.78048780487805
2916,0.0,0.0,0.0,0.0,5.925925925925926,0.0,0.0,0.3148148148148148,0.037037037037037035,0.0,22.61111111111111,0.0,0.0,0.0,0.0,32.44444444444444,0.018518518518518517,0.0,1.3703703703703705,0.0,9.88888888888889,18.333333333333332
2917,0.4864864864864865,0.0,0.0,0.0,2.5945945945945947,0.0,0.0,0.5675675675675675,0.0,1.5945945945945945,10.08108108108108,0.0,0.0,0.0,0.24324324324324326,28.56756756756757,0.2972972972972973,0.0,0.0,0.0,14.64864864864865,27.135135135135137
2918,0.0,0.4482758620689655,0.0,0.0,0.0,4.448275862068965,0.0,0.0,0.0,0.0,0.0,0.0,0.0,0.0,0.0,17.413793103448278,0.2413793103448276,0.0,1.896551724137931,0.0,22.517241379310345,37.172413793103445
2919,1.0,0.0,0.0,0.0,0.0,0.0,0.0,2.8823529411764706,0.0,0.0,0.0,0.0,0.17647058823529413,0.0,0.0,11.676470588235293,0.014705882352941176,6.0,0.0,0.0,10.823529411764707,19.485294117647058
2920,0.24242424242424243,0.0,0.0,0.0,0.0,0.0,0.45454545454545453,0.0,0.0,0.30303030303030304,0.0,0.0,6.151515151515151,0.0,0.9090909090909091,5.121212121212121,0.3939393939393939,1.5151515151515151,0.0,0.0,7.666666666666667,12.212121212121213
2921,2.425,0.0,0.0,0.0,0.0,0.0,2.075,4.7,0.6,0.8,0.0,0.0,0.0,1.45,0.0,83.25,4.375,6.875,10.325,3.6,30.725,53.5
2922,0.23076923076923078,0.9230769230769231,0.0,0.0,0.0,0.34615384615384615,0.05128205128205128,0.0,1.6282051282051282,0.0,0.0,0.0,0.0,0.0,0.01282051282051282,15.743589743589743,0.3333333333333333,0.0,6.282051282051282,0.0,14.756410256410257,25.192307692307693
2923,0.0,0.0,0.0,0.0,0.0,0.0,1.6842105263157894,0.0,0.7368421052631579,0.42105263157894735,0.0,0.0,0.0,11.210526315789474,0.0,51.89473684210526,1.6842105263157894,12.947368421052632,0.0,0.0,24.05263157894737,45.94736842105263
2924,0.0,0.0,0.0,0.0,0.0,0.0,0.17777777777777778,0.2,0.0,0.0,0.0,0.0,8.155555555555555,0.13333333333333333,0.0,8.044444444444444,0.37777777777777777,3.3333333333333335,0.8666666666666667,0.0,10.755555555555556,17.044444444444444
2925,0.4745762711864407,0.0,0.0,0.0,0.0,0.0,0.423728813559322,0.3220338983050847,2.0847457627118646,0.0,0.0,0.0,0.0,0.0,0.0,20.11864406779661,0.7457627118644068,2.016949152542373,2.8983050847457625,0.8135593220338984,13.915254237288135,24.915254237288135
2926,0.3142857142857143,0.0,0.0,0.0,0.0,0.0,0.7571428571428571,1.0142857142857142,0.07142857142857142,0.0,3.142857142857143,0.0,0.0,0.0,0.0,19.285714285714285,1.7285714285714286,1.3142857142857143,7.014285714285714,0.17142857142857143,19.84285714285714,35.9
2927,0.616822429906542,0.0,0.0,0.3177570093457944,3.2710280373831777,0.0,0.0,0.2336448598130841,0.0,0.0,9.102803738317757,0.0,0.0,0.0,0.0,14.710280373831775,0.0,3.2149532710280373,0.0,0.0,9.02803738317757,16.27102803738318
2928,0.7183098591549296,0.0,0.0,0.0,0.0,0.0,0.9014084507042254,1.3661971830985915,0.15492957746478872,0.323943661971831,0.0,0.0,0.0,0.0,0.0,24.0,1.619718309859155,2.6056338028169015,0.07042253521126761,0.0,19.0,31.08450704225352
2929,0.0,0.0,0.0,0.5135135135135135,3.675675675675676,0.0,0.0,0.0,0.0,0.0,17.56756756756757,0.0,0.0,0.0,4.27027027027027,25.756756756756758,1.7837837837837838,2.2972972972972974,2.4594594594594597,0.0,18.945945945945947,34.891891891891895
2930,0.5662650602409639,0.0,0.0,0.0,0.0,0.0,0.0,0.0,0.0,0.0,12.80722891566265,0.0,2.5180722891566263,0.0,0.0,3.4096385542168677,0.0,0.6746987951807228,1.5060240963855422,0.0,7.783132530120482,15.686746987951807
2931,0.9146341463414634,0.0,0.0,0.0,0.0,0.0,0.012195121951219513,0.524390243902439,0.06097560975609756,0.18292682926829268,0.0,0.0,0.0,0.0,0.0,20.951219512195124,0.47560975609756095,1.2926829268292683,0.7926829268292683,0.0,13.195121951219512,24.402439024390244
2932,0.373134328358209,0.5970149253731343,0.0,0.0,0.0,0.0,0.22388059701492538,0.7164179104477612,0.1791044776119403,0.0,0.0,0.0,0.0,0.0,0.0,21.28358208955224,0.8507462686567164,3.253731343283582,0.0,0.0,15.17910447761194,28.029850746268657
2933,0.8518518518518519,0.0,0.0,0.0,0.0,0.0,0.0,0.0,0.0,0.0,0.0,0.0,0.0,0.0,0.0,62.51851851851852,0.4444444444444444,5.444444444444445,0.0,0.0,16.962962962962962,30.185185185185187
2934,0.8214285714285714,0.0,0.0,0.0,1.6428571428571428,0.0,1.4285714285714286,0.10714285714285714,0.0,0.5,0.21428571428571427,0.0,0.0,0.0,1.1428571428571428,39.0,1.25,0.0,0.0,0.0,18.892857142857142,35.32142857142857
2935,1.2941176470588236,0.0,0.0,0.0,0.17647058823529413,0.0,0.8529411764705882,1.911764705882353,0.0,0.7941176470588235,0.0,0.0,0.0,0.0,0.0,49.64705882352941,1.4411764705882353,0.0,0.0,0.0,20.58823529411765,36.0
2936,1.1388888888888888,0.0,0.0,0.0,0.0,0.0,0.2222222222222222,0.25,0.0,0.0,0.0,0.0,0.0,0.0,0.2222222222222222,37.638888888888886,0.8888888888888888,0.0,7.611111111111111,0.0,12.166666666666666,23.916666666666668
2937,0.8481012658227848,0.0,0.0,0.0,0.0,0.0,0.0,0.0,0.0,0.0,0.0,0.0,6.075949367088608,0.0,0.0,5.10126582278481,0.0,0.0,3.8227848101265822,0.0,11.784810126582279,21.20253164556962
2938,0.0,0.0,0.0,0.0,0.0,0.0,0.0,0.0,0.0,0.0,0.0,0.0,0.0,0.0,0.0,74.47368421052632,0.3684210526315789,1.631578947368421,3.8947368421052633,0.0,9.842105263157896,16.57894736842105
2939,1.3076923076923077,0.0,0.0,0.0,0.0,0.0,1.2307692307692308,1.4615384615384615,0.46153846153846156,0.3076923076923077,0.0,0.0,0.0,0.0,0.0,27.46153846153846,1.6153846153846154,5.3076923076923075,7.076923076923077,0.0,11.692307692307692,20.846153846153847
2940,0.5,0.2222222222222222,0.0,0.0,0.0,0.0,0.6111111111111112,3.5,0.5,0.6666666666666666,0.0,0.0,0.0,0.0,0.0,31.0,2.8333333333333335,2.5,0.0,0.0,25.666666666666668,43.333333333333336
2941,0.0,0.3103448275862069,0.0,0.0,0.0,2.0344827586206895,0.034482758620689655,0.0,0.5862068965517241,0.0,0.0,0.0,0.0,0.0,2.413793103448276,30.620689655172413,1.3103448275862069,0.0,0.3448275862068966,0.0,14.137931034482758,22.379310344827587
2942,0.2702702702702703,0.0,0.0,0.0,0.0,0.0,0.0,0.0,0.0,0.0,0.0,0.0,0.0,0.0,0.0,6.851351351351352,0.0,1.8783783783783783,0.0,0.0,13.567567567567568,21.64864864864865
2943,1.28,0.0,0.0,0.0,3.14,0.0,0.26,1.02,0.0,0.0,3.9,0.0,0.0,0.0,0.0,15.58,0.46,9.0,0.0,0.0,5.9,10.66
2944,0.0,0.0,0.0,0.0,0.0,0.0,0.7631578947368421,0.3684210526315789,0.10526315789473684,0.07894736842105263,0.0,0.0,0.0,0.0,0.0,52.28947368421053,1.9473684210526316,0.0,0.0,0.0,18.789473684210527,33.68421052631579
2945,0.0,0.0,0.0,0.0,0.0,0.0,0.0,0.0,0.0,0.0,0.0,0.0,4.166666666666667,0.0,0.0,8.2,0.0,0.21666666666666667,4.15,0.0,8.966666666666667,15.433333333333334
2946,0.8823529411764706,0.0,0.0,0.0,0.0,0.0,0.5588235294117647,0.4411764705882353,2.411764705882353,0.0,0.0,0.0,0.0,0.0,0.0,21.61764705882353,0.6176470588235294,13.705882352941176,0.2647058823529412,0.0,14.911764705882353,22.823529411764707
2947,1.6071428571428572,0.0,0.0,0.0,0.0,0.0,1.4285714285714286,2.607142857142857,0.0,0.75,0.0,0.0,0.0,0.0,0.0,55.142857142857146,4.142857142857143,0.0,42.607142857142854,0.0,27.892857142857142,46.964285714285715
2948,2.037037037037037,0.0,0.0,0.0,0.0,0.0,0.1111111111111111,0.0,0.0,0.037037037037037035,0.0,0.0,0.0,0.0,0.0,72.18518518518519,0.37037037037037035,0.0,10.62962962962963,0.0,23.555555555555557,42.333333333333336
2949,0.35135135135135137,0.0,0.0,0.5608108108108109,0.0,0.0,0.0,0.0,0.0,0.0,0.14189189189189189,0.0,0.0,0.0,0.0,12.45945945945946,0.02027027027027027,2.804054054054054,0.0,0.0,14.587837837837839,25.08108108108108
2950,1.5,0.0,0.0,0.0,0.0,0.0,0.0,0.65625,0.046875,0.0,0.0,0.0,0.0,0.0,0.0,15.84375,0.0,15.3125,0.0,0.0,8.265625,15.96875
2951,1.121212121212121,0.0,0.0,0.0,0.0,0.0,0.06060606060606061,0.0,0.0,0.0,0.0,0.0,7.0,0.0,0.0,7.121212121212121,0.21212121212121213,1.6363636363636365,2.3636363636363638,0.0,12.575757575757576,21.363636363636363
2952,1.1153846153846154,0.0,0.0,0.0,0.0,0.0,0.07692307692307693,0.7692307692307693,1.3461538461538463,0.19230769230769232,0.0,0.0,0.0,0.0,0.0,29.923076923076923,0.6153846153846154,5.615384615384615,0.0,0.0,21.0,39.03846153846154
2953,1.4375,0.0,0.0,0.0,0.0,0.0,0.609375,0.84375,0.359375,0.15625,0.0,0.0,0.0,5.34375,0.0,16.828125,0.703125,1.953125,4.5625,0.0,12.453125,22.328125
2954,0.6206896551724138,0.0,0.0,0.0,0.0,0.0,0.0,0.9310344827586207,0.0,0.0,0.0,0.0,0.0,0.0,0.0,8.281609195402298,0.0,0.9597701149425287,0.0,0.0,12.011494252873563,22.195402298850574
2955,0.6666666666666666,0.0,0.0,0.0,0.0,0.0,0.2222222222222222,0.0,0.0,0.04938271604938271,0.0,0.0,4.160493827160494,0.0,0.32098765432098764,8.469135802469136,0.2345679012345679,2.271604938271605,2.234567901234568,0.0,11.271604938271604,20.098765432098766
2956,2.075,0.0,0.0,0.0,2.025,0.0,0.0,0.0,0.0,0.0,1.325,0.0,0.0,0.0,0.0,103.525,0.225,0.0,2.55,0.0,26.725,43.55
2957,0.2,0.0,0.0,0.0,0.0,0.0,0.6166666666666667,1.2166666666666666,6.7,0.06666666666666667,0.0,0.0,0.0,0.0,0.0,15.933333333333334,0.4,14.033333333333333,0.75,0.0,11.45,22.85
2958,0.4583333333333333,0.0,0.0,0.0,0.0,0.0,0.0,1.0625,0.0,0.0,0.0,0.0,0.0,0.0,0.0,6.625,0.0,0.0,0.0,0.0,4.041666666666667,7.6875
2959,0.27586206896551724,0.0,0.0,0.0,0.0,0.0,0.0,0.0,0.0,0.0,0.0,0.0,11.241379310344827,0.0,0.0,6.172413793103448,0.0,3.0,4.517241379310345,0.0,6.206896551724138,10.758620689655173
2960,0.0,0.0,0.0,0.0,4.711538461538462,0.0,0.0,0.07692307692307693,0.0,0.0,6.3076923076923075,0.0,0.0,0.0,0.0,3.923076923076923,0.07692307692307693,1.1538461538461537,9.826923076923077,0.0,11.211538461538462,20.442307692307693
2961,0.43333333333333335,0.0,0.43333333333333335,0.0,0.0,0.0,1.55,2.283333333333333,0.0,0.4,0.0,0.0,0.0,0.0,4.466666666666667,32.56666666666667,2.35,0.4,0.3333333333333333,0.0,22.283333333333335,38.8
2962,0.7352941176470589,0.0,0.0,0.0,0.0,0.0,1.0,0.0,0.0,0.0,0.0,0.0,0.0,0.0,0.0,100.82352941176471,1.4705882352941178,0.0,0.0,0.0,21.41176470588235,37.61764705882353
2963,0.05970149253731343,0.0,0.0,0.0,0.0,0.0,0.0,0.6865671641791045,0.0,0.0,0.0,0.0,0.0,0.0,0.0,6.686567164179104,0.0,2.0,0.0,0.0,4.164179104477612,10.283582089552239
2964,1.8333333333333333,0.1111111111111111,0.0,0.0,0.0,0.0,1.0555555555555556,0.7222222222222222,0.0,0.4444444444444444,0.0,0.0,0.0,0.0,0.0,40.27777777777778,1.0555555555555556,5.888888888888889,0.0,0.0,19.77777777777778,32.27777777777778
2965,0.6470588235294118,0.0,0.0,0.0,0.0,0.0,1.4823529411764707,1.4705882352941178,0.0,0.2235294117647059,0.0,0.0,3.364705882352941,0.0,0.0,9.51764705882353,0.788235294117647,1.388235294117647,0.32941176470588235,0.0,14.68235294117647,25.48235294117647
2966,1.829268292682927,0.0,0.0,0.0,0.0,0.0,0.0,0.0,0.0,0.0,0.0,0.0,0.0,0.0,0.0,46.1219512195122,0.04878048780487805,10.926829268292684,0.0,0.0,23.5609756097561,41.36585365853659
2967,0.1111111111111111,0.0,0.0,0.0,3.5833333333333335,0.0,0.8055555555555556,1.2777777777777777,0.0,0.1388888888888889,6.666666666666667,0.0,0.0,0.0,0.0,19.805555555555557,0.8611111111111112,5.027777777777778,0.0,0.0,17.25,31.61111111111111
2968,0.6076923076923076,0.0,0.0,0.0,0.0,0.0,0.0,0.0,0.0,0.0,0.0,0.0,0.0,0.0,0.0,3.3846153846153846,0.0,2.0,0.0,0.0,10.323076923076924,17.546153846153846
2969,0.45714285714285713,0.0,0.0,0.0,0.0,0.0,0.0,0.0,0.0,0.0,0.0,0.0,0.0,0.0,0.0,8.071428571428571,0.0,2.642857142857143,0.8857142857142857,0.0,6.385714285714286,12.728571428571428
2970,0.0,0.05555555555555555,0.0,0.0,0.0,0.0,0.9444444444444444,1.1111111111111112,0.7777777777777778,0.9444444444444444,1.3888888888888888,0.0,0.0,0.2777777777777778,3.888888888888889,69.0,4.444444444444445,1.3888888888888888,0.0,0.0,30.38888888888889,53.27777777777778
2971,1.5833333333333333,0.08333333333333333,0.0,0.0,0.0,0.0,0.5416666666666666,1.125,1.1666666666666667,0.0,0.0,0.0,0.0,0.0,0.0,29.875,0.7916666666666666,12.25,2.4166666666666665,0.0,10.041666666666666,17.333333333333332
2972,1.588235294117647,0.0,0.0,0.0,0.0,0.0,0.0,0.058823529411764705,0.0,0.23529411764705882,0.0,0.0,0.0,0.0,0.0,81.23529411764706,0.35294117647058826,0.0,0.0,0.0,10.176470588235293,16.529411764705884
2973,0.0,0.0,0.0,0.0,7.05,0.0,0.8,0.25,0.0,0.0,0.0,0.0,0.0,0.0,6.0,20.65,1.75,0.0,14.35,0.0,14.05,22.5
2974,0.23140495867768596,0.0,0.0,0.0,0.0,0.0,0.0,0.32231404958677684,0.0,0.0,0.0,0.0,0.0,0.0,0.0,6.471074380165289,0.0,3.0,0.0,0.0,6.75206611570248,12.975206611570249
2975,0.546875,0.0,0.0,0.0,0.0,0.0,0.0,0.5625,3.15625,0.0,0.0,0.0,0.0,0.0,0.0,31.0625,0.0,23.421875,0.0,0.0,15.96875,27.328125
2976,0.12195121951219512,0.9512195121951219,0.0,0.0,0.0,0.0,0.12195121951219512,0.0,0.0,0.12195121951219512,0.0,0.0,0.0,0.0,0.0,44.75609756097561,0.4634146341463415,6.926829268292683,0.5365853658536586,0.0,23.0,38.90243902439025
2977,0.21875,0.0,0.0,0.0,0.0,0.0,0.0,0.0,0.0,0.0,0.0,0.0,0.0,0.0,0.3125,42.0625,0.21875,1.15625,4.71875,1.5,8.40625,16.78125
2978,0.9615384615384616,0.0,0.0,0.0,0.0,0.0,0.07692307692307693,0.0,1.1153846153846154,0.11538461538461539,0.0,0.0,0.0,0.0,0.0,22.153846153846153,0.4230769230769231,1.2692307692307692,4.6923076923076925,0.0,5.923076923076923,9.076923076923077
2979,0.9848484848484849,0.0,0.0,0.0,0.0,0.0,0.9090909090909091,2.5303030303030303,0.0,0.5303030303030303,0.0,0.0,0.0,0.0,0.16666666666666666,20.772727272727273,1.5151515151515151,0.7121212121212122,3.515151515151515,0.0,19.227272727272727,31.515151515151516
2980,0.0,0.0,0.0,0.0,0.0,0.0,0.9074074074074074,0.7407407407407407,0.0,0.0,0.7962962962962963,0.0,0.0,0.0,5.62962962962963,18.22222222222222,2.7777777777777777,0.0,0.0,0.0,24.37037037037037,42.46296296296296
2981,0.9574468085106383,0.2127659574468085,0.0,0.0,0.0,0.0,0.0,0.0,0.7021276595744681,0.0,0.5106382978723404,0.0,0.0,0.0,0.0,15.382978723404255,0.1276595744680851,7.191489361702128,0.5319148936170213,0.0,8.574468085106384,15.106382978723405
2982,0.45652173913043476,0.0,0.0,0.0,0.0,0.0,0.0,0.0,0.0,0.0,0.0,0.0,0.0,0.0,0.0,43.26086956521739,0.34782608695652173,0.0,1.4565217391304348,0.0,20.91304347826087,34.30434782608695
2983,0.0,0.0,0.0,0.0,0.0,0.0,0.03333333333333333,0.0,0.0,0.0,0.0,0.0,4.966666666666667,0.0,0.43333333333333335,5.4,0.0,3.1333333333333333,4.066666666666666,0.0,5.933333333333334,12.0
2984,1.7241379310344827,0.13793103448275862,0.0,0.0,0.0,0.0,0.6896551724137931,2.206896551724138,0.0,0.4827586206896552,0.0,0.0,0.0,0.0,0.0,35.689655172413794,3.310344827586207,0.2413793103448276,0.0,0.0,24.75862068965517,39.51724137931034
2985,0.0,0.0,0.0,0.0,2.9411764705882355,0.0,0.0,0.0,0.0,0.0,0.0,0.0,0.0,0.0,0.0,55.529411764705884,0.4117647058823529,0.0,0.0,0.0,16.058823529411764,26.705882352941178
2986,0.045454545454545456,0.0,0.0,0.0,2.9393939393939394,0.0,0.09090909090909091,0.0,0.10606060606060606,0.0,2.212121212121212,0.0,0.0,0.0,0.0,3.303030303030303,0.06060606060606061,0.19696969696969696,18.78787878787879,0.0,8.424242424242424,15.287878787878787
2987,0.1206896551724138,0.0,0.0,0.0,0.13793103448275862,0.0,0.0,0.0,0.0,0.0,0.06896551724137931,0.0,0.0,0.0,0.0,10.775862068965518,0.0,9.431034482758621,1.0862068965517242,0.0,5.155172413793103,11.03448275862069
2988,0.0,0.0,0.0,0.0,0.0,0.0,0.22857142857142856,0.17142857142857143,0.0,0.0,0.0,0.0,0.0,0.0,0.0,23.142857142857142,0.7428571428571429,0.0,6.857142857142857,0.0,13.2,25.857142857142858
2989,0.0,0.0,0.0,0.0,0.0,0.0,1.0526315789473684,4.052631578947368,0.0,0.0,16.210526315789473,0.0,0.0,0.0,0.3684210526315789,32.8421052631579,2.3157894736842106,0.0,22.526315789473685,0.0,12.421052631578947,24.157894736842106
2990,1.8,0.0,0.0,0.0,0.0,0.0,0.0,0.0,0.0,0.0,0.0,0.0,0.0,0.0,0.0,32.1,0.7,0.0,0.0,0.0,28.7,51.2
2991,1.475,0.0,0.0,0.0,0.0,0.0,0.025,0.15,0.575,0.1,0.0,0.0,0.0,0.675,0.0,25.05,0.15,6.075,2.55,0.0,13.275,23.4
2992,0.8780487804878049,1.3658536585365855,0.0,0.0,0.0,0.0,0.5853658536585366,2.341463414634146,0.0,0.0,0.0,0.0,0.0,0.0,0.0,76.29268292682927,1.5853658536585367,0.0,0.0,0.0,31.146341463414632,56.46341463414634
2993,0.9166666666666666,0.0,0.0,0.0,0.0,0.0,0.5,0.0,0.0,0.0,0.0,0.0,0.0,0.0,1.0,55.583333333333336,1.5,0.0,0.0,0.0,9.416666666666666,18.166666666666668
2994,1.5,0.0,0.0,1.0,8.772727272727273,0.0,2.5454545454545454,2.090909090909091,0.0,1.2272727272727273,17.272727272727273,0.0,0.0,0.0,0.0,65.36363636363636,2.590909090909091,0.0,3.727272727272727,0.0,32.04545454545455,52.31818181818182
2995,0.0,0.0,0.0,0.0,1.288888888888889,0.0,0.0,0.0,0.4444444444444444,0.0,0.0,0.0,0.0,0.0,0.0,19.844444444444445,0.0,3.1555555555555554,3.511111111111111,0.0,10.488888888888889,21.511111111111113
2996,0.0,0.0,0.0,0.0,0.0,0.0,0.0,1.878787878787879,0.09090909090909091,0.0,0.0,0.0,0.0,0.0,0.0,5.696969696969697,0.0,2.893939393939394,0.0,0.0,4.075757575757576,7.954545454545454
2997,0.04477611940298507,0.0,0.0,0.0,0.0,0.0,0.208955223880597,0.5970149253731343,0.0,0.2835820895522388,0.0,0.0,8.402985074626866,0.0,0.0,11.955223880597014,1.4776119402985075,4.507462686567164,1.7164179104477613,0.0,12.686567164179104,20.611940298507463
2998,0.3684210526315789,0.0,0.0,0.0,0.0,0.0,0.05263157894736842,0.631578947368421,0.5263157894736842,0.10526315789473684,0.0,0.0,0.0,0.0,0.0,25.473684210526315,0.5789473684210527,1.3157894736842106,1.0526315789473684,0.0,14.736842105263158,23.526315789473685
2999,1.488888888888889,0.13333333333333333,0.0,0.0,0.0,0.0,1.6,1.9111111111111112,0.0,0.35555555555555557,0.0,0.0,0.0,0.0,0.1111111111111111,30.066666666666666,1.4222222222222223,5.911111111111111,0.0,0.0,29.266666666666666,47.68888888888889
3000,0.0,0.0,0.0,0.0,2.4347826086956523,0.0,0.5652173913043478,0.0,0.0,0.0,0.0,0.0,0.0,0.0,3.391304347826087,31.08695652173913,1.391304347826087,3.782608695652174,4.217391304347826,0.0,9.173913043478262,20.043478260869566
3001,0.27941176470588236,0.0,0.0,0.0,0.0,0.0,0.11764705882352941,0.27941176470588236,2.2794117647058822,0.0,0.0,0.0,0.0,0.0,0.22058823529411764,11.426470588235293,0.14705882352941177,0.0,3.1323529411764706,0.0,12.838235294117647,24.426470588235293
3002,0.0,0.0,0.0,0.0,0.0,0.0,0.0,0.0,0.0,0.0,0.0,0.0,0.0,0.0,0.0,6.17948717948718,0.0,3.948717948717949,0.0,0.0,2.358974358974359,6.230769230769231
3003,1.1515151515151516,0.0,0.0,0.0,0.0,0.0,0.30303030303030304,0.9090909090909091,0.0,0.9393939393939394,0.0,0.0,0.0,0.0,3.0606060606060606,63.121212121212125,1.4848484848484849,0.0,28.96969696969697,0.0,28.0,46.78787878787879
3004,0.08571428571428572,0.0,0.0,0.0,0.0,0.0,0.0,0.0,2.4,0.02857142857142857,0.0,0.0,0.0,0.0,0.0,28.914285714285715,0.17142857142857143,6.0,0.6285714285714286,0.0,13.685714285714285,23.914285714285715
3005,1.108695652173913,0.5434782608695652,0.0,0.0,0.0,0.0,1.3695652173913044,2.739130434782609,0.45652173913043476,0.6521739130434783,0.5434782608695652,0.0,0.0,0.08695652173913043,0.10869565217391304,54.80434782608695,2.0434782608695654,2.152173913043478,0.0,0.0,29.08695652173913,50.71739130434783
3006,0.46808510638297873,0.0,0.0,0.0,0.0,0.0,0.0,0.0,0.0,0.0,0.0,0.0,2.127659574468085,0.0,0.0,13.436170212765957,0.05319148936170213,0.7446808510638298,0.0,0.0,9.542553191489361,17.22340425531915
3007,0.0,0.0,0.0,0.0,0.0,0.0,0.375,0.0,2.84375,0.09375,0.0,0.0,0.0,0.0,0.0,16.125,0.375,14.53125,0.0,0.0,9.0625,19.40625
3008,0.7894736842105263,0.0,0.0,0.0,0.0,0.0,0.0,0.0,1.5789473684210527,0.0,0.0,0.0,0.0,0.0,0.0,46.8421052631579,0.5,0.0,0.0,0.0,25.736842105263158,40.81578947368421
3009,1.2352941176470589,0.0,0.0,0.0,0.0,0.0,0.0,0.17647058823529413,0.0,0.0,8.0,0.0,0.0,0.0,0.0,71.41176470588235,0.35294117647058826,0.0,13.352941176470589,0.0,16.0,25.529411764705884
3010,0.3488372093023256,0.0,0.0,0.0,0.0,0.0,0.0,0.0,0.0,0.0,0.0,0.0,0.0,0.0,0.0,2.8294573643410854,0.0,2.449612403100775,0.0,0.0,11.713178294573643,19.333333333333332
3011,0.1297709923664122,0.0,0.0,0.0,0.0,0.0,0.0,0.0,0.0,0.0,0.0,0.0,0.0,0.0,0.0,7.412213740458015,0.0,1.1984732824427482,0.0,0.0,6.061068702290076,11.732824427480915
3012,0.0,0.0,0.0,0.0,0.0,0.0,0.0,0.0,0.0,0.0,0.0,0.0,0.0,0.0,0.0,37.041666666666664,0.0,0.0,0.0,0.0,19.166666666666668,33.0
3013,1.75,0.6,0.0,0.0,0.0,0.0,0.3,0.8,0.0,0.55,0.0,0.0,0.0,0.0,0.0,43.5,0.4,0.55,0.0,0.0,26.75,41.2
3014,0.8484848484848485,0.15151515151515152,0.0,0.0,0.0,0.0,0.12121212121212122,0.0,3.1515151515151514,0.30303030303030304,0.0,0.0,0.0,3.0606060606060606,0.3939393939393939,59.21212121212121,0.3939393939393939,7.242424242424242,0.0,0.0,26.151515151515152,42.45454545454545
3015,0.19230769230769232,0.0,0.0,0.0,0.0,0.0,0.9230769230769231,0.9230769230769231,0.038461538461538464,0.0,0.0,0.0,0.0,0.0,0.6923076923076923,14.807692307692308,0.9615384615384616,0.0,0.0,0.0,18.884615384615383,30.115384615384617
3016,0.7,0.0,0.0,1.5,2.7,0.0,0.9666666666666667,2.183333333333333,0.9333333333333333,0.5666666666666667,2.9,0.0,0.0,0.0,0.0,21.983333333333334,0.8666666666666667,2.15,5.066666666666666,0.0,11.45,19.0
3017,0.49295774647887325,0.0,0.0,0.2112676056338028,1.1549295774647887,0.0,0.30985915492957744,0.8591549295774648,0.18309859154929578,0.4647887323943662,0.19718309859154928,0.0,0.0,0.0,0.8169014084507042,14.577464788732394,1.5352112676056338,2.971830985915493,1.732394366197183,0.0,17.943661971830984,31.52112676056338
3018,0.0,0.0,0.0,0.0,0.0,0.0,0.0,0.0,3.8461538461538463,0.0,0.0,0.0,0.0,0.0,0.0,35.65384615384615,0.038461538461538464,3.423076923076923,0.6153846153846154,0.0,15.884615384615385,30.576923076923077
3019,0.9642857142857143,0.0,0.0,0.0,0.0,0.0,0.07142857142857142,0.0,0.0,0.0,0.0,0.0,3.4285714285714284,0.0,0.0,10.821428571428571,0.35714285714285715,0.0,0.9464285714285714,0.0,10.660714285714286,20.160714285714285
3020,0.0,0.0,0.0,0.0,0.0,0.0,0.0,0.0,0.0,0.0,0.0,0.0,0.0,0.0,0.0,20.75,0.25,0.0,0.0,0.0,7.375,15.625
3021,0.24358974358974358,0.0,0.0,0.0,0.0,0.0,0.0,0.08333333333333333,0.0,0.0,0.0,0.0,0.0,0.0,0.0,9.423076923076923,0.0,6.288461538461538,0.0,0.0,5.57051282051282,11.64102564102564
3022,0.48214285714285715,0.0,0.0,0.0,0.3357142857142857,0.0,0.0,0.10714285714285714,0.02142857142857143,0.0,0.42142857142857143,0.0,0.0,0.0,0.0,6.760714285714286,0.0,3.2214285714285715,0.4928571428571429,0.0,6.642857142857143,12.32857142857143
3023,0.0,0.0,0.0,0.0,0.0,0.0,0.0,0.0,0.0,0.0,0.0,0.0,0.0,0.0,0.0,8.117647058823529,0.0,4.470588235294118,0.0,0.0,3.0,7.294117647058823
3024,0.5064935064935064,0.0,0.0,0.0,0.0,0.0,0.0,1.6103896103896105,0.0,0.0,0.0,0.0,0.0,0.0,0.0,14.311688311688311,0.0,4.818181818181818,0.0,0.0,9.909090909090908,18.857142857142858
3025,1.2,0.0,0.0,0.0,0.0,0.0,0.0,0.29333333333333333,0.0,0.0,0.0,0.0,0.0,0.0,0.0,7.84,0.006666666666666667,2.3333333333333335,0.0,0.0,17.346666666666668,29.013333333333332
3026,0.0,0.0,0.0,0.0,0.0,0.0,0.0,0.0,0.0,0.042105263157894736,0.0,0.0,5.2105263157894735,0.0,0.0,7.747368421052632,0.22105263157894736,7.4,1.7052631578947368,0.0,10.736842105263158,18.57894736842105
3027,0.0,0.0,0.0,4.026315789473684,14.210526315789474,0.0,0.13157894736842105,0.5789473684210527,0.0,0.05263157894736842,2.026315789473684,0.0,0.0,0.0,0.07894736842105263,6.552631578947368,0.5526315789473685,0.2894736842105263,4.605263157894737,0.0,7.894736842105263,15.052631578947368
3028,0.36363636363636365,0.4090909090909091,0.0,0.0,0.0,0.0,0.45454545454545453,0.0,0.7727272727272727,0.09090909090909091,0.0,0.0,0.0,0.09090909090909091,0.4090909090909091,45.68181818181818,1.2727272727272727,2.1363636363636362,0.0,0.0,19.59090909090909,34.22727272727273
3029,0.0,0.0,0.0,0.0,3.9166666666666665,0.0,0.08333333333333333,0.16666666666666666,0.0,0.0,1.0,0.0,0.0,0.0,0.0,34.041666666666664,0.2916666666666667,1.9583333333333333,5.791666666666667,0.0,6.458333333333333,12.166666666666666
3030,0.23333333333333334,0.0,0.0,0.0,0.0,0.0,0.0,0.44666666666666666,0.0,0.0,0.0,0.0,0.0,0.0,0.0,5.366666666666666,0.0,4.3533333333333335,0.0,0.0,5.88,11.386666666666667
3031,0.7727272727272727,0.0,0.0,0.0,0.0,0.0,0.0,0.0,0.0,0.0,0.0,0.0,0.0,0.0,0.0,42.72727272727273,0.36363636363636365,0.0,0.0,0.0,12.227272727272727,18.0
3032,0.1111111111111111,0.0,0.0,0.0,0.0,0.0,0.4,1.2,0.0,0.0,11.666666666666666,0.0,0.0,0.0,0.0,16.08888888888889,0.8888888888888888,0.7333333333333333,7.644444444444445,0.0,12.044444444444444,23.066666666666666
3033,0.6363636363636364,0.0,0.0,0.0,0.0,0.0,1.4,3.727272727272727,0.0,0.4909090909090909,0.0,0.0,0.0,0.0,0.0,42.27272727272727,2.3454545454545452,0.0,7.1454545454545455,0.0,27.163636363636364,45.30909090909091
3034,0.23684210526315788,0.0,0.0,0.0,0.0,0.0,1.0263157894736843,2.289473684210526,0.0,0.0,0.0,0.0,0.0,0.0,0.5,24.42105263157895,1.5789473684210527,1.5263157894736843,6.5,0.0,16.81578947368421,29.736842105263158
3035,0.16666666666666666,0.0,0.0,0.0,0.0,0.0,0.0,0.06666666666666667,0.0,0.0,0.0,0.0,0.0,0.0,0.0,3.183333333333333,0.0,5.7,0.0,0.0,3.566666666666667,7.416666666666667
3036,0.075,0.0,0.0,0.0,0.0,0.0,0.475,0.575,2.275,0.025,0.0,0.0,0.0,0.0,0.0,23.625,0.5,4.125,4.75,0.0,17.6,30.0
3037,1.6666666666666667,0.0,0.5277777777777778,0.0,0.0,0.0,1.4166666666666667,3.8055555555555554,0.0,0.6388888888888888,0.0,9.055555555555555,0.0,0.0,0.0,43.833333333333336,3.6666666666666665,0.0,0.6944444444444444,0.0,21.305555555555557,36.138888888888886
3038,0.6463414634146342,0.0,0.0,0.0,0.0,0.0,0.14634146341463414,0.0,0.0,0.0,0.0,0.0,4.121951219512195,0.0,0.0,10.060975609756097,0.2682926829268293,4.060975609756097,2.2439024390243905,0.0,11.085365853658537,19.975609756097562
3039,1.1785714285714286,2.1785714285714284,0.0,0.0,0.0,0.0,0.21428571428571427,0.14285714285714285,0.0,0.35714285714285715,0.0,0.0,0.0,0.0,0.0,56.607142857142854,0.7142857142857143,0.0,0.0,0.0,20.785714285714285,35.75
3040,0.10526315789473684,0.0,0.0,0.0,0.0,0.0,0.0,0.0,0.0,0.0,0.0,0.0,0.0,0.0,0.0,14.789473684210526,0.0,0.7894736842105263,4.947368421052632,0.0,8.868421052631579,16.289473684210527
3041,0.34328358208955223,0.0,0.0,0.0,0.0,0.0,0.0,0.3880597014925373,0.0,0.6119402985074627,0.0,0.0,0.0,0.0,0.0,20.83582089552239,0.22388059701492538,0.6268656716417911,9.119402985074627,0.0,16.507462686567163,29.417910447761194
3042,0.0,0.0,0.0,0.0,0.0,0.0,0.09523809523809523,0.0,2.9047619047619047,0.0,0.0,0.0,0.0,0.0,0.0,26.238095238095237,0.14285714285714285,0.0,0.0,0.0,25.61904761904762,39.76190476190476
3043,1.457142857142857,0.0,0.0,0.0,0.0,0.0,0.5142857142857142,2.6285714285714286,0.0,0.5142857142857142,0.0,0.0,0.0,0.0,0.0,35.05714285714286,2.057142857142857,0.0,10.685714285714285,0.0,18.34285714285714,35.02857142857143
3044,0.6140350877192983,0.0,0.0,0.0,0.0,0.0,0.3508771929824561,0.2631578947368421,0.0,0.0,0.0,0.0,0.0,0.0,0.12280701754385964,17.157894736842106,0.19298245614035087,0.15789473684210525,0.03508771929824561,0.0,11.719298245614034,19.75438596491228
3045,0.2545454545454545,0.0,0.0,0.9636363636363636,6.181818181818182,0.0,0.07272727272727272,0.2727272727272727,0.18181818181818182,0.0,0.9272727272727272,0.0,0.0,0.0,0.0,18.254545454545454,0.3090909090909091,5.636363636363637,3.2181818181818183,0.0,8.127272727272727,13.49090909090909
3046,0.44029850746268656,0.0,0.0,0.0,0.2537313432835821,0.0,0.0,0.0,0.0,0.0,14.440298507462687,0.0,0.0,0.0,0.0,9.67910447761194,0.0,3.283582089552239,2.3955223880597014,0.0,8.022388059701493,15.694029850746269
3047,0.0,0.0,0.0,0.0,0.0,0.0,0.0,2.8333333333333335,0.0,0.0,0.0,0.0,0.0,0.0,0.0,38.833333333333336,2.6666666666666665,0.0,0.0,0.0,12.666666666666666,27.0
3048,0.0,0.0,0.0,0.0,0.0,0.0,0.0,0.0,0.0,0.0,0.0,0.0,0.0,0.0,0.0,164.55555555555554,0.6666666666666666,0.0,0.0,0.0,11.444444444444445,18.77777777777778
3049,0.0,0.0,0.0,0.0,0.0,0.0,0.0,0.20689655172413793,0.0,0.0,0.0,0.0,0.0,0.0,0.0,46.06896551724138,0.0,1.0344827586206897,0.0,0.0,14.827586206896552,24.620689655172413
3050,0.0,0.0,0.0,0.0,0.0,0.0,0.7647058823529411,0.0,0.0,0.0,0.0,0.0,1.2941176470588236,0.0,0.0,37.05882352941177,1.0,0.0,0.0,0.0,12.235294117647058,22.764705882352942
3051,0.0,0.0,0.0,0.0,0.0,0.0,0.0,0.0,0.0,0.0,72.52380952380952,0.0,0.0,0.0,0.0,6.523809523809524,0.0,2.142857142857143,5.523809523809524,0.0,3.380952380952381,9.857142857142858
3052,1.2253521126760563,0.0,0.0,0.0,0.0,0.0,0.8169014084507042,1.267605633802817,0.2676056338028169,0.04225352112676056,0.0,0.0,0.0,0.0,0.0,28.746478873239436,0.9295774647887324,0.7183098591549296,12.549295774647888,0.0,14.887323943661972,24.760563380281692
3053,0.0,0.0,0.0,0.050724637681159424,0.36231884057971014,0.0,0.0,0.0,0.0,0.0,1.6231884057971016,0.0,0.0,0.0,0.0,11.630434782608695,0.0,2.782608695652174,0.0,0.0,1.5724637681159421,5.028985507246377
3054,0.09523809523809523,0.0,0.0,0.0,0.0,0.0,0.8571428571428571,0.6190476190476191,0.0,0.0,0.0,0.0,0.0,0.0,0.0,52.142857142857146,1.9047619047619047,4.142857142857143,0.8095238095238095,0.0,13.333333333333334,26.047619047619047
3055,0.7777777777777778,0.0,0.0,0.0,0.0,0.08333333333333333,1.25,2.25,0.3611111111111111,0.0,0.0,0.0,0.0,0.0,0.0,36.416666666666664,1.5277777777777777,0.0,7.055555555555555,0.0,33.52777777777778,55.27777777777778
3056,0.0,0.0,0.0,0.0,0.0,0.0,0.0,0.0,0.0,0.0,0.0,0.0,0.0,0.0,0.0,85.3103448275862,0.41379310344827586,0.0,0.0,0.0,13.96551724137931,24.310344827586206
3057,0.0,0.0,0.0,4.916666666666667,4.75,0.0,0.4166666666666667,0.5833333333333334,0.0,0.0,0.0,0.0,0.0,0.0,1.7083333333333333,16.583333333333332,0.875,2.125,8.791666666666666,0.0,7.333333333333333,15.583333333333334
3058,1.1142857142857143,0.0,0.0,0.0,0.0,0.0,0.6857142857142857,1.8285714285714285,0.0,0.0,0.0,0.0,0.0,0.0,0.0,22.457142857142856,1.1142857142857143,0.45714285714285713,10.371428571428572,0.0,13.17142857142857,22.65714285714286
3059,0.29545454545454547,0.0,0.0,0.0,0.0,0.0,0.45454545454545453,1.0454545454545454,0.0,0.0,0.0,0.0,0.0,0.0,0.0,45.56818181818182,1.75,0.0,0.5909090909090909,0.0,26.681818181818183,47.86363636363637
3060,1.3137254901960784,0.0,0.0,0.0,0.0,0.0,0.0,1.1372549019607843,0.0,0.0,0.0,0.0,0.0,0.0,0.0,18.41176470588235,0.0,7.7254901960784315,0.0,0.0,3.7058823529411766,9.215686274509803
3061,0.0,0.0,0.0,0.0,5.258620689655173,0.0,0.3275862068965517,1.7586206896551724,0.0,0.0,18.20689655172414,0.0,0.0,0.0,0.0,10.051724137931034,0.5689655172413793,0.0,13.206896551724139,0.0,12.310344827586206,25.06896551724138
3062,0.0,0.0,0.0,0.0,0.0,0.0,0.5,1.0,0.0,0.0,0.0,0.0,0.0,0.0,0.0,13.583333333333334,0.75,0.0,0.0,0.0,8.75,13.916666666666666
3063,1.4090909090909092,0.0,0.0,0.0,0.0,0.0,1.106060606060606,1.7272727272727273,0.0,0.0,0.0,0.0,0.0,0.7878787878787878,0.015151515151515152,19.772727272727273,1.0,0.0,0.0,0.0,19.21212121212121,32.65151515151515
3064,0.5142857142857142,0.0,0.0,0.0,0.0,0.0,0.0,1.2,0.0,0.0,0.0,0.0,0.0,0.0,0.0,10.257142857142858,0.0,2.9714285714285715,0.0,0.0,2.2,6.371428571428571
3065,0.5,0.0,0.0,0.0,0.0,0.0,0.0,0.0,0.0,0.0,0.0,0.0,0.0,0.0,0.0,33.94117647058823,0.0,0.0,0.0,0.0,21.676470588235293,34.26470588235294
3066,2.129032258064516,0.0,0.3870967741935484,0.0,0.0,0.0,1.8709677419354838,3.0,0.0,1.935483870967742,0.0,0.3870967741935484,0.0,0.0,0.0,40.54838709677419,1.7096774193548387,0.0,3.4516129032258065,0.0,26.870967741935484,47.225806451612904
3067,0.0,0.0,0.0,0.0,0.24175824175824176,0.0,0.0,0.0,0.0,0.0,0.0,0.0,0.0,0.0,0.0,11.780219780219781,0.0,6.747252747252747,0.0,0.0,9.43956043956044,17.703296703296704
3068,0.0,0.0,0.0,0.0,0.0,0.0,0.0,0.0,0.0,0.0,241.33333333333334,0.0,0.0,0.0,0.0,3.3333333333333335,0.0,0.0,30.333333333333332,0.0,0.0,8.666666666666666
3069,1.0909090909090908,0.0,0.0,0.0,0.0,0.0,0.2727272727272727,2.4545454545454546,0.0,1.0,0.0,0.0,0.0,0.0,0.0,38.54545454545455,2.0454545454545454,1.0454545454545454,0.0,0.0,25.181818181818183,41.68181818181818
3070,1.7659574468085106,0.0,0.0,0.0,2.425531914893617,0.0,0.0,0.0,0.0,0.0,0.0,0.0,0.0,0.0,0.0,47.638297872340424,0.425531914893617,0.0,0.425531914893617,0.0,13.170212765957446,22.425531914893618
3071,1.5434782608695652,0.0,0.0,0.0,0.0,0.0,0.0,0.0,0.0,0.0,0.0,0.0,1.5434782608695652,0.0,0.0,39.84782608695652,0.2826086956521739,2.0217391304347827,0.0,0.0,16.304347826086957,27.195652173913043
3072,0.0,0.0,0.0,0.0,0.0,0.0,0.9090909090909091,3.6363636363636362,0.0,0.0,0.0,0.0,0.0,0.0,0.0,67.54545454545455,1.3636363636363635,0.0,0.0,0.0,8.181818181818182,12.727272727272727
3073,0.8181818181818182,0.0,0.0,0.0,0.0,0.0,0.8636363636363636,2.0,0.0,0.0,0.0,0.0,0.0,0.0,0.0,47.63636363636363,1.0454545454545454,0.0,9.590909090909092,0.0,17.363636363636363,30.90909090909091
3074,0.0,0.0,0.0,0.0,0.0,8.5,1.3846153846153846,1.3076923076923077,0.5,0.0,0.0,0.0,0.0,0.0,0.0,37.53846153846154,1.1153846153846154,0.0,0.5,0.0,35.46153846153846,56.69230769230769
3075,0.5882352941176471,0.0,0.0,0.0,0.0,0.0,0.0,0.0,0.29411764705882354,0.0,0.0,0.0,0.0,0.0,0.0,30.0,0.058823529411764705,0.0,0.0,0.0,19.235294117647058,30.176470588235293
3076,2.1538461538461537,0.0,0.0,0.0,0.0,0.0,1.0,3.051282051282051,0.0,0.0,0.0,0.0,0.0,0.0,0.0,69.38461538461539,3.076923076923077,0.0,0.0,0.0,21.94871794871795,38.87179487179487
3077,0.18181818181818182,0.0,0.0,0.0,0.0,0.0,0.9393939393939394,2.272727272727273,0.0,0.30303030303030304,0.0,0.0,0.0,0.0,0.0,14.93939393939394,0.7575757575757576,5.393939393939394,0.0,0.0,12.030303030303031,21.09090909090909
3078,0.24516129032258063,0.0,0.0,0.01935483870967742,0.0,0.0,0.05806451612903226,0.11612903225806452,0.0,0.2645161290322581,0.0,0.0,0.0,0.0,0.0,6.832258064516129,0.18064516129032257,1.961290322580645,0.2129032258064516,0.0,6.625806451612903,11.567741935483872
3079,0.4166666666666667,0.0,0.0,0.0,0.0,0.0,1.5208333333333333,4.1875,0.5416666666666666,0.3333333333333333,0.0,0.0,0.0,0.0,0.0,18.479166666666668,2.7083333333333335,2.9375,14.0625,0.0,19.0,32.9375
3080,0.34375,0.0,0.0,0.0,0.0,0.0,0.34375,0.875,0.375,0.0,0.0,0.0,0.0,0.0,0.0,39.0625,0.125,0.875,10.375,0.0,14.40625,26.34375
3081,0.8571428571428571,0.0,0.0,0.0,0.0,0.0,0.0,0.0,0.0,0.0,0.0,0.0,0.0,0.0,0.0,27.142857142857142,0.42857142857142855,10.285714285714286,2.142857142857143,0.0,8.857142857142858,18.0
3082,0.75,0.0,0.0,0.0,0.0,0.0,0.2,0.4,0.6,0.45,0.0,0.0,0.0,0.0,0.45,23.925,1.25,5.3,0.0,0.0,24.75,45.75
3083,0.7241379310344828,0.0,0.0,0.0,0.0,0.0,0.896551724137931,1.4827586206896552,0.22413793103448276,0.0,0.0,0.0,0.0,0.0,0.0,21.189655172413794,1.2758620689655173,7.241379310344827,1.4827586206896552,0.0,16.43103448275862,28.551724137931036
3084,1.0,0.0,0.6190476190476191,0.0,0.0,0.0,0.8095238095238095,2.9523809523809526,0.7619047619047619,0.2857142857142857,0.0,0.0,0.0,0.0,0.0,24.0,1.8571428571428572,0.8095238095238095,0.0,0.0,13.476190476190476,23.857142857142858
3085,0.3939393939393939,0.0,0.0,0.0,0.0,0.0,1.1818181818181819,0.2727272727272727,0.0,0.12121212121212122,1.121212121212121,0.0,0.0,0.0,0.0,21.939393939393938,1.9696969696969697,0.8787878787878788,5.606060606060606,0.0,26.363636363636363,48.45454545454545
3086,1.8676470588235294,0.0,0.0,0.0,0.0,0.0,0.0,1.2205882352941178,0.0,0.0,0.0,0.0,0.0,0.0,0.0,30.926470588235293,0.3088235294117647,6.720588235294118,0.0,0.0,12.573529411764707,20.808823529411764
3087,0.453125,0.0,0.0,0.0,0.0,0.0,0.453125,0.671875,1.421875,0.296875,0.0,0.0,0.0,0.0,0.0,21.265625,0.921875,11.734375,0.0,0.0,19.421875,34.234375
3088,0.4146341463414634,0.0,0.0,0.0,0.0,0.0,0.6585365853658537,0.0,0.0,0.3170731707317073,0.0,0.0,0.0,0.0,0.0,36.53658536585366,0.975609756097561,0.0,0.0,0.0,18.78048780487805,32.170731707317074
3089,0.046296296296296294,0.0,0.0,1.3425925925925926,2.9814814814814814,0.0,0.0,0.7962962962962963,0.0,0.0,1.7222222222222223,0.0,0.0,0.0,0.0,5.87962962962963,0.0,2.9166666666666665,0.5092592592592593,0.0,12.324074074074074,20.962962962962962
3090,0.0,0.0,0.0,0.0,0.0,0.0,0.0,0.8918918918918919,0.0,0.0,0.0,0.0,0.0,0.0,0.0,3.7027027027027026,0.0,0.5405405405405406,0.0,0.0,11.297297297297296,24.10810810810811
3091,0.0,0.0,0.0,0.0,0.0,0.0,0.0,1.7592592592592593,0.0,0.0,0.0,0.0,0.0,0.0,0.0,4.046296296296297,0.0,4.648148148148148,0.16666666666666666,0.0,8.212962962962964,16.25925925925926
3092,0.5714285714285714,0.0,0.0,0.0,0.0,0.0,1.6607142857142858,3.1785714285714284,0.0,1.3392857142857142,0.0,0.0,0.0,21.696428571428573,0.875,39.05357142857143,2.2142857142857144,0.0,7.0,0.0,27.982142857142858,48.089285714285715
3093,0.0,0.0,0.0,1.4166666666666667,11.166666666666666,0.0,0.0,0.0,0.0,0.0,31.166666666666668,0.0,0.0,0.0,0.0,17.11111111111111,0.19444444444444445,0.0,10.277777777777779,0.0,17.97222222222222,34.27777777777778
3094,0.25,0.0,0.0,0.0,0.0,0.0,0.0,0.0,0.0,0.0,0.0,0.0,0.0,0.0,0.0,5.125,0.0,6.46875,0.0,0.0,3.6875,9.4375
3095,0.1794871794871795,0.0,0.0,0.0,0.0,0.0,0.05128205128205128,0.02564102564102564,0.0,0.0,0.0,0.0,0.0,0.0,0.0,25.512820512820515,0.05128205128205128,4.512820512820513,0.07692307692307693,0.0,7.512820512820513,13.487179487179487
3096,0.019230769230769232,0.0,0.0,0.0,0.0,0.0,0.057692307692307696,1.0961538461538463,0.0,0.0,0.0,0.0,0.0,0.0,0.0,8.26923076923077,0.3076923076923077,0.9615384615384616,0.0,0.0,12.0,20.75
3097,0.7906976744186046,0.0,0.0,0.0,0.0,0.0,0.4883720930232558,1.930232558139535,0.0,0.0,0.0,0.0,0.0,0.0,0.0,8.116279069767442,0.6744186046511628,4.465116279069767,0.0,0.0,10.116279069767442,19.25581395348837
3098,0.21138211382113822,0.0,0.0,0.3333333333333333,2.252032520325203,0.0,0.0,0.0,0.8943089430894309,0.0,20.1869918699187,0.0,0.0,0.0,0.0,7.934959349593496,0.0,3.3821138211382116,4.487804878048781,0.0,8.75609756097561,18.504065040650406
3099,0.0,0.0,0.0,0.0,0.0,0.0,0.038461538461538464,0.0,5.5,0.0,0.0,0.0,0.0,0.0,0.0,25.076923076923077,0.34615384615384615,0.0,0.0,0.0,13.423076923076923,24.423076923076923
3100,0.8378378378378378,0.0,0.0,0.0,0.0,0.0,0.0,0.0,0.0,0.0,0.0,0.0,0.0,0.0,0.0,32.08108108108108,0.0,0.0,0.0,0.0,16.2972972972973,26.89189189189189
3101,0.0,0.0,0.0,0.0,0.0,0.0,0.1,0.4,0.0,0.0,0.0,0.0,0.0,0.0,0.0,37.6,0.35,0.0,0.0,0.0,20.35,34.4
3102,0.8888888888888888,0.0,0.0,0.0,0.0,0.0,0.1111111111111111,0.0,0.0,0.0,0.0,0.0,0.0,0.0,0.0,80.44444444444444,0.6666666666666666,0.0,0.0,0.0,16.22222222222222,27.22222222222222
3103,0.7777777777777778,0.0,0.0,0.0,0.0,0.0,0.1111111111111111,0.0,0.0,0.1111111111111111,0.0,0.0,0.0,0.1111111111111111,0.0,20.805555555555557,0.5277777777777778,3.9166666666666665,3.25,0.0,17.72222222222222,30.72222222222222
3104,0.3125,0.0,0.0,0.6875,0.0,0.0,0.0,0.0,0.0,0.0,0.0,0.0,0.0,0.0,0.0,5.25,0.0,5.4375,0.3125,0.0,1.875,6.8125
3105,0.0,0.0,0.0,0.0,0.0,0.0,0.0,0.0,0.0,0.0,0.0,0.0,0.0,0.0,0.0,6.410714285714286,0.0,7.107142857142857,0.0,0.0,2.9464285714285716,6.125
3106,1.3043478260869565,0.0,0.0,0.0,0.0,0.0,0.2608695652173913,0.17391304347826086,2.869565217391304,0.043478260869565216,0.0,0.0,0.0,0.0,0.0,15.782608695652174,0.6086956521739131,7.391304347826087,1.173913043478261,0.0,12.869565217391305,24.217391304347824
3107,0.7659574468085106,0.0,0.0,0.0,0.0,0.0,0.723404255319149,1.8085106382978724,0.0,0.0,0.0,0.0,0.0,0.0,0.0,52.59574468085106,2.234042553191489,0.0,0.0,0.0,26.51063829787234,47.851063829787236
3108,0.0,0.0,0.2857142857142857,0.0,0.0,0.0,0.5714285714285714,0.4642857142857143,2.0,0.17857142857142858,0.0,0.0,0.0,0.0,0.25,14.142857142857142,0.5357142857142857,5.285714285714286,0.0,0.0,13.821428571428571,20.678571428571427
3109,0.5882352941176471,0.0,0.0,0.0,0.0,0.0,0.7352941176470589,1.6470588235294117,0.0,0.11764705882352941,0.0,0.0,0.0,0.0,0.0,37.94117647058823,1.4411764705882353,7.117647058823529,0.0,0.0,8.382352941176471,15.235294117647058
3110,0.058823529411764705,0.0,0.0,0.0,0.0,0.0,0.0,0.0,0.0,0.0,0.0,0.0,0.0,0.0,0.0,6.670588235294118,0.0,4.141176470588236,0.0,0.0,5.0,10.670588235294117
3111,0.2236842105263158,0.0,0.0,0.34210526315789475,1.2894736842105263,0.0,0.27631578947368424,0.2894736842105263,0.0,0.0,1.1710526315789473,0.0,0.0,0.0,0.0,12.986842105263158,0.6710526315789473,3.236842105263158,0.9342105263157895,0.0,11.289473684210526,21.842105263157894
3112,0.0,0.0,0.0,8.846153846153847,33.17948717948718,0.0,0.0,0.0,0.0,0.0,83.25641025641026,0.0,0.0,0.0,0.0,2.4358974358974357,0.0,0.0,5.923076923076923,0.0,0.0,5.256410256410256
3113,0.29577464788732394,0.014084507042253521,0.0,0.0,0.0,0.0,0.2676056338028169,0.38028169014084506,0.971830985915493,0.16901408450704225,0.0,0.0,0.0,0.0,0.0,16.845070422535212,0.4084507042253521,2.647887323943662,0.8169014084507042,0.0,10.661971830985916,16.95774647887324
3114,0.0,0.0,0.0,0.0,0.0,2.6486486486486487,0.43243243243243246,0.5945945945945946,4.243243243243243,0.02702702702702703,0.0,0.0,0.0,0.0,0.0,17.56756756756757,0.40540540540540543,0.0,0.0,0.0,31.243243243243242,54.810810810810814
3115,1.0701754385964912,0.0,0.07017543859649122,0.0,0.0,0.0,0.2807017543859649,0.17543859649122806,1.0350877192982457,0.03508771929824561,0.0,0.0,0.0,0.0,0.017543859649122806,23.105263157894736,0.43859649122807015,10.824561403508772,0.0,0.0,14.947368421052632,26.80701754385965
3116,0.6058823529411764,0.0,0.0,0.2823529411764706,0.0,0.0,0.0,0.3764705882352941,0.0,0.0,0.0,0.0,0.0,0.0,0.0,6.935294117647059,0.0,1.9764705882352942,0.0,0.0,9.48235294117647,16.323529411764707
3117,0.8,0.0,0.0,0.0,0.0,0.0,1.2,0.0,0.0,0.0,0.0,0.0,0.0,0.0,7.8,93.0,2.2,0.0,0.0,0.0,22.6,37.6
3118,0.5083333333333333,0.2916666666666667,0.0,0.0,0.0,0.0,0.6833333333333333,0.6083333333333333,0.14166666666666666,0.15,0.0,0.0,0.0,0.0,0.0,21.1,1.1,4.8,1.7666666666666666,0.0,16.225,28.858333333333334
3119,0.4117647058823529,0.0,0.0,0.0,0.0,0.0,0.11764705882352941,0.0,3.0,0.0,0.0,0.0,0.0,0.0,0.0,16.38235294117647,0.14705882352941177,0.0,0.0,0.0,14.235294117647058,23.11764705882353
3120,0.15789473684210525,0.0,0.0,0.0,0.06578947368421052,0.0,1.1973684210526316,1.6973684210526316,0.0,0.4605263157894737,0.0,0.0,0.0,0.0,0.0,29.960526315789473,1.75,0.5263157894736842,3.263157894736842,0.0,25.38157894736842,43.828947368421055
3121,0.0,0.0,0.0,0.0,0.0,0.0,0.0,0.5641025641025641,0.0,0.0,0.0,0.0,0.0,0.0,0.0,5.67948717948718,0.0,2.1794871794871793,0.05128205128205128,0.0,7.923076923076923,15.820512820512821
3122,0.28205128205128205,0.0,0.0,0.0,0.0,0.0,0.8974358974358975,1.7692307692307692,0.41025641025641024,0.0,0.0,0.0,0.0,0.0,0.0,19.435897435897434,1.5128205128205128,5.948717948717949,4.230769230769231,0.0,14.871794871794872,22.05128205128205
3123,1.5909090909090908,0.0,0.0,0.0,0.0,0.0,0.6818181818181818,0.6818181818181818,3.1363636363636362,0.09090909090909091,0.0,0.0,0.0,0.0,0.6363636363636364,20.363636363636363,0.6363636363636364,8.181818181818182,0.0,0.0,14.818181818181818,24.636363636363637
3124,0.0,0.0,0.0,0.0,0.0,0.0,0.0,0.16666666666666666,0.0,0.0,0.0,0.0,0.0,0.0,0.0,45.666666666666664,0.5833333333333334,0.0,12.166666666666666,0.0,12.916666666666666,22.75
3125,0.0,0.0,0.0,0.0,0.0,0.0,1.3846153846153846,2.2564102564102564,0.0,0.6410256410256411,0.0,0.0,0.0,0.0,0.0,43.02564102564103,1.8205128205128205,0.0,0.0,0.0,23.71794871794872,43.12820512820513
3126,1.9545454545454546,1.5909090909090908,0.0,0.0,0.0,0.0,0.06818181818181818,0.0,0.0,0.6136363636363636,0.0,0.0,0.0,0.0,0.4090909090909091,100.52272727272727,0.6363636363636364,0.0,0.0,0.0,26.522727272727273,49.68181818181818
3127,1.4096385542168675,0.0,0.0,0.5662650602409639,0.9518072289156626,0.0,0.0,0.0963855421686747,0.0,0.0,1.0240963855421688,0.0,0.0,0.0,0.0,10.349397590361447,0.0,8.867469879518072,0.9759036144578314,0.0,15.783132530120483,26.373493975903614
3128,0.2222222222222222,0.0,0.0,0.0,0.0,0.0,0.0,0.0,0.0,0.0,0.0,0.0,0.0,0.0,0.037037037037037035,51.074074074074076,0.2962962962962963,4.37037037037037,0.0,0.0,28.814814814814813,50.666666666666664
3129,0.2601626016260163,0.0,0.0,0.0,0.0,0.0,0.024390243902439025,1.5528455284552845,0.0,0.0,1.1056910569105691,0.0,0.0,0.0,0.0,6.235772357723577,0.08943089430894309,1.5528455284552845,0.0,0.0,10.390243902439025,17.991869918699187
3130,0.0,0.0,0.0,0.0,0.0,0.0,2.125,0.0,2.125,0.0,0.0,0.0,0.0,0.0,9.25,35.125,3.625,5.0,0.0,0.0,23.375,34.875
3131,0.21428571428571427,0.0,0.0,0.0,0.0,0.0,0.7857142857142857,2.0,0.14285714285714285,0.21428571428571427,0.0,0.0,0.0,0.0,0.2857142857142857,21.428571428571427,1.5714285714285714,0.6428571428571429,0.0,0.0,15.785714285714286,21.857142857142858
3132,0.21052631578947367,0.0,0.0,0.0,0.0,0.0,0.2631578947368421,1.3157894736842106,0.0,0.21052631578947367,0.0,0.0,0.0,0.21052631578947367,0.0,32.0,0.631578947368421,0.0,17.526315789473685,0.0,15.31578947368421,30.05263157894737
3133,0.5,0.0,0.1875,0.0,0.0,0.0,1.3125,1.125,0.1875,0.0,0.0,0.0,0.0,0.0,0.5,32.9375,1.0,3.1875,0.0,0.0,12.9375,20.75
3134,0.0,0.0,0.0,0.0,0.0,0.0,0.0,0.25,0.0,0.0,0.0,0.0,0.0,0.0,0.0,5.35,0.0,1.65,0.0,0.0,4.0,6.2
3135,0.028169014084507043,0.0,0.0,0.0,0.0,0.0,0.0,2.535211267605634,0.0,0.0,0.0,0.0,0.0,0.04225352112676056,0.0,8.732394366197184,0.22535211267605634,3.507042253521127,0.0,0.0,9.535211267605634,17.450704225352112
3136,0.0,0.0,0.0,0.0,0.0,0.0,0.0,1.6902654867256637,0.0,0.0,0.0,0.0,0.0,0.0,0.0,8.47787610619469,0.0,1.9469026548672566,0.0,0.0,5.592920353982301,12.026548672566372
3137,0.0,0.0,0.0,0.4489795918367347,7.081632653061225,0.0,0.0,0.0,0.0,0.0,7.938775510204081,0.0,0.0,0.0,0.0,11.83673469387755,0.061224489795918366,0.12244897959183673,1.163265306122449,0.0,11.755102040816327,24.591836734693878
3138,1.2093023255813953,0.0,0.0,0.0,0.0,0.0,0.3023255813953488,0.18604651162790697,1.302325581395349,0.4186046511627907,0.0,0.0,0.0,0.0,0.0,20.348837209302324,0.7209302325581395,3.372093023255814,0.6511627906976745,0.0,16.3953488372093,27.627906976744185
3139,0.0,0.0,0.0,0.0,0.0,0.0,0.22727272727272727,0.7272727272727273,3.3181818181818183,0.22727272727272727,0.0,0.0,0.0,0.0,0.0,7.181818181818182,0.45454545454545453,4.954545454545454,1.2272727272727273,0.0,6.863636363636363,11.954545454545455
3140,1.7,0.0,0.0,0.0,0.0,0.0,0.1,0.0,0.9,0.0,0.0,0.0,0.0,0.0,0.0,25.1,0.2,0.0,0.0,0.0,24.4,41.5
3141,0.0,0.0,0.0,0.0,0.0,0.0,0.21428571428571427,0.07142857142857142,0.0,0.0,0.0,0.0,0.0,0.0,0.0,46.214285714285715,0.35714285714285715,0.0,0.0,0.0,11.5,18.5
3142,2.1176470588235294,0.0,0.0,0.0,0.0,0.0,0.5588235294117647,3.6176470588235294,0.0,0.3235294117647059,0.0,11.117647058823529,0.0,3.1470588235294117,0.0,47.61764705882353,3.4705882352941178,0.0,4.264705882352941,0.0,28.41176470588235,48.705882352941174
3143,0.0,0.0,0.0,0.0,1.3214285714285714,0.0,0.0,0.0,0.0,0.0,5.714285714285714,0.0,0.0,0.0,0.0,82.96428571428571,0.10714285714285714,0.0,0.0,0.0,8.821428571428571,13.785714285714286
3144,0.06756756756756757,0.0,0.0,0.0,0.0,0.0,0.0,0.0,0.0,0.0,0.0,0.0,0.0,0.0,0.0,3.7837837837837838,0.0,1.6891891891891893,0.0,0.0,12.162162162162161,19.283783783783782
3145,0.0,0.0,0.0,0.0,0.0,0.0,0.4166666666666667,0.0,0.0,0.0,0.0,0.0,0.0,0.0,3.4166666666666665,25.666666666666668,0.6666666666666666,0.6666666666666666,0.0,0.0,8.75,15.5
3146,0.0,0.0,0.0,0.0,0.0,0.0,0.0,0.0,0.0,0.0,0.0,0.0,0.0,0.0,0.0,56.22222222222222,0.0,0.0,0.0,0.0,8.444444444444445,10.666666666666666
3147,0.6896551724137931,0.0,0.0,0.0,0.0,0.0,0.41379310344827586,0.0,0.0,0.0,0.0,0.0,0.0,0.0,3.2758620689655173,36.86206896551724,1.3448275862068966,2.5517241379310347,0.0,0.0,16.96551724137931,30.689655172413794
3148,0.3111111111111111,0.0,0.2222222222222222,0.0,0.0,0.0,0.5333333333333333,2.422222222222222,0.0,0.5777777777777777,0.0,0.0,0.0,0.0,0.13333333333333333,43.644444444444446,1.8444444444444446,0.8444444444444444,0.0,0.0,15.2,23.77777777777778
3149,0.8780487804878049,0.0,0.0,0.0,0.0,0.0,0.0,1.4268292682926829,0.0,0.0,0.0,0.0,0.0,15.170731707317072,0.0,11.24390243902439,0.04878048780487805,3.817073170731707,0.0,0.0,13.158536585365853,24.109756097560975
3150,1.1837837837837837,0.0,0.0,0.02702702702702703,1.5297297297297296,0.0,0.0,1.491891891891892,0.0,0.0,4.994594594594594,0.0,0.0,0.0,0.0,6.859459459459459,0.0,0.9783783783783784,0.043243243243243246,0.0,13.85945945945946,22.88108108108108
3151,0.32,0.0,0.0,0.0,0.0,0.0,0.0,0.0,0.0,0.0,0.0,0.0,0.0,0.0,0.0,3.72,0.0,0.28,0.0,0.0,4.52,9.36
3152,0.15748031496062992,0.0,0.0,0.12598425196850394,0.0,0.0,0.0,0.06299212598425197,0.0,0.0,0.0,0.0,0.0,0.0,0.0,3.47244094488189,0.0,3.559055118110236,0.015748031496062992,0.0,4.31496062992126,8.692913385826772
3153,0.02727272727272727,0.0,0.0,1.209090909090909,0.5,0.0,0.0,0.5272727272727272,0.07272727272727272,0.0,1.9727272727272727,0.0,0.0,0.0,0.0,7.0,0.0,4.381818181818182,0.9272727272727272,0.0,2.9545454545454546,6.1454545454545455
3154,0.3695652173913043,0.0,0.0,1.173913043478261,15.369565217391305,0.0,0.0,0.25,0.0,0.05434782608695652,29.391304347826086,0.0,0.0,0.0,0.0,11.695652173913043,0.0,9.826086956521738,1.7391304347826086,0.0,0.0,0.21739130434782608
3155,1.0434782608695652,0.0,0.0,0.0,2.0434782608695654,0.0,0.0,0.0,0.0,1.0434782608695652,1.0434782608695652,0.0,0.0,0.0,0.0,73.52173913043478,1.3478260869565217,0.0,4.6521739130434785,0.0,17.434782608695652,30.52173913043478
3156,1.3225806451612903,0.0,0.0,0.0,0.0,0.0,0.22580645161290322,0.3548387096774194,0.0,0.12903225806451613,0.0,0.0,0.0,0.0,0.0,21.677419354838708,0.5483870967741935,0.0,17.483870967741936,0.0,14.258064516129032,26.548387096774192
3157,0.42857142857142855,0.0,0.0,0.0,0.0,0.0,0.9285714285714286,1.4047619047619047,0.0,0.21428571428571427,0.0,0.0,0.0,0.023809523809523808,0.0,27.595238095238095,1.5952380952380953,2.0952380952380953,0.0,0.0,18.166666666666668,30.357142857142858
3158,1.175,0.0,0.0,0.0,0.0,3.5,0.0,0.6,0.0,0.0,0.0,0.0,0.0,0.0,0.525,56.1,0.825,0.0,0.0,0.0,23.175,38.95
3159,0.02702702702702703,0.0,0.0,0.0,0.0,0.0,0.6486486486486487,2.1621621621621623,0.0,0.2972972972972973,0.0,0.0,0.0,0.0,0.0,43.486486486486484,2.2432432432432434,0.0,0.0,0.0,18.324324324324323,29.675675675675677
3160,0.2154696132596685,0.0,0.0,0.0,0.0,0.0,0.0,0.143646408839779,0.0,0.0,0.0,0.0,0.0,0.0,0.0,6.54696132596685,0.0,5.149171270718232,0.03867403314917127,0.0,1.9834254143646408,6.093922651933702
3161,0.38461538461538464,0.0,0.0,0.0,0.0,0.0,0.5128205128205128,0.8717948717948718,0.1794871794871795,0.2564102564102564,0.0,0.0,0.0,0.0,0.0,12.717948717948717,1.6153846153846154,0.5641025641025641,1.2307692307692308,0.0,16.974358974358974,29.897435897435898
3162,0.8666666666666667,0.0,0.0,0.0,0.7333333333333333,0.0,1.4666666666666666,4.533333333333333,0.0,0.3333333333333333,3.8,0.0,0.0,0.06666666666666667,0.0,29.133333333333333,1.8,3.6,4.6,0.0,9.666666666666666,14.333333333333334
3163,0.3090909090909091,0.0,0.0,0.0,0.0,0.0,0.0,0.0,0.0,0.0,22.818181818181817,0.0,0.0,0.0,0.0,16.490909090909092,0.0,2.672727272727273,0.0,0.0,9.581818181818182,16.8
3164,1.9444444444444444,0.0,0.0,0.0,0.0,0.0,1.5,2.2222222222222223,0.0,0.7222222222222222,0.0,0.0,0.0,0.0,0.0,29.77777777777778,2.111111111111111,1.5555555555555556,1.2222222222222223,0.0,17.833333333333332,28.833333333333332
3165,0.1836734693877551,0.0,0.0,0.0,0.0,0.0,1.2653061224489797,1.6734693877551021,0.0,0.3469387755102041,0.0,0.0,0.0,0.0,0.6326530612244898,57.42857142857143,1.8571428571428572,0.0,1.4081632653061225,0.0,23.244897959183675,42.93877551020408
3166,0.0,0.0,0.0,0.0,0.0,0.0,0.0,0.0,0.0,0.0,0.0,0.0,0.0,0.0,0.0,2.076923076923077,0.0,0.0,0.0,0.0,4.769230769230769,5.3076923076923075
3167,1.894736842105263,0.0,0.0,0.0,0.0,0.0,1.0526315789473684,0.0,0.0,0.9473684210526315,0.0,0.0,0.0,0.0,3.1315789473684212,77.55263157894737,2.0789473684210527,0.0,0.0,0.0,23.157894736842106,38.921052631578945
3168,0.0,0.0,0.0,0.0,0.8795180722891566,0.0,0.0,1.7951807228915662,0.0,0.0,0.0,0.0,0.0,0.0,0.0,11.710843373493976,0.0,6.289156626506024,0.0,0.0,11.771084337349398,19.301204819277107
3169,0.47586206896551725,0.0,0.0,0.0,0.0,0.0,0.0,1.2620689655172415,0.0,0.0,0.0,0.0,0.0,0.0,0.0,4.0344827586206895,0.0,1.8413793103448275,0.0,0.0,10.648275862068965,18.23448275862069
3170,0.25,0.0,0.0,0.0,0.0,0.0,0.125,0.5,0.0,0.041666666666666664,0.0,0.0,0.0,0.0,0.0,31.75,0.625,0.4583333333333333,38.583333333333336,0.0,12.75,23.125
3171,0.0,0.0,0.0,0.0,0.0,0.0,0.0,0.5510204081632653,0.0,0.0,0.0,0.0,0.0,0.0,0.0,3.9591836734693877,0.0,2.622448979591837,0.0,0.0,11.979591836734693,21.0
3172,0.5572916666666666,0.0,0.0,0.0,0.0,0.0,0.0,0.052083333333333336,0.0,0.0,0.0,0.0,0.0,0.0,0.0,5.729166666666667,0.0,2.1770833333333335,0.0,0.0,11.776041666666666,20.213541666666668
3173,0.1794871794871795,0.0,0.0,0.0,0.0,0.0,0.0,0.0,0.0,0.0,0.0,0.0,0.0,0.0,0.0,26.05128205128205,0.717948717948718,0.0,0.0,0.0,24.871794871794872,40.15384615384615
3174,1.3157894736842106,0.0,0.0,0.0,0.0,0.0,0.12280701754385964,0.42105263157894735,0.7719298245614035,0.0,0.0,0.0,0.0,0.0,0.0,59.719298245614034,0.631578947368421,8.543859649122806,3.5964912280701755,0.0,24.666666666666668,41.10526315789474
3175,1.2333333333333334,0.0,0.1,0.0,0.0,0.0,0.9666666666666667,0.23333333333333334,0.0,0.9,0.0,0.0,0.0,0.0,4.166666666666667,56.96666666666667,2.8333333333333335,0.13333333333333333,0.0,0.0,20.933333333333334,38.63333333333333
3176,0.4782608695652174,0.0,0.0,0.0,0.0,0.0,0.0,0.0,0.0,0.0,0.0,0.0,0.0,0.0,0.0,14.652173913043478,0.0,3.0434782608695654,0.0,0.0,3.4782608695652173,7.695652173913044
3177,0.6136363636363636,0.0,0.0,0.0,0.0,0.0,0.6363636363636364,1.7727272727272727,0.0,0.022727272727272728,0.0,0.0,0.0,0.0,0.0,18.59090909090909,1.3409090909090908,3.1363636363636362,10.863636363636363,0.0,20.136363636363637,32.29545454545455
3178,0.0,0.0,0.0,0.0,0.0,0.0,0.0,0.0,0.0,0.0,0.0,0.0,0.0,0.0,0.0,52.833333333333336,0.5,0.0,0.0,0.0,15.666666666666666,18.0
3179,2.3225806451612905,0.0,0.0,0.0,0.0,0.0,0.0,0.0,0.0,0.0,0.0,0.0,0.0,0.0,0.0,66.54838709677419,0.6129032258064516,8.225806451612904,1.1612903225806452,0.0,26.70967741935484,42.03225806451613
3180,0.0,0.0,0.0,0.0,0.0,0.0,1.3333333333333333,0.0,0.0,0.0,0.0,0.0,0.0,0.0,0.0,86.71428571428571,2.5714285714285716,0.0,0.0,0.0,19.142857142857142,35.57142857142857
3181,0.21333333333333335,0.0,0.0,0.0,0.0,0.0,0.10666666666666667,0.22666666666666666,0.0,0.0,0.0,0.0,0.0,0.0,0.0,7.12,0.12,3.4,0.0,0.0,12.466666666666667,23.826666666666668
3182,0.8076923076923077,0.0,0.0,0.0,0.0,0.0,0.0,0.0,0.0,0.0,0.0,0.0,0.0,0.0,0.0,55.69230769230769,0.2692307692307692,0.0,0.0,0.0,24.384615384615383,40.61538461538461
3183,1.4666666666666666,0.0,0.0,0.0,0.0,0.0,0.0,0.0,0.0,0.06666666666666667,0.0,0.0,0.0,0.0,0.0,48.1,0.4666666666666667,6.566666666666666,0.7333333333333333,0.0,21.333333333333332,34.03333333333333
3184,0.0,0.0,0.0,0.5625,0.0,0.0,0.0,0.0,0.0,0.0,0.0,0.0,0.0,0.0,0.0,10.0625,0.0,5.1875,4.65625,0.0,13.09375,23.28125
3185,0.6481481481481481,0.0,0.0,0.0,0.0,0.0,0.09259259259259259,0.42592592592592593,1.3518518518518519,0.0,0.0,0.0,0.0,0.0,0.0,18.98148148148148,0.4444444444444444,12.314814814814815,1.9259259259259258,0.0,15.944444444444445,27.59259259259259
3186,2.1714285714285713,0.0,0.0,0.0,5.171428571428572,0.0,0.0,0.3142857142857143,0.0,0.5142857142857142,4.685714285714286,0.0,0.0,0.0,0.0,71.42857142857143,0.4857142857142857,0.0,4.285714285714286,0.0,17.685714285714287,32.25714285714286
3187,0.25471698113207547,0.0,0.0,0.0,0.0,0.0,0.0,0.0,0.0,0.0,0.0,0.0,0.0,0.0,0.0,3.490566037735849,0.0,2.3867924528301887,0.0,0.0,7.10377358490566,12.933962264150944
3188,0.2898550724637681,0.0,0.0,4.246376811594203,22.3768115942029,0.0,0.0,0.014492753623188406,0.0,0.0,25.10144927536232,0.0,0.0,0.0,0.0,9.028985507246377,0.0,4.811594202898551,4.753623188405797,0.0,4.695652173913044,9.695652173913043
3189,0.6037735849056604,0.0,0.0,0.0,0.37735849056603776,0.0,0.0,0.018867924528301886,0.0,0.0,0.0,0.0,0.0,0.0,0.0,27.641509433962263,0.1320754716981132,8.88679245283019,1.1886792452830188,0.0,12.471698113207546,22.07547169811321
3190,0.7327586206896551,0.0,0.0,0.0,0.0,0.0,0.0,0.7758620689655172,0.0,0.0,0.0,0.0,0.0,0.05172413793103448,0.1206896551724138,10.181034482758621,0.07758620689655173,2.913793103448276,0.0,0.0,10.491379310344827,17.32758620689655
3191,0.0,0.0,0.0,0.0,0.0,0.0,0.0,1.2515337423312884,0.0,0.0,0.0,0.0,0.0,0.0,0.0,9.43558282208589,0.03680981595092025,6.024539877300613,0.0,0.0,10.460122699386503,17.337423312883434
3192,0.47513812154696133,0.0,0.0,0.0,0.0,0.0,0.0,0.0,0.0,0.0,0.0,0.0,0.0,0.0,0.0,3.8729281767955803,0.0,1.8066298342541436,0.0,0.0,4.276243093922652,9.049723756906078
3193,0.0,0.0,0.0,0.0,0.0,0.0,0.0,0.0,0.0,0.0,0.0,0.0,0.0,0.0,0.0,43.6,0.4,0.0,0.0,0.0,11.2,22.4
3194,1.7727272727272727,0.0,0.6363636363636364,0.0,0.0,0.0,0.5909090909090909,3.3181818181818183,0.0,0.6363636363636364,0.0,0.0,0.0,0.0,0.0,57.72727272727273,2.227272727272727,0.0,0.0,0.0,31.636363636363637,49.90909090909091
3195,1.1764705882352942,0.0,0.0,0.0,5.529411764705882,0.0,0.0,0.29411764705882354,0.0,0.0,0.7647058823529411,0.0,0.0,0.0,0.0,51.11764705882353,0.11764705882352941,0.0,7.9411764705882355,0.0,12.941176470588236,20.529411764705884
3196,1.0,0.0,0.0,0.0,0.0,0.0,0.9,2.75,0.0,0.0,0.0,0.0,0.0,0.0,0.7,40.95,1.1,0.25,4.35,0.0,13.3,21.3
3197,0.5116279069767442,0.0,0.0,0.5658914728682171,0.4418604651162791,0.0,0.0,0.6434108527131783,0.0,0.0,0.0,0.0,0.0,0.0,0.0,5.434108527131783,0.05426356589147287,0.6201550387596899,0.0,0.0,13.4031007751938,23.689922480620154
3198,0.0,0.0,0.0,0.0,0.0,0.0,0.6857142857142857,0.0,0.0,0.02857142857142857,0.0,0.0,0.0,0.0,3.2857142857142856,72.37142857142857,2.0285714285714285,0.0,0.0,0.0,16.2,27.771428571428572
3199,0.5929203539823009,0.0,0.0,0.0,0.0,0.0,0.0,0.0,0.0,0.0,0.0,0.0,0.0,0.0,0.0,5.256637168141593,0.0,0.20353982300884957,0.0,0.0,12.725663716814159,22.008849557522122
3200,0.0,0.0,0.0,0.0,0.0,0.0,0.0,0.0,0.0,0.0,0.0,0.0,0.0,0.0,0.0,22.90909090909091,0.0,0.0,0.0,0.0,24.90909090909091,43.81818181818182
3201,0.0,0.0,0.0,0.0,0.0,0.0,0.0,0.0,0.0,0.0,3.096774193548387,0.0,0.0,0.0,0.0,18.93548387096774,0.03225806451612903,0.0,0.0,0.0,14.483870967741936,23.580645161290324
3202,0.8461538461538461,0.0,0.0,0.0,0.0,0.0,0.0,0.0,0.0,0.0,0.0,0.0,0.0,0.0,0.0,122.57692307692308,0.5769230769230769,0.0,0.0,0.0,23.923076923076923,44.11538461538461
3203,0.45871559633027525,0.0,0.0,0.0,0.0,0.0,0.0,0.1926605504587156,0.0,0.0,0.0,0.0,0.0,0.0,0.0,5.091743119266055,0.0,5.10091743119266,0.0,0.0,12.119266055045872,21.908256880733944
3204,0.8285714285714286,0.0,0.0,0.0,0.0,0.0,0.0,1.4857142857142858,0.0,0.0,0.0,0.0,0.0,0.0,0.0,17.142857142857142,0.0,10.17142857142857,0.0,0.0,1.6857142857142857,6.371428571428571
3205,0.0,0.0,0.0,0.0,0.0,0.0,0.0,0.0,0.0,0.0,0.0,0.0,0.0,0.0,0.0,63.06060606060606,0.36363636363636365,4.909090909090909,0.0,0.0,15.545454545454545,28.575757575757574
3206,0.0,0.0,0.0,0.0,0.0,0.0,0.0,2.526315789473684,0.0,0.0,0.0,0.0,0.0,0.0,0.0,3.5964912280701755,0.0,1.4736842105263157,0.0,0.0,7.543859649122807,14.421052631578947
3207,0.3669064748201439,0.0,0.0,0.0,0.0,0.0,0.0,0.3669064748201439,0.0,0.0,0.0,0.0,0.0,0.0,0.0,3.446043165467626,0.0,2.158273381294964,0.0,0.0,10.424460431654676,18.798561151079138
3208,0.2905405405405405,0.0,0.0,0.0,0.033783783783783786,0.0,0.0,0.02702702702702703,0.0,0.0,0.0,0.0,0.0,0.0,0.0,8.58108108108108,0.12162162162162163,3.3986486486486487,0.0,0.0,11.445945945945946,21.47972972972973
3209,0.6078431372549019,0.0,0.0,2.019607843137255,7.0588235294117645,0.0,0.43137254901960786,1.2941176470588236,0.0,0.0,1.607843137254902,0.0,0.0,0.0,0.0,8.058823529411764,0.5686274509803921,2.6862745098039214,0.0,0.0,21.294117647058822,35.588235294117645
3210,5.269230769230769,0.38461538461538464,1.0769230769230769,1.2307692307692308,2.1538461538461537,0.0,1.9230769230769231,2.0,0.0,4.730769230769231,0.0,5.615384615384615,0.0,0.5769230769230769,5.115384615384615,66.1923076923077,2.076923076923077,0.0,0.0,0.0,16.46153846153846,25.115384615384617
3211,0.9130434782608695,0.0,0.0,0.0,0.0,0.0,0.08695652173913043,0.0,1.0434782608695652,0.0,0.0,0.0,0.0,0.0,0.13043478260869565,44.91304347826087,0.30434782608695654,8.826086956521738,7.130434782608695,0.0,16.043478260869566,31.869565217391305
3212,1.2142857142857142,0.10714285714285714,0.0,0.0,0.0,0.0,0.0,0.0,0.0,0.0,0.0,0.0,0.0,0.0,0.7857142857142857,76.67857142857143,0.6071428571428571,0.0,0.0,0.0,23.285714285714285,35.25
3213,1.1521739130434783,0.0,0.41304347826086957,0.0,0.0,0.0,1.3043478260869565,2.869565217391304,0.0,0.45652173913043476,0.0,0.0,0.0,0.0,0.0,55.97826086956522,3.5869565217391304,0.0,0.0,0.0,29.934782608695652,49.21739130434783
3214,1.8636363636363635,0.0,0.0,0.0,0.0,0.0,0.0,0.0,0.0,0.0,0.0,0.0,0.0,0.0,0.0,86.22727272727273,0.8181818181818182,0.0,0.0,0.0,21.227272727272727,33.90909090909091
3215,1.78,0.0,0.0,0.0,0.0,0.0,0.18,0.6,0.36,0.16,0.0,0.0,0.0,0.0,0.0,50.4,0.9,3.48,0.24,0.0,19.96,34.04
3216,0.6153846153846154,0.0,0.019230769230769232,0.0,0.0,0.0,0.7307692307692307,0.4230769230769231,0.0,0.11538461538461539,0.0,0.0,0.0,0.0,4.5,46.84615384615385,3.0384615384615383,0.0,0.4807692307692308,0.0,20.096153846153847,34.28846153846154
3217,1.8214285714285714,0.03571428571428571,0.0,0.0,0.0,0.0,0.0,0.0,0.0,0.0,0.0,0.0,0.0,0.0,0.0,95.0,0.39285714285714285,0.0,0.0,0.0,21.642857142857142,35.82142857142857
3218,0.2535211267605634,0.0,0.0,0.0,0.0,0.0,0.29577464788732394,0.4507042253521127,0.0,0.0,0.0,0.0,0.0,0.0,0.0,12.873239436619718,0.0,5.380281690140845,0.0,0.0,8.408450704225352,14.774647887323944
3219,0.0,0.0,0.0,0.0,0.0,0.0,0.0,0.6396396396396397,0.0,0.0,0.0,0.0,0.0,0.0,0.0,4.783783783783784,0.009009009009009009,3.9279279279279278,0.0,0.0,4.423423423423423,9.621621621621621
3220,0.8823529411764706,0.0,0.0,0.0,0.0,0.0,2.392156862745098,1.9215686274509804,1.803921568627451,0.47058823529411764,0.0,0.0,0.0,0.0,0.0,29.03921568627451,2.2549019607843137,9.647058823529411,2.156862745098039,0.0,22.11764705882353,40.84313725490196
3221,0.0,0.0,0.0,0.0,0.0,0.0,0.0,0.0,0.0,0.0,0.0,0.0,0.0,0.0,0.0,3.230769230769231,0.0,0.0,0.0,0.0,5.076923076923077,9.23076923076923
3222,0.6440677966101694,0.0,0.0,0.0,0.0,0.0,0.1864406779661017,0.0,0.0,0.0,3.847457627118644,0.0,0.0,0.0,0.0,33.50847457627118,0.8305084745762712,3.3559322033898304,0.0,0.0,22.627118644067796,40.610169491525426
3223,0.025974025974025976,0.0,0.0,0.0,0.0,0.0,0.0,1.4675324675324675,0.0,0.0,0.0,0.0,0.0,0.0,0.0,4.4935064935064934,0.0,0.5714285714285714,0.0,0.0,3.8051948051948052,8.636363636363637
3224,0.7045454545454546,0.0,0.0,0.0,0.0,0.0,0.13636363636363635,0.20454545454545456,0.0,0.0,0.0,0.0,0.0,0.0,0.0,35.88636363636363,0.36363636363636365,8.181818181818182,0.0,0.0,12.590909090909092,22.068181818181817
3225,0.0,0.0,0.0,0.17557251908396945,1.6946564885496183,0.0,0.0,0.0,0.0,0.0,0.0,0.0,0.0,0.0,0.0,13.885496183206106,0.0,1.083969465648855,1.3129770992366412,0.0,7.175572519083969,14.450381679389313
3226,0.0,0.0,0.0,0.0,0.0,0.0,0.0,2.6607142857142856,0.0,0.0,0.0,0.0,0.0,0.0,0.0,6.571428571428571,0.0,5.678571428571429,0.0,0.0,10.607142857142858,17.303571428571427
3227,0.6,0.0,0.0,0.0,0.0,0.0,0.0,2.1,0.0,0.0,0.0,0.0,0.0,0.0,0.0,5.2,0.0,3.2,0.0,0.0,9.1,10.6
3228,0.8113207547169812,0.0,0.0,0.0,0.0,0.0,0.660377358490566,0.8301886792452831,0.5849056603773585,0.2641509433962264,0.0,0.0,0.0,0.0,0.32075471698113206,24.22641509433962,1.471698113207547,1.7547169811320755,6.735849056603773,0.0,20.11320754716981,31.92452830188679
3229,0.30303030303030304,0.0,0.0,0.0,0.0,0.0,0.0,0.0,0.0,0.0,0.0,0.0,0.0,0.0,0.0,38.39393939393939,1.5757575757575757,0.15151515151515152,0.0,0.0,18.727272727272727,33.63636363636363
3230,0.0,0.0,0.0,2.125,14.125,0.0,0.0,0.5625,0.0,0.0,9.1875,0.0,0.0,0.0,0.0,9.71875,0.0,1.375,0.0,0.0,7.78125,17.34375
3231,1.4,0.0,0.0,0.0,0.0,0.0,0.0,1.8,0.0,0.0,0.0,0.0,0.0,0.0,0.0,18.0,0.6,7.6,0.0,0.0,5.0,9.8
3232,0.4318181818181818,0.0,0.0,0.0,0.0,0.0,1.4318181818181819,0.9090909090909091,0.38636363636363635,0.20454545454545456,0.0,0.0,0.0,0.0,0.7727272727272727,12.363636363636363,1.1363636363636365,4.863636363636363,6.409090909090909,0.0,13.818181818181818,25.477272727272727
3233,0.20930232558139536,0.0,0.0,0.0,0.0,0.0,1.1395348837209303,1.9069767441860466,0.0,0.0,0.0,0.0,0.0,0.0,0.0,14.093023255813954,1.2325581395348837,0.023255813953488372,4.441860465116279,0.0,10.325581395348838,16.953488372093023
3234,0.0,0.0,0.0,0.0,0.0,0.0,0.0,0.5641025641025641,2.051282051282051,0.0,0.0,0.0,0.0,0.0,0.0,52.743589743589745,0.02564102564102564,8.487179487179487,0.0,0.0,15.461538461538462,24.333333333333332
3235,0.0,0.0,0.0,0.0,0.0,0.0,0.0,1.0,0.0,0.0,0.0,0.0,0.0,0.0,6.3,9.1,0.8,3.7,0.0,0.0,3.0,7.4
3236,1.4259259259259258,0.0,0.0,0.0,0.0,0.0,0.0,0.037037037037037035,0.0,0.0,0.0,0.0,0.0,0.0,0.0,29.62962962962963,0.5925925925925926,0.48148148148148145,2.4814814814814814,0.0,15.12962962962963,27.185185185185187
3237,1.6862745098039216,0.5490196078431373,0.0,0.0,0.0,0.0,0.0,0.0,0.0,0.0,0.0,0.0,0.0,0.0,0.0,78.50980392156863,0.35294117647058826,3.4313725490196076,0.0,0.0,23.941176470588236,39.78431372549019
3238,1.0952380952380953,0.0,0.0,0.5238095238095238,8.023809523809524,0.0,0.19047619047619047,0.0,0.0,0.0,2.0238095238095237,0.0,0.0,0.0,0.9047619047619048,66.28571428571429,0.30952380952380953,0.0,8.357142857142858,0.0,15.071428571428571,26.214285714285715
3239,0.14285714285714285,0.0,0.0,0.10714285714285714,0.9642857142857143,0.0,0.0,1.4285714285714286,0.0,0.0,0.6785714285714286,0.0,0.0,0.0,0.0,6.142857142857143,0.0,2.5,0.0,0.0,2.107142857142857,5.5
3240,0.17142857142857143,1.8,0.0,0.0,0.0,0.0,0.0,0.0,0.0,0.0,0.0,0.0,0.0,0.0,0.11428571428571428,83.42857142857143,0.45714285714285713,0.0,0.0,0.0,16.742857142857144,29.885714285714286
3241,0.5333333333333333,0.0,0.0,1.3666666666666667,1.5666666666666667,0.0,0.0,0.5666666666666667,0.0,0.0,2.55,0.0,0.0,0.0,0.0,26.616666666666667,1.1833333333333333,0.13333333333333333,12.666666666666666,0.0,15.65,30.8
3242,0.0,0.0,0.0,0.0,0.0,0.0,0.0,0.0,0.0,0.0,0.0,0.0,0.0,0.0,0.0,16.285714285714285,0.0,2.857142857142857,0.0,0.0,3.4285714285714284,8.285714285714286
3243,0.26,0.0,0.0,0.0,0.0,0.0,0.0,0.0,0.0,0.0,0.0,0.0,0.0,0.0,0.0,3.56,0.0,0.58,0.0,0.0,4.41,9.47
3244,1.25,0.0,0.0,0.0,0.0,0.0,0.5,2.0833333333333335,0.6666666666666666,0.0,0.0,0.0,0.0,0.0,0.08333333333333333,28.791666666666668,1.125,5.25,0.0,0.0,13.416666666666666,25.291666666666668
3245,0.0,0.0,0.0,0.0,0.0,0.0,0.0,0.25,1.4583333333333333,0.0,0.0,0.0,0.0,0.0,0.0,45.958333333333336,0.3333333333333333,9.75,0.0,0.0,22.041666666666668,36.166666666666664
3246,1.7741935483870968,0.0,0.0,0.0,0.0,0.0,2.3548387096774195,3.0,0.0,0.5806451612903226,0.0,0.0,0.0,0.0,0.0,57.935483870967744,2.064516129032258,0.0,0.0,0.0,36.16129032258065,60.0
3247,0.7123287671232876,0.0,0.0,0.0,0.0,0.0,0.0,0.0,0.0,0.0,0.0,0.0,0.0,0.0,0.0136986301369863,21.91780821917808,0.0684931506849315,0.0,0.0,0.0,14.657534246575343,23.095890410958905
3248,0.14864864864864866,0.0,0.0,0.0,0.0,0.0,0.0,0.0,0.0,0.0,0.0,0.0,0.0,0.0,0.0,4.3108108108108105,0.0,0.6486486486486487,0.0,0.0,8.41891891891892,15.932432432432432
3249,0.6964285714285714,0.0,0.0,0.0,0.0,0.0,0.0,0.10714285714285714,0.0,0.0,0.0,0.0,0.0,0.0,0.0,20.446428571428573,0.4642857142857143,1.4642857142857142,0.0,0.0,11.517857142857142,20.839285714285715
3250,0.47058823529411764,0.0,0.0,0.0,0.0,0.0,0.0,0.0,0.0,0.0,0.0,0.0,0.0,0.0,0.0,12.647058823529411,0.11764705882352941,4.529411764705882,0.0,0.0,2.764705882352941,5.764705882352941
3251,0.0,0.0,0.0,0.0,0.0,0.0,0.85,1.875,0.1,0.0,13.225,0.0,0.0,0.0,0.0,27.075,1.15,2.0,0.0,0.0,7.625,14.3
3252,0.9666666666666667,0.0,0.6,0.0,0.0,0.0,1.2,4.0,0.0,1.1,0.0,0.0,0.0,0.0,0.7333333333333333,121.73333333333333,3.6666666666666665,0.0,0.0,0.0,25.633333333333333,41.86666666666667
3253,0.41044776119402987,0.0,0.0,0.0,0.0,0.0,0.0,0.44029850746268656,0.0,0.0,0.0,0.0,0.0,0.0,0.30597014925373134,7.2388059701492535,0.14925373134328357,4.059701492537314,0.0,0.0,8.634328358208956,15.485074626865671
3254,0.9285714285714286,0.0,0.2857142857142857,0.0,0.0,0.0,1.6666666666666667,0.023809523809523808,0.0,0.42857142857142855,0.0,0.0,0.0,0.0,6.380952380952381,103.64285714285714,3.4047619047619047,0.0,0.0,0.0,22.452380952380953,40.54761904761905
3255,0.0,0.0,0.0,0.0,0.4482758620689655,0.0,0.0,0.0,0.0,0.3793103448275862,0.0,0.0,0.0,0.0,0.27586206896551724,54.44827586206897,0.5517241379310345,0.0,0.3448275862068966,0.0,15.03448275862069,23.93103448275862
3256,0.34615384615384615,0.0,0.0,0.0,0.0,0.0,0.0,0.07692307692307693,0.0,0.0,0.0,0.0,0.0,0.0,0.0,2.730769230769231,0.0,1.9230769230769231,0.0,0.0,6.538461538461538,9.5
3257,0.45454545454545453,0.0,0.0,0.0,0.0,0.0,0.9545454545454546,0.38636363636363635,0.3181818181818182,0.11363636363636363,1.2272727272727273,0.0,0.0,0.0,0.0,26.613636363636363,0.5909090909090909,7.181818181818182,0.0,0.0,17.863636363636363,31.59090909090909
3258,1.1764705882352942,0.0,0.0,0.0,0.0,0.0,0.0,0.0,0.0,0.0,0.0,0.0,0.0,0.0,0.0,46.3235294117647,0.5588235294117647,2.264705882352941,0.0,0.0,21.61764705882353,39.5
3259,0.06557377049180328,0.0,0.0,0.0,0.0,0.0,0.0,0.639344262295082,0.0,0.0,0.0,0.0,0.0,0.0,0.0,6.467213114754099,0.0,2.7540983606557377,0.0,0.0,5.172131147540983,9.885245901639344
3260,0.0,0.0,0.0,0.0,2.1904761904761907,0.0,0.47619047619047616,1.8095238095238095,0.0,0.0,0.0,0.0,0.0,0.0,0.0,47.38095238095238,1.7619047619047619,0.6190476190476191,0.0,0.0,18.19047619047619,29.0
3261,0.2631578947368421,0.0,0.0,0.0,0.0,0.0,0.0,0.0,0.0,0.0,0.0,0.0,0.0,0.0,0.0,12.855263157894736,0.27631578947368424,8.81578947368421,0.0,0.0,1.105263157894737,3.4078947368421053
3262,0.0,0.0,0.0,0.0,0.0,0.0,1.15625,2.53125,0.0,0.0,0.0,0.0,0.0,0.0,0.09375,28.3125,3.0625,3.96875,0.0,0.0,16.6875,26.8125
3263,0.0,0.0,0.0,0.0,0.0,0.0,0.0,0.11290322580645161,0.0,0.0,0.0,0.0,0.0,0.0,0.0,2.4516129032258065,0.0,3.0161290322580645,0.0,0.0,2.0806451612903225,5.241935483870968
3264,0.0,2.0833333333333335,0.0,0.0,0.0,0.0,0.0,0.0,0.0,0.0,0.0,0.0,0.0,0.0,0.0,123.33333333333333,0.5,0.0,0.0,0.0,8.083333333333334,11.75
3265,1.2619047619047619,0.0,0.0,0.0,0.0,0.0,0.0,0.0,0.0,0.0,0.0,0.0,0.0,0.0,0.0,73.33333333333333,0.16666666666666666,0.0,0.0,0.0,16.0,25.023809523809526
3266,0.34782608695652173,0.0,0.0,0.043478260869565216,3.6956521739130435,0.0,0.2608695652173913,0.43478260869565216,0.0,0.0,1.826086956521739,0.0,0.0,0.0,0.08695652173913043,50.608695652173914,0.30434782608695654,0.0,13.826086956521738,0.0,15.26086956521739,24.0
3267,0.3128834355828221,0.0,0.0,0.0,0.0,0.0,0.0,1.3558282208588956,0.0,0.0,0.0,0.0,0.0,0.0,0.0,4.779141104294479,0.0,1.7484662576687116,0.0,0.0,5.736196319018405,11.226993865030675
3268,0.5985401459854015,0.0,0.0,0.021897810218978103,0.06569343065693431,0.0,0.0,0.0948905109489051,0.0,0.0,0.48905109489051096,0.0,0.0,0.0,0.0,3.9416058394160585,0.0,2.6496350364963503,0.0,0.0,9.985401459854014,17.18978102189781
3269,0.5394736842105263,0.0,0.0,0.0,0.0,0.0,0.4473684210526316,0.039473684210526314,1.894736842105263,0.039473684210526314,0.0,0.0,0.0,0.0,0.0,14.460526315789474,0.6578947368421053,8.921052631578947,0.0,0.0,17.19736842105263,30.407894736842106
3270,0.21875,0.0,0.34375,0.0,0.0,0.0,1.21875,2.28125,0.0,0.4375,0.0,0.0,0.0,0.0,1.40625,66.3125,2.90625,0.0,0.0,0.0,19.78125,31.0625
3271,1.85,0.0,0.0,0.0,0.0,0.0,0.85,3.6,0.0,0.55,0.0,0.0,0.0,0.0,0.0,79.45,2.8,0.0,0.0,0.0,31.35,52.55
3272,2.2790697674418605,0.0,0.0,0.0,0.0,0.0,1.441860465116279,2.7906976744186047,0.0,0.0,0.0,0.0,0.0,0.0,0.0,59.81395348837209,2.6744186046511627,0.9767441860465116,0.0,0.0,24.53488372093023,40.348837209302324
3273,0.0,0.0,0.0,0.0,0.0,0.0,0.0,0.2,1.6,0.0,0.0,0.0,0.0,0.0,0.0,42.2,0.0,14.0,0.0,0.0,3.6,10.2
3274,1.1176470588235294,0.0,0.0,0.0,0.0,0.0,0.0,0.0,0.0,0.058823529411764705,0.0,0.0,0.0,0.0,0.058823529411764705,83.76470588235294,0.6764705882352942,3.176470588235294,0.0,0.0,17.11764705882353,30.176470588235293
3275,0.0,0.0,0.0,2.032258064516129,22.161290322580644,0.0,0.0,2.161290322580645,0.0,0.0,19.93548387096774,0.0,0.0,0.0,0.0,3.870967741935484,0.0,0.0,0.0,0.0,2.806451612903226,10.741935483870968
3276,1.109375,0.0,0.0,0.0,0.0,0.0,0.484375,0.609375,1.125,0.265625,0.0,0.0,0.0,0.03125,0.125,28.78125,0.5,12.9375,0.0,0.0,11.59375,21.125
3277,0.288135593220339,0.0,0.0,0.0,0.0,0.0,0.2542372881355932,2.0677966101694913,0.0,0.2033898305084746,3.9322033898305087,0.0,0.0,0.0,0.11864406779661017,25.305084745762713,1.2881355932203389,1.1864406779661016,0.0,0.0,13.830508474576272,24.627118644067796
3278,0.2631578947368421,0.0,0.0,0.0,0.0,0.0,0.0,1.263157894736842,0.0,0.0,0.0,0.0,0.0,0.0,0.0,46.1578947368421,1.0,3.8421052631578947,0.0,0.0,9.947368421052632,18.31578947368421
3279,1.2857142857142858,0.0,0.0,0.0,0.0,0.0,0.047619047619047616,0.0,0.6190476190476191,0.0,0.0,0.0,0.0,0.0,0.0,34.76190476190476,0.5238095238095238,9.666666666666666,0.0,0.0,9.428571428571429,18.19047619047619
3280,1.1956521739130435,0.0,0.0,0.0,0.0,0.0,1.2608695652173914,1.891304347826087,0.0,0.0,0.0,0.0,0.0,0.0,0.0,94.73913043478261,2.217391304347826,0.0,0.0,0.0,25.58695652173913,42.891304347826086
3281,0.0,0.0,0.0,0.0,0.0,0.0,0.0,3.0428571428571427,0.0,0.0,0.0,0.0,0.0,0.0,0.0,4.8428571428571425,0.0,5.4,0.0,0.0,5.328571428571428,8.028571428571428
3282,0.48214285714285715,0.0,0.0,0.0,0.0,0.0,0.0,0.0,0.0,0.0,0.0,0.0,0.0,0.0,0.0,3.357142857142857,0.0,2.4642857142857144,0.0,0.0,4.392857142857143,7.089285714285714
3283,0.0,0.0,0.06896551724137931,0.0,0.0,0.0,0.7241379310344828,1.206896551724138,0.0,0.034482758620689655,0.0,0.0,0.0,0.0,0.1724137931034483,88.51724137931035,1.6896551724137931,0.0,0.0,0.0,12.068965517241379,20.275862068965516
3284,0.7272727272727273,0.045454545454545456,0.0,0.0,0.0,0.0,0.0,0.0,0.0,0.0,0.0,0.0,0.0,0.0,0.0,74.04545454545455,0.5,0.0,0.0,0.0,10.590909090909092,19.59090909090909
3285,0.0,0.0,0.0,0.0,0.0,0.0,0.0,0.0,0.0,0.0,0.0,0.0,0.0,0.0,0.0,46.2,0.0,0.0,0.0,0.0,9.7,19.1
3286,3.1515151515151514,0.0,0.0,0.0,0.0,0.0,0.06818181818181818,0.06060606060606061,0.0,0.21212121212121213,0.0,0.0,0.0,0.0,0.0,9.56060606060606,0.18181818181818182,3.727272727272727,0.0,4.303030303030303,9.553030303030303,17.71969696969697
3287,0.5,0.0,0.0,0.0,0.0,0.0,0.0,0.0,0.0,0.0,0.0,0.0,0.0,0.0,0.0,5.580357142857143,0.0,1.6517857142857142,0.0,0.0,10.6875,19.151785714285715
3288,0.8333333333333334,0.0,0.0,0.0,0.0,0.0,0.0,0.0,0.0,0.06666666666666667,0.0,0.0,0.0,0.0,0.5,48.233333333333334,0.5333333333333333,6.233333333333333,0.7333333333333333,0.0,8.933333333333334,14.133333333333333
3289,0.8153846153846154,0.0,0.0,0.0,0.0,0.0,0.9384615384615385,1.676923076923077,0.07692307692307693,0.3384615384615385,0.0,0.0,0.0,0.0,1.3384615384615384,21.876923076923077,2.0923076923076924,3.292307692307692,2.0923076923076924,0.0,16.046153846153846,27.76923076923077
3290,0.7741935483870968,0.0,0.0,0.0,0.16129032258064516,0.0,0.0,0.26881720430107525,0.0,0.0,1.6774193548387097,0.0,0.0,0.0,0.0,8.698924731182796,0.0,4.89247311827957,2.3333333333333335,0.0,12.150537634408602,19.677419354838708
3291,1.96,0.0,0.0,0.0,0.0,0.0,0.56,1.76,0.0,0.0,0.0,0.0,0.0,0.0,0.0,53.04,1.32,1.4,8.36,0.0,18.6,29.2
3292,0.6190476190476191,0.0,0.0,0.0,6.857142857142857,0.0,0.5238095238095238,1.3095238095238095,0.21428571428571427,0.0,9.357142857142858,0.0,0.0,0.0,0.0,30.5,0.16666666666666666,2.9523809523809526,0.0,0.0,14.333333333333334,26.023809523809526
3293,0.0,0.0,0.0,0.0,0.0,0.0,0.0,0.2692307692307692,0.0,0.0,0.0,0.0,0.0,0.0,0.0,69.96153846153847,0.5769230769230769,0.0,0.0,0.0,17.653846153846153,27.115384615384617
3294,1.375,0.0,0.0,0.0,0.0,0.0,1.25,0.0,0.0,0.875,0.0,0.0,0.0,0.0,2.7916666666666665,72.5,2.625,0.0,0.0,0.0,20.291666666666668,35.0
3295,0.6296296296296297,0.0,0.0,0.0,0.0,0.0,0.25925925925925924,0.012345679012345678,0.0,0.0,0.0,0.0,0.0,0.0,0.0,9.432098765432098,0.14814814814814814,9.185185185185185,0.0,0.0,8.716049382716049,16.02469135802469
3296,0.375,0.0,0.0,0.0,0.0,0.0,0.020833333333333332,0.0,0.0,0.0,9.5,0.0,0.0,0.0,0.0,30.791666666666668,0.10416666666666667,11.895833333333334,0.0,0.0,16.354166666666668,32.166666666666664
3297,0.0,0.0,0.0,0.21951219512195122,0.0,0.0,0.0,0.7317073170731707,0.0,0.0,4.670731707317073,0.0,0.0,0.0,0.0,8.902439024390244,0.0,2.2804878048780486,0.0,0.0,10.560975609756097,18.585365853658537
3298,0.0,0.0,0.0,0.0,0.0,0.0,0.0,0.3103448275862069,0.0,0.0,0.0,0.0,0.0,0.0,0.0,5.344827586206897,0.0,6.310344827586207,0.0,0.0,2.896551724137931,7.224137931034483
3299,0.0,0.0,0.0,5.679245283018868,12.11320754716981,0.0,0.0,1.471698113207547,0.0,0.0,7.226415094339623,0.0,0.0,0.0,0.0,5.018867924528302,0.0,3.5283018867924527,0.0,0.0,4.811320754716981,10.830188679245284
3300,0.0,0.0,0.0,0.0,0.0,0.0,0.0,0.9072847682119205,0.0,0.0,0.0,0.0,0.0,0.0,0.0,4.986754966887418,0.0,4.543046357615894,0.0,0.0,7.788079470198675,14.748344370860927
3301,0.8532608695652174,0.0,0.0,0.375,0.9021739130434783,0.0,0.02717391304347826,0.2391304347826087,0.0,0.0,1.516304347826087,0.0,0.0,0.0,0.0,5.119565217391305,0.010869565217391304,3.641304347826087,0.0,0.0,12.88586956521739,22.554347826086957
3302,0.75,0.0,0.0,0.0,0.0,0.0,0.0,0.0,0.0,0.0,0.0,0.0,0.0,0.0,0.0,104.65,0.75,0.0,0.0,0.0,16.35,27.0
3303,0.8688524590163934,0.0,0.0,0.0,3.9672131147540983,0.0,0.7868852459016393,1.3278688524590163,0.0,0.0,0.0,0.0,0.0,0.0,0.0,36.49180327868852,0.9016393442622951,0.26229508196721313,6.442622950819672,0.0,17.081967213114755,29.098360655737704
3304,0.0,0.0,0.0,0.0,0.0,0.0,0.0,0.5283018867924528,0.0,0.0,0.0,0.0,0.0,0.0,0.0,10.39622641509434,0.0,3.830188679245283,0.0,0.0,10.245283018867925,16.528301886792452
3305,0.26666666666666666,0.0,0.0,0.0,0.0,0.0,1.2666666666666666,2.8666666666666667,0.06666666666666667,1.1333333333333333,0.0,0.0,0.0,1.0666666666666667,0.0,35.86666666666667,1.6666666666666667,1.0,0.0,0.0,8.2,10.666666666666666
3306,1.4166666666666667,0.0,0.0,0.0,5.333333333333333,0.0,1.75,3.0416666666666665,0.0,0.0,0.0,0.0,0.0,0.2916666666666667,0.0,76.41666666666667,2.4166666666666665,0.0,0.0,0.0,31.625,56.916666666666664
3307,0.23529411764705882,0.0,0.0,0.0,0.0,0.0,0.0,0.39215686274509803,0.0,0.37254901960784315,0.0,0.0,0.0,0.0,0.0,7.8431372549019605,0.0,5.372549019607843,0.0,0.0,1.4705882352941178,4.431372549019608
3308,1.054054054054054,0.0,0.0,0.0,0.0,0.0,0.40540540540540543,0.7297297297297297,0.0,0.10810810810810811,0.0,0.0,0.0,0.0,0.02702702702702703,44.270270270270274,0.8648648648648649,0.0,0.0,0.0,23.08108108108108,41.2972972972973
3309,1.490566037735849,0.0,0.0,0.0,0.0,0.0,0.16981132075471697,0.7547169811320755,0.0,0.09433962264150944,0.0,0.0,0.0,0.0,0.0,42.83018867924528,0.7547169811320755,0.5849056603773585,38.9622641509434,0.0,16.037735849056602,27.18867924528302
3310,0.25333333333333335,0.0,0.0,0.006666666666666667,0.1,0.0,0.0,0.6066666666666667,0.0,0.0,0.02666666666666667,0.0,0.0,0.0,0.0,4.92,0.0,1.4266666666666667,0.0,0.0,9.693333333333333,16.94
3311,0.0,1.5,0.0,0.0,0.0,0.0,0.0,0.0,0.0,0.0,0.0,0.0,0.0,0.0,0.0,54.0,0.0,0.0,0.0,0.0,11.0,16.25
3312,0.7714285714285715,0.0,0.0,0.0,0.0,0.0,0.9142857142857143,2.4,0.0,0.08571428571428572,0.0,0.0,0.0,0.0,0.0,36.4,2.257142857142857,0.0,0.5714285714285714,0.0,18.085714285714285,31.142857142857142
3313,0.43636363636363634,0.0,0.0,0.0,0.0,0.0,0.5636363636363636,1.1454545454545455,1.8363636363636364,0.6545454545454545,0.0,0.0,0.0,0.10909090909090909,0.07272727272727272,19.854545454545455,1.1272727272727272,9.145454545454545,0.0,0.0,22.654545454545456,37.72727272727273
3314,0.0,0.0,0.0,0.0,0.0,0.0,0.0,0.0,0.0,0.0,0.0,0.0,0.0,0.0,0.0,77.77777777777777,1.4444444444444444,0.0,0.0,0.0,11.666666666666666,16.555555555555557
3315,0.0,0.0,0.0,0.0,0.0,0.0,0.0,0.04580152671755725,0.0,0.0,0.0,0.0,0.0,0.0,0.0,4.916030534351145,0.0,1.549618320610687,0.0,0.0,5.519083969465649,11.755725190839694
3316,0.7647058823529411,0.0,0.0,0.0,0.0,0.0,0.4117647058823529,1.1176470588235294,0.0,0.29411764705882354,0.0,0.0,0.0,0.0,0.0,56.529411764705884,0.7058823529411765,1.1764705882352942,1.3529411764705883,0.0,9.705882352941176,19.41176470588235
3317,1.0568561872909699,0.0,0.0,0.0,0.0,0.0,0.0,0.4816053511705686,0.0,0.0,0.0,0.0,0.0,0.0,0.0,5.712374581939799,0.0,3.076923076923077,0.0,0.0,9.618729096989966,17.474916387959865
3318,1.8297872340425532,0.0,0.0,0.0,4.0,0.0,0.7659574468085106,0.9787234042553191,3.3191489361702127,0.723404255319149,0.0,0.0,0.0,0.3191489361702128,0.5531914893617021,41.59574468085106,0.8085106382978723,4.340425531914893,2.6382978723404253,0.0,26.25531914893617,46.46808510638298
3319,0.6779661016949152,0.0,0.0,0.0,0.0,0.0,0.13559322033898305,0.3220338983050847,0.0,0.01694915254237288,0.0,0.0,0.0,0.0,0.0,22.779661016949152,0.4576271186440678,7.067796610169491,0.0,0.0,24.271186440677965,42.94915254237288
3320,0.0,0.6153846153846154,0.0,0.0,0.0,0.0,0.38461538461538464,1.1538461538461537,0.0,0.0,0.0,0.0,0.0,0.0,0.0,23.46153846153846,3.3076923076923075,0.0,0.0,0.0,9.923076923076923,18.0
3321,0.3333333333333333,0.0,0.0,0.0,7.041666666666667,0.0,0.875,2.4583333333333335,0.20833333333333334,0.5416666666666666,0.0,0.0,0.0,0.0,0.0,53.041666666666664,1.7083333333333333,0.875,1.7083333333333333,0.0,20.791666666666668,31.208333333333332
3322,0.631578947368421,0.0,0.0,0.0,4.315789473684211,0.0,0.3508771929824561,0.45614035087719296,0.0,0.05263157894736842,9.456140350877194,0.0,0.0,16.54385964912281,0.0,34.49122807017544,0.7719298245614035,0.05263157894736842,1.4385964912280702,0.0,12.824561403508772,25.385964912280702
3323,1.1176470588235294,0.7352941176470589,0.0,0.0,0.0,1.3235294117647058,0.029411764705882353,0.5,0.0,0.35294117647058826,6.705882352941177,0.0,0.0,0.0,0.0,77.17647058823529,0.38235294117647056,0.0,4.970588235294118,0.0,17.323529411764707,28.705882352941178
3324,0.7611940298507462,0.0,0.0,0.0,0.0,0.0,0.8059701492537313,0.9402985074626866,2.626865671641791,0.373134328358209,0.0,0.0,0.0,12.343283582089553,0.2835820895522388,19.328358208955223,0.8805970149253731,6.208955223880597,0.3880597014925373,0.5522388059701493,14.835820895522389,22.83582089552239
3325,1.0,0.0,0.0,0.0,18.666666666666668,0.0,0.05555555555555555,0.4444444444444444,0.0,0.0,0.0,0.0,0.0,0.05555555555555555,0.0,113.05555555555556,0.5,0.0,0.0,0.0,15.333333333333334,22.444444444444443
3326,0.4852941176470588,0.0,0.0,0.17647058823529413,0.0,0.0,0.0,0.0,0.0,0.0,0.0,0.0,0.0,0.0,0.0,3.1323529411764706,0.0,0.8235294117647058,0.0,0.0,10.507352941176471,18.5
3327,0.0,0.0,0.0,0.0,0.0,0.0,0.0,0.4523809523809524,0.0,0.0,0.0,0.0,0.0,0.0,0.0,4.369047619047619,0.0,1.630952380952381,0.0,0.0,5.761904761904762,10.773809523809524
3328,0.23076923076923078,0.0,0.0,0.0,0.0,0.0,0.9038461538461539,2.1153846153846154,0.46153846153846156,0.5384615384615384,0.0,0.0,0.0,0.038461538461538464,0.0,16.03846153846154,2.3076923076923075,4.923076923076923,0.0,0.0,18.403846153846153,31.826923076923077
3329,0.1388888888888889,0.0,0.0,0.0,0.0,0.0,0.6111111111111112,1.1944444444444444,0.0,0.0,0.0,0.0,0.0,0.0,0.027777777777777776,30.13888888888889,1.1388888888888888,2.4444444444444446,0.0,0.0,14.944444444444445,26.444444444444443
3330,0.64,0.0,0.0,0.0,0.0,0.0,0.0,0.0,0.0,0.0,0.0,0.0,0.0,0.0,0.0,95.6,0.36,0.0,0.0,0.0,21.48,34.72
3331,0.3706293706293706,0.0,0.0,0.0,0.0,0.0,0.0,1.8181818181818181,0.0,0.0,0.0,0.0,0.0,0.0,0.0,6.013986013986014,0.0,3.909090909090909,0.0,0.0,9.671328671328672,18.097902097902097
3332,0.9155844155844156,0.0,0.0,0.0,0.0,0.0,0.0,0.5844155844155844,0.0,0.0,0.0,0.0,0.0,0.0,0.0,3.792207792207792,0.0,3.4935064935064934,0.0,0.0,12.597402597402597,21.27922077922078
3333,1.4444444444444444,0.2222222222222222,0.4444444444444444,0.0,0.0,0.0,2.3333333333333335,3.6666666666666665,0.0,0.3333333333333333,0.0,0.0,0.0,0.0,1.4444444444444444,42.77777777777778,2.6666666666666665,0.0,0.0,0.0,10.666666666666666,19.88888888888889
3334,0.1951219512195122,0.0,0.0,0.0,0.0,0.8536585365853658,0.5121951219512195,1.1219512195121952,0.0,0.17073170731707318,0.0,0.0,0.0,0.0,0.36585365853658536,38.146341463414636,1.048780487804878,0.0,0.3170731707317073,0.0,17.951219512195124,28.0
3335,0.5087719298245614,0.0,0.0,0.0,0.0,0.0,0.0,0.3508771929824561,0.0,0.0,0.0,0.0,0.0,0.0,0.0,12.526315789473685,0.0,4.5964912280701755,0.0,0.0,6.964912280701754,13.894736842105264
3336,0.19148936170212766,0.0,0.0,0.0,0.0,0.0,0.0,0.723404255319149,0.0,0.0,0.0,0.0,0.0,0.0,0.0,2.978723404255319,0.0,7.531914893617022,0.0,0.0,5.787234042553192,8.51063829787234
3337,0.0,0.0,0.0,0.0,0.6666666666666666,0.0,0.0,0.017543859649122806,0.0,0.0,0.35964912280701755,0.0,0.0,0.0,0.0,3.43859649122807,0.0,1.719298245614035,0.0,0.0,4.473684210526316,10.131578947368421
3338,2.810810810810811,0.0,0.0,0.0,0.0,0.0,0.2702702702702703,1.0405405405405406,0.0,0.0,0.0,0.0,0.0,0.0,0.0,5.675675675675675,0.0,2.945945945945946,0.0,2.554054054054054,11.743243243243244,18.972972972972972
3339,1.0416666666666667,0.0,0.0,0.0,0.0,0.0,0.7083333333333334,2.0,0.0,0.4166666666666667,0.0,0.0,0.0,0.0,0.0,70.04166666666667,1.8333333333333333,0.0,0.0,0.0,18.916666666666668,33.458333333333336
3340,1.967741935483871,0.0,0.0,0.0,0.0,0.0,0.0,0.0,0.0,0.0,0.0,0.0,0.0,16.70967741935484,0.0,131.6451612903226,0.5483870967741935,0.0,0.0,0.0,17.451612903225808,30.0
3341,0.14285714285714285,0.0,0.0,0.7402597402597403,2.207792207792208,0.0,0.0,0.4155844155844156,0.0,0.0,4.64935064935065,0.0,0.0,0.0,0.0,5.324675324675325,0.0,1.7272727272727273,0.0,0.0,3.74025974025974,6.6103896103896105
3342,0.0,0.0,0.0,0.0,0.0,0.0,0.8392857142857143,1.7678571428571428,0.375,0.32142857142857145,0.0,0.0,0.0,0.03571428571428571,0.08928571428571429,14.589285714285714,1.375,2.017857142857143,17.821428571428573,0.25,11.232142857142858,23.0
3343,1.625,0.0,0.0,0.0,0.0,0.0,1.34375,0.65625,0.0,0.375,0.0,0.0,0.0,0.0,4.8125,25.40625,2.21875,0.0,0.0,0.0,13.15625,27.25
3344,1.375,1.875,0.0,0.0,0.0,0.0,0.0,0.0,0.0,0.0,0.0,0.0,0.0,0.0,0.0,38.083333333333336,0.5,1.4583333333333333,0.0,0.0,20.333333333333332,33.583333333333336
3345,1.1428571428571428,0.0,0.0,0.0,0.0,0.0,0.6785714285714286,0.0,0.0,0.0,3.6785714285714284,0.0,0.0,0.0,0.0,65.21428571428571,1.6428571428571428,0.0,4.714285714285714,0.0,20.464285714285715,37.214285714285715
3346,0.5833333333333334,0.0,0.0,0.0,0.0,0.0,0.2222222222222222,0.4444444444444444,2.5,0.1388888888888889,0.0,0.0,0.0,0.1111111111111111,0.0,20.13888888888889,0.4722222222222222,11.583333333333334,2.2222222222222223,2.361111111111111,13.722222222222221,24.583333333333332
3347,0.0,0.0,0.0,0.0,0.0,3.4166666666666665,0.0,0.0,0.0,0.0,0.0,0.0,0.0,0.0,0.0,9.666666666666666,0.0,1.8055555555555556,0.0,0.0,10.5,18.444444444444443
3348,0.20754716981132076,0.0,0.0,0.0,6.943396226415095,0.0,0.39622641509433965,2.169811320754717,0.16981132075471697,0.0,2.5283018867924527,2.509433962264151,0.0,0.0,0.0,13.547169811320755,1.7735849056603774,1.0188679245283019,0.0,0.0,22.358490566037737,38.43396226415094
3349,0.7894736842105263,0.0,0.0,0.0,0.0,1.2105263157894737,1.4210526315789473,3.736842105263158,0.0,0.9473684210526315,0.0,0.0,0.0,0.0,0.0,47.94736842105263,3.3684210526315788,0.0,2.5,0.0,24.394736842105264,40.89473684210526
3350,1.175,0.0,0.0,0.0,0.0,0.0,0.85,2.225,0.0,0.15,0.0,0.0,0.0,0.0,0.0,31.575,1.775,0.0,0.0,0.0,18.775,35.45
3351,0.04,0.1,0.0,0.0,1.48,0.0,0.12,1.24,0.02,0.0,2.32,0.0,0.0,3.38,0.08,36.52,0.46,0.16,1.36,0.0,16.42,30.54
3352,2.5789473684210527,0.3684210526315789,0.0,0.0,0.0,0.0,0.4473684210526316,0.0,0.0,0.21052631578947367,0.0,0.0,0.0,0.0,0.02631578947368421,69.26315789473684,0.4473684210526316,0.0,0.7105263157894737,0.0,19.526315789473685,34.21052631578947
3353,0.0,0.0,0.0,0.0,0.3484848484848485,0.0,0.0,0.8787878787878788,0.0,0.0,1.8181818181818181,0.0,0.0,0.0,0.0,3.484848484848485,0.0,3.5,0.0,0.0,3.5303030303030303,7.924242424242424
3354,0.0,0.0,0.0,0.0,0.0,0.0,0.00980392156862745,0.0,0.0,0.0,0.0,0.0,0.0,0.0,0.0,5.980392156862745,0.058823529411764705,2.803921568627451,0.0,0.0,6.303921568627451,11.558823529411764
3355,0.5242718446601942,0.0,0.0,0.0,0.0,0.0,0.7184466019417476,0.0,0.0,0.0,0.0,0.0,0.0,0.0,0.8737864077669902,5.29126213592233,1.0679611650485437,6.737864077669903,0.0,0.0,13.990291262135923,24.54368932038835
3356,2.6391752577319587,0.0,0.0,0.4845360824742268,1.958762886597938,0.0,0.010309278350515464,1.1237113402061856,0.0,0.0,1.5876288659793814,0.0,0.0,0.0,0.0,9.051546391752577,0.0,13.608247422680412,0.0,5.082474226804123,13.731958762886597,23.670103092783506
3357,0.8888888888888888,0.0,0.0,0.0,0.0,0.0,1.1851851851851851,1.2962962962962963,0.0,0.48148148148148145,0.0,0.0,0.0,0.0,3.7037037037037037,25.88888888888889,1.4074074074074074,0.0,0.0,0.0,12.925925925925926,23.185185185185187
3358,0.5301204819277109,0.0,0.0,0.0,0.0,0.0,0.0,0.3132530120481928,0.0,0.0,0.0,0.0,0.0,0.0,0.0,3.108433734939759,0.012048192771084338,0.37349397590361444,0.0,0.0,14.25301204819277,23.662650602409638
3359,0.0,0.0,0.0,0.0,0.0,0.0,1.0,0.25,0.0,0.0,0.0,0.0,0.0,0.0,0.0,23.083333333333332,0.8333333333333334,0.0,29.333333333333332,0.0,10.75,26.75
3360,1.4130434782608696,0.0,0.0,0.0,0.0,0.0,1.326086956521739,0.0,0.0,0.08695652173913043,0.0,0.0,0.0,0.0,0.0,98.02173913043478,3.0434782608695654,0.0,0.0,0.0,22.97826086956522,41.71739130434783
3361,0.27586206896551724,0.0,0.0,0.0,0.0,0.0,0.0,1.8045977011494252,0.0,0.0,0.0,0.0,0.0,0.0,0.0,11.091954022988507,0.0,1.8505747126436782,0.0,0.0,13.206896551724139,20.82758620689655
3362,0.0,0.8222222222222222,0.0,0.0,0.0,0.0,0.3111111111111111,0.0,0.0,0.2,0.0,0.0,0.0,0.0,0.0,77.46666666666667,0.4888888888888889,1.488888888888889,0.0,0.0,11.688888888888888,19.022222222222222
3363,0.5217391304347826,0.0,0.0,0.0,6.6521739130434785,0.0,0.0,0.0,0.0,0.0,17.652173913043477,0.0,0.0,0.0,0.0,54.56521739130435,0.30434782608695654,0.0,12.521739130434783,0.0,10.91304347826087,22.565217391304348
3364,0.14285714285714285,0.0,0.0,0.0,0.0,0.0,1.0952380952380953,1.9047619047619047,0.19047619047619047,0.38095238095238093,0.0,0.0,0.0,0.0,0.0,11.714285714285714,1.0952380952380953,1.0,2.9523809523809526,0.0,8.619047619047619,13.333333333333334
3365,1.6206896551724137,0.0,0.0,0.0,0.0,0.0,0.0,0.0,0.0,0.0,0.0,0.0,0.0,0.0,0.0,104.51724137931035,1.5517241379310345,0.0,0.0,0.0,24.79310344827586,39.310344827586206
3366,0.0,0.0,0.0,0.0,0.0,0.0,0.0,0.0,0.0,0.0,0.0,0.0,0.0,0.0,0.0,3.803921568627451,0.0,1.7549019607843137,0.0,0.0,4.411764705882353,9.284313725490197
3367,0.22641509433962265,0.0,0.0,0.0,0.0,0.0,0.0,0.0660377358490566,0.0,0.0,0.0,0.0,0.0,0.0,0.0,2.580188679245283,0.0,1.278301886792453,0.0,0.0,6.966981132075472,12.316037735849056
3368,0.0,0.0,0.0,0.0,1.7,0.0,0.0,1.9,0.0,0.0,13.1,0.0,0.0,0.0,0.0,75.5,0.6,0.0,5.5,0.0,5.8,17.7
3369,0.0,0.0,0.0,0.0,0.0,0.0,0.0,0.7714285714285715,0.0,0.0,0.0,0.0,0.0,0.0,0.0,8.528571428571428,0.0,3.4857142857142858,0.0,0.0,9.085714285714285,15.814285714285715
3370,0.41379310344827586,0.0,0.0,0.0,0.0,2.8793103448275863,0.0,0.08620689655172414,0.0,0.0,0.0,0.0,0.0,0.0,0.0,10.206896551724139,0.0,1.2241379310344827,0.0,0.0,20.120689655172413,32.689655172413794
3371,0.1792452830188679,0.0,0.0,0.0,0.0,0.0,0.0,0.009433962264150943,0.0,0.0,0.0,0.0,0.0,0.0,0.0,4.783018867924528,0.0,2.7264150943396226,0.0,0.0,12.79245283018868,21.92452830188679
3372,1.2549019607843137,0.0,0.11764705882352941,0.0,0.0,0.0,1.3137254901960784,4.0,0.0,0.7254901960784313,0.0,0.0,0.0,0.0,0.0,21.88235294117647,2.3529411764705883,0.0,0.0,0.0,21.50980392156863,36.490196078431374
3373,2.45,0.8,0.025,0.0,2.05,0.0,0.25,0.75,1.2,0.025,0.0,0.0,0.0,0.45,0.0,49.8,0.325,6.55,3.5,0.0,29.125,47.75
3374,0.9629629629629629,0.0,0.0,0.0,0.0,0.0,0.0,0.35555555555555557,0.0,0.0,0.0,0.0,0.0,0.0,0.0,6.851851851851852,0.0,7.340740740740741,0.0,0.0,8.614814814814816,15.807407407407407
3375,0.43103448275862066,0.0,0.0,0.0,2.1206896551724137,0.0,0.5862068965517241,1.4482758620689655,0.9482758620689655,0.3275862068965517,0.43103448275862066,0.0,0.0,0.0,0.0,23.189655172413794,0.5517241379310345,6.120689655172414,1.3448275862068966,0.0,19.017241379310345,33.98275862068966
3376,0.06896551724137931,0.0,0.0,0.0,11.620689655172415,0.0,0.20689655172413793,0.9310344827586207,0.0,0.0,1.8275862068965518,0.0,0.0,0.0,0.0,8.827586206896552,0.20689655172413793,2.1724137931034484,0.0,0.0,23.413793103448278,47.3448275862069
3377,0.6981132075471698,0.07547169811320754,0.05660377358490566,0.0,0.0,0.0,0.11320754716981132,0.6037735849056604,0.3584905660377358,0.22641509433962265,0.0,0.0,0.0,0.0,0.0,41.943396226415096,0.7169811320754716,9.132075471698114,0.0,0.0,20.849056603773583,36.43396226415094
3378,0.5652173913043478,0.0,0.0,0.0,0.45217391304347826,0.0,0.0,0.0,0.0,0.0,0.10434782608695652,0.0,0.0,0.0,0.0,3.773913043478261,0.0,1.565217391304348,0.0,0.0,9.88695652173913,17.51304347826087
3379,0.864406779661017,0.0,0.0,0.0,0.0,0.0,0.0,0.05084745762711865,0.11864406779661017,0.0,0.0,0.0,0.0,0.0,0.0,14.64406779661017,0.0,11.322033898305085,0.0,0.0,5.694915254237288,10.94915254237288
3380,0.28125,0.0,0.0,0.0,0.0,0.0,0.75,2.3125,0.1875,0.5,0.0,0.0,0.0,0.0,0.0,27.46875,2.375,3.03125,0.0,0.0,16.40625,29.28125
3381,0.46226415094339623,0.0,0.0,0.0,0.0,0.0,0.0,1.150943396226415,0.0,0.0,0.0,0.0,0.0,0.0,0.0,5.990566037735849,0.0,1.3773584905660377,0.0,0.0,10.754716981132075,18.650943396226417
3382,2.25,0.0,0.5,0.0,0.0,0.0,2.3055555555555554,3.6944444444444446,0.0,1.1111111111111112,0.0,0.0,0.0,0.0,0.0,40.0,2.5,0.6666666666666666,0.0,0.0,30.416666666666668,50.916666666666664
3383,0.0,0.0,0.0,0.0,0.03125,0.0,0.0,0.078125,0.0,0.0,0.109375,0.0,0.0,0.0,0.0,4.25,0.0,1.0859375,0.0,0.0,3.90625,7.5859375
3384,1.0714285714285714,0.0,0.0,0.0,0.0,0.0,1.0714285714285714,2.6666666666666665,0.0,0.2619047619047619,0.0,0.0,0.0,0.0,0.4523809523809524,50.666666666666664,2.142857142857143,0.0,0.0,0.0,22.428571428571427,42.785714285714285
3385,0.0,0.0,0.0,0.64,0.52,0.0,0.0,4.36,0.0,0.0,0.48,0.0,0.0,0.0,0.0,5.48,0.0,3.08,0.0,0.0,3.24,5.72
3386,0.0,0.0,0.0,0.0,0.0,0.0,0.0,0.0,0.0,0.0,0.2571428571428571,0.0,0.0,0.0,0.0,10.228571428571428,0.0,0.8857142857142857,0.0,0.0,14.114285714285714,23.6
3387,0.0,0.0,0.0,0.0,0.0,0.0,0.0,0.0,0.0,0.0,0.0,0.0,0.0,0.0,0.0,3.388888888888889,0.0,0.5555555555555556,0.0,0.0,4.208333333333333,7.861111111111111
3388,1.4567901234567902,0.0,0.0,0.0,0.0,0.0,0.2962962962962963,3.3209876543209877,0.06172839506172839,0.2962962962962963,0.0,0.0,0.0,0.0,0.2962962962962963,10.567901234567902,0.38271604938271603,2.962962962962963,0.0,0.0,8.11111111111111,13.617283950617283
3389,0.5454545454545454,0.06818181818181818,0.0,0.0,0.18181818181818182,0.0,1.4772727272727273,3.6136363636363638,0.13636363636363635,0.5909090909090909,0.0,0.0,0.0,0.0,0.0,20.34090909090909,1.5681818181818181,0.8181818181818182,4.340909090909091,0.0,24.318181818181817,40.06818181818182
3390,1.0,0.6,0.0,0.0,6.76,0.0,0.76,1.2,0.0,0.2,2.84,0.0,0.0,0.0,0.0,35.12,1.24,0.0,0.0,0.0,25.8,50.2
3391,0.2903225806451613,0.0,0.0,0.0,0.12903225806451613,0.12903225806451613,0.8709677419354839,0.7741935483870968,0.0,0.0,0.0,0.0,0.0,0.0,0.0,52.58064516129032,0.5161290322580645,0.0,1.4838709677419355,0.0,15.580645161290322,26.774193548387096
3392,2.0,0.0,0.0,0.0,0.0,0.0,0.9166666666666666,3.1666666666666665,0.0,1.2916666666666667,0.0,0.0,0.0,0.0,0.0,70.54166666666667,5.25,0.0,0.0,0.0,28.708333333333332,49.416666666666664
3393,2.489795918367347,0.061224489795918366,0.0,0.0,4.979591836734694,0.0,0.30612244897959184,1.2040816326530612,0.0,0.3673469387755102,0.0,0.0,0.0,0.0,0.0,76.85714285714286,0.673469387755102,0.9183673469387755,0.0,0.0,23.489795918367346,40.142857142857146
3394,0.5263157894736842,0.0,0.0,0.0,0.0,0.06578947368421052,0.0,0.10526315789473684,0.0,0.0,0.0,0.0,0.0,0.0,0.0,17.93421052631579,0.0,3.960526315789474,0.0,0.0,13.5,24.07894736842105
3395,0.39669421487603307,0.0,0.0,0.0,0.0,0.0,0.024793388429752067,0.12396694214876033,0.0,0.0,0.0,0.0,0.0,0.0,0.049586776859504134,3.9421487603305785,0.01652892561983471,1.8925619834710743,0.0,0.0,14.917355371900827,27.60330578512397
3396,0.0,0.0,0.0,0.0,0.0,0.0,0.041666666666666664,0.16666666666666666,0.0,0.0,0.0,0.0,0.0,0.0,0.0,21.416666666666668,0.125,0.25,0.0,0.0,13.916666666666666,24.5
3397,0.0,0.0,0.0,0.0,0.0,0.0,0.0,0.0,0.0,0.07692307692307693,0.0,0.0,0.0,0.0,0.0,100.46153846153847,0.23076923076923078,0.0,1.2307692307692308,0.0,9.846153846153847,18.307692307692307
3398,0.717948717948718,0.0,0.0,0.0,1.0256410256410255,0.0,0.05128205128205128,0.0,0.0,0.0,0.0,0.0,0.0,0.0,0.0,58.76923076923077,0.05128205128205128,0.0,2.1538461538461537,0.0,12.102564102564102,19.974358974358974
3399,0.0,0.0,0.0,0.0,1.7457627118644068,0.0,0.0,0.0,0.0,0.0,8.932203389830509,0.0,0.0,0.0,0.0,5.830508474576271,0.0,4.1525423728813555,0.0,0.0,8.372881355932204,15.711864406779661
3400,0.0,0.0,0.0,0.0,0.0,0.0,0.0,0.0,0.0,0.0,0.0,0.0,0.0,0.0,0.0,2.0,0.0,0.6842105263157895,0.0,0.0,2.5789473684210527,6.131578947368421
3401,1.125,0.0,0.0,0.0,0.0,1.5,0.5,1.5,0.0,0.0,0.0,0.0,0.0,0.0,0.75,71.25,0.375,0.0,6.375,0.0,8.875,17.0
3402,0.6052631578947368,0.0,0.0,0.2631578947368421,0.0,0.0,0.0,1.5263157894736843,0.8157894736842105,0.0,0.0,0.0,0.0,0.0,0.07894736842105263,16.18421052631579,0.02631578947368421,7.157894736842105,0.0,0.0,6.2631578947368425,12.263157894736842
3403,1.7209302325581395,0.0,0.0,0.0,0.0,0.0,0.0,0.2558139534883721,1.6744186046511629,0.13953488372093023,0.0,0.0,0.0,0.0,0.0,75.13953488372093,0.6744186046511628,0.0,0.0,0.0,23.325581395348838,38.41860465116279
3404,0.0,0.0,0.0,0.0,0.0,0.0,0.0,1.2222222222222223,0.0,0.0,0.0,0.0,0.0,0.0,0.0,3.6666666666666665,0.0,0.0,0.0,0.0,5.111111111111111,8.333333333333334
3405,0.0,0.0,0.0,0.0,0.0,0.0,0.0,0.0,0.0,0.0,0.0,0.0,0.0,0.0,0.0,1.5384615384615385,0.0,2.923076923076923,0.0,0.0,4.846153846153846,8.76923076923077
3406,0.3333333333333333,0.0,0.0,0.0,0.0,0.0,0.0,1.4444444444444444,0.0,0.0,0.0,0.0,0.0,0.0,0.0,7.333333333333333,0.0,0.0,0.0,0.0,5.555555555555555,5.111111111111111
3407,0.0,0.0,0.0,0.0,0.0,0.0,0.0,0.0,0.0,0.0,0.0,0.0,0.0,0.0,0.014705882352941176,2.735294117647059,0.0,3.1029411764705883,0.0,0.0,4.8088235294117645,9.382352941176471
3408,0.07317073170731707,0.43902439024390244,0.0,0.0,0.0,0.0,0.34146341463414637,0.07317073170731707,0.7317073170731707,0.024390243902439025,0.0,0.0,0.0,0.0,0.0,29.121951219512194,0.4878048780487805,14.804878048780488,0.12195121951219512,1.1951219512195121,24.29268292682927,40.951219512195124
3409,0.7142857142857143,0.10204081632653061,0.2857142857142857,0.0,0.5918367346938775,0.0,0.7346938775510204,1.6938775510204083,0.0,0.7551020408163265,0.0,0.0,0.0,0.0,0.0,48.69387755102041,2.204081632653061,0.0,0.7959183673469388,0.0,20.367346938775512,34.775510204081634
3410,0.2702702702702703,0.0,0.0,0.0,0.0,0.0,0.0,0.7297297297297297,0.0,0.0,0.0,0.0,0.0,0.0,0.0,2.2972972972972974,0.0,1.3783783783783783,0.0,0.0,3.72972972972973,6.054054054054054
3411,0.3333333333333333,0.5185185185185185,0.0,0.0,0.0,0.0,1.8148148148148149,2.814814814814815,0.0,0.4444444444444444,0.0,0.0,0.0,0.0,0.1111111111111111,27.444444444444443,1.8888888888888888,0.0,0.0,0.0,22.666666666666668,40.888888888888886
3412,1.3529411764705883,0.0,0.0,0.0,0.0,0.0,0.35294117647058826,0.17647058823529413,0.0,0.0,0.0,0.0,0.0,0.0,0.0,44.411764705882355,0.47058823529411764,0.0,0.0,0.0,13.411764705882353,22.58823529411765
3413,1.1956521739130435,0.32608695652173914,0.3695652173913043,0.41304347826086957,4.695652173913044,0.0,1.7173913043478262,4.065217391304348,0.0,0.10869565217391304,0.0,0.0,0.0,0.0,0.0,34.108695652173914,2.9130434782608696,0.0,0.8478260869565217,0.0,18.17391304347826,30.630434782608695
3414,0.0,0.0,0.0,0.0,0.0,0.0,0.0,0.0,0.0,0.0,0.0,0.0,0.0,0.0,0.0,2.539325842696629,0.0,1.8651685393258426,0.0,0.0,6.067415730337078,12.02247191011236
3415,0.44366197183098594,0.0,0.0,0.0,0.0,0.0,0.0,0.5915492957746479,0.0,0.0,0.0,0.0,0.0,0.0,0.0,6.070422535211268,0.0,0.8309859154929577,0.0,0.0,13.43661971830986,23.485915492957748
3416,0.0,0.0,0.0,0.0,0.0,0.0,1.2647058823529411,0.38235294117647056,0.0,0.5294117647058824,0.0,0.0,0.0,0.0,5.5588235294117645,28.91176470588235,2.2941176470588234,0.0,0.0,0.0,19.470588235294116,34.6764705882353
3417,1.5,0.0,0.0,0.0,0.0,0.0,0.8823529411764706,2.6176470588235294,0.20588235294117646,0.7941176470588235,0.0,0.0,0.0,0.0,0.0,32.11764705882353,1.7352941176470589,6.5,0.0,0.0,23.735294117647058,37.05882352941177
3418,0.28125,0.0,0.0,0.0,0.0,0.0,0.0,0.0,0.0,0.0,0.0,0.0,0.0,0.0,0.0,8.71875,0.0,17.34375,0.0,0.0,10.796875,17.828125
3419,1.2093023255813953,2.1627906976744184,0.2558139534883721,0.0,0.0,0.0,0.6511627906976745,1.4883720930232558,0.6744186046511628,0.3953488372093023,0.0,0.0,0.0,0.0,0.0,36.30232558139535,1.813953488372093,2.4651162790697674,2.3255813953488373,0.7441860465116279,28.25581395348837,44.72093023255814
3420,0.3181818181818182,1.0,0.0,0.0,0.0,0.0,3.090909090909091,3.6363636363636362,0.0,0.5454545454545454,0.0,0.0,0.0,0.0,0.13636363636363635,24.727272727272727,3.6363636363636362,0.45454545454545453,0.0,0.0,19.545454545454547,35.86363636363637
3421,2.0714285714285716,0.0,0.0,0.0,2.5714285714285716,0.0,0.5,3.0476190476190474,0.0,0.6190476190476191,0.0,0.0,0.0,0.0,0.0,80.97619047619048,2.0714285714285716,0.0,0.8333333333333334,0.0,28.714285714285715,49.476190476190474
3422,0.0,0.0,0.0,0.0,0.0,0.0,0.0,0.0,0.0,0.0,0.0,0.0,0.0,0.0,0.0,5.842105263157895,0.0,2.1052631578947367,0.0,0.0,2.8421052631578947,6.2105263157894735
3423,0.6557377049180327,0.6885245901639344,0.0,0.0,0.0,0.0,1.0655737704918034,1.0163934426229508,0.0,0.3442622950819672,0.0,0.0,0.0,0.0,0.0,48.50819672131148,1.1967213114754098,5.049180327868853,0.819672131147541,0.0,21.131147540983605,36.81967213114754
3424,1.6,0.14,0.2,1.22,5.5,0.0,0.84,3.3,0.0,0.62,2.78,3.42,0.0,0.0,0.0,25.36,5.24,0.0,0.28,0.0,24.52,40.3
3425,0.7160493827160493,0.0,0.0,0.0,0.0,0.0,0.0,1.0740740740740742,0.0,0.0,0.0,0.0,0.0,0.0,0.0,20.25925925925926,0.2962962962962963,2.0987654320987654,0.0,0.0,14.246913580246913,24.012345679012345
3426,0.0,0.0,0.0,0.0,0.0,0.0,0.0,1.345679012345679,0.0,0.0,0.0,0.0,0.0,0.0,0.0,6.827160493827161,0.0,5.567901234567901,0.0,0.0,10.333333333333334,16.925925925925927
3427,0.0,0.0,0.0,0.0,9.935483870967742,0.0,0.0,0.0,0.0,0.0,10.67741935483871,0.0,0.0,0.0,0.0,2.2580645161290325,0.0,7.193548387096774,0.0,0.0,3.903225806451613,10.451612903225806
3428,3.352112676056338,0.0,0.0,0.0,0.0,0.0,0.0,0.1267605633802817,0.0,0.0,0.0,0.0,0.0,0.0,0.0,13.23943661971831,0.0,3.859154929577465,0.0,6.211267605633803,12.28169014084507,22.338028169014084
3429,1.0,0.3333333333333333,0.0,2.3055555555555554,12.444444444444445,0.0,0.5555555555555556,2.1944444444444446,0.05555555555555555,0.5277777777777778,10.88888888888889,0.0,0.0,0.0,0.0,46.638888888888886,1.5,0.0,2.4444444444444446,0.0,22.333333333333332,41.861111111111114
3430,0.21367521367521367,0.0,0.0,0.0,0.0,0.0,0.0,0.6581196581196581,0.0,0.0,0.0,0.0,0.0,0.0,0.0,3.2222222222222223,0.0,0.4017094017094017,0.0,0.0,9.623931623931623,17.367521367521366
3431,0.168,0.0,0.0,0.0,0.0,0.0,0.0,0.064,0.0,0.0,0.0,0.0,0.0,0.0,0.0,5.728,0.0,2.36,0.0,0.0,8.56,14.808
3432,0.12903225806451613,0.0,0.0,0.0,0.0,0.0,1.064516129032258,0.0,0.0,0.12903225806451613,0.0,0.0,0.0,0.0,5.451612903225806,5.161290322580645,1.6451612903225807,11.258064516129032,0.41935483870967744,0.0,6.806451612903226,13.774193548387096
3433,0.859375,0.0,0.03125,0.0,0.0,0.0,0.296875,0.125,0.0,0.34375,0.0,0.0,0.0,0.0,0.59375,20.921875,0.59375,7.34375,0.0,0.0,14.609375,25.921875
3434,1.7941176470588236,0.8529411764705882,0.0,0.0,0.0,0.0,1.5,3.3529411764705883,0.0,0.35294117647058826,0.0,0.0,0.0,0.0,0.29411764705882354,43.76470588235294,2.5,0.0,0.0,0.0,23.61764705882353,40.6764705882353
3435,0.0,0.0,0.0,0.0,0.0,0.0,0.0,0.0,0.0,0.0,0.0,0.0,0.0,0.0,0.0,122.6,1.2,0.0,0.0,0.0,16.333333333333332,27.6
3436,0.0,0.0,0.0,0.0,21.791666666666668,0.0,0.0,0.0,0.0,0.0,41.708333333333336,0.0,0.0,0.0,0.0,0.5208333333333334,0.0,1.2708333333333333,0.0,0.0,3.25,9.104166666666666
3437,0.4642857142857143,0.0,0.0,0.0,0.0,0.0,0.4642857142857143,2.857142857142857,0.0,0.35714285714285715,0.0,0.0,0.0,0.0,0.0,36.285714285714285,3.1785714285714284,0.5714285714285714,0.0,0.0,25.178571428571427,39.75
3438,0.34782608695652173,0.0,0.0,0.0,0.0,0.0,0.0,0.043478260869565216,0.0,0.0,0.0,0.0,0.0,0.0,0.0,9.804347826086957,0.0,5.119565217391305,0.0,0.0,8.858695652173912,15.445652173913043
3439,1.875,1.125,0.0,0.0,0.9583333333333334,0.0,0.2916666666666667,2.625,0.0,0.0,0.0,0.0,0.0,0.0,0.0,75.70833333333333,0.75,0.0,0.0,0.0,24.291666666666668,39.791666666666664
3440,1.5614035087719298,0.0,0.0,0.08771929824561403,0.0,0.0,0.12280701754385964,0.40350877192982454,1.280701754385965,0.0,0.0,0.0,0.0,0.0,0.0,57.21052631578947,0.7719298245614035,0.0,0.0,0.0,23.17543859649123,38.824561403508774
3441,0.017543859649122806,0.0,0.0,0.0,0.0,0.0,0.0,0.05263157894736842,0.0,0.0,0.0,0.0,0.0,0.0,0.0,5.9298245614035086,0.0,1.4385964912280702,0.0,0.0,12.649122807017545,20.36842105263158
3442,0.0,0.0,0.0,2.5405405405405403,8.824324324324325,0.0,0.35135135135135137,0.5,0.0,0.0,20.364864864864863,0.0,0.0,0.0,0.0,5.121621621621622,0.0,0.28378378378378377,0.0,0.0,7.3108108108108105,14.972972972972974
3443,1.6304347826086956,0.0,0.0,0.7391304347826086,0.0,0.0,0.30434782608695654,1.0217391304347827,0.5,0.358695652173913,0.0,0.0,0.0,0.0,2.25,15.673913043478262,1.5,17.184782608695652,0.0,0.0,8.478260869565217,17.07608695652174
3444,1.263157894736842,1.105263157894737,0.0,1.6842105263157894,4.605263157894737,0.0,0.2894736842105263,1.0263157894736843,0.0,0.2631578947368421,3.763157894736842,0.0,0.0,0.0,0.0,43.36842105263158,0.631578947368421,0.0,3.8421052631578947,0.0,26.42105263157895,47.60526315789474
3445,0.0,0.0,0.0,0.0,0.0,0.0,0.0,0.0,0.0,0.0,0.0,0.0,0.0,0.0,0.0,2.473684210526316,0.0,0.40601503759398494,0.0,0.0,9.62406015037594,18.13533834586466
3446,0.0,0.0,0.0,0.0,0.0,0.0,0.4444444444444444,0.6666666666666666,0.0,0.3888888888888889,0.0,0.0,0.0,0.0,0.05555555555555555,23.666666666666668,1.2222222222222223,0.2222222222222222,6.388888888888889,0.0,8.11111111111111,15.166666666666666
3447,0.27450980392156865,0.13725490196078433,0.0,0.0,0.0,0.0,0.5098039215686274,0.7843137254901961,0.0,0.09803921568627451,0.0,0.0,0.0,0.0,0.35294117647058826,29.07843137254902,1.4509803921568627,0.1568627450980392,0.0,0.0,27.392156862745097,49.72549019607843
3448,1.6842105263157894,0.8421052631578947,0.21052631578947367,0.0,0.0,0.0,0.8947368421052632,3.289473684210526,0.34210526315789475,0.07894736842105263,0.0,0.0,0.0,0.0,0.0,21.394736842105264,4.815789473684211,2.3947368421052633,1.631578947368421,3.8684210526315788,38.73684210526316,64.8157894736842
3449,0.0,0.0,0.0,0.0,0.0,0.0,0.0,0.014705882352941176,0.0,0.0,0.0,0.0,0.0,0.0,0.0,8.264705882352942,0.0,4.75,0.0,0.0,5.470588235294118,9.882352941176471
3450,1.1176470588235294,0.0,0.0,0.0,0.0,0.0,0.058823529411764705,0.4117647058823529,1.0588235294117647,0.0,0.0,0.0,0.0,0.0,0.0,31.647058823529413,1.3529411764705883,9.352941176470589,7.294117647058823,0.0,16.11764705882353,26.235294117647058
3451,1.7142857142857142,0.0,0.0,1.4285714285714286,5.959183673469388,0.0,0.0,1.7346938775510203,0.0,0.10204081632653061,3.9183673469387754,0.0,0.0,0.0,0.0,33.224489795918366,0.42857142857142855,0.0,1.0204081632653061,0.0,17.163265306122447,32.12244897959184
3452,1.6046511627906976,1.0116279069767442,0.0,3.186046511627907,6.1976744186046515,0.0,0.813953488372093,1.9069767441860466,0.0,0.2558139534883721,0.0,0.0,0.0,0.0,0.0,43.81395348837209,1.4651162790697674,0.0,2.5930232558139537,0.0,15.174418604651162,25.77906976744186
3453,0.7012987012987013,0.0,0.0,0.0,0.0,0.0,0.0,3.9220779220779223,0.0,0.0,0.0,0.0,0.0,0.0,0.0,3.1298701298701297,0.0,1.5714285714285714,0.0,0.0,5.8311688311688314,11.623376623376624
3454,0.2753623188405797,0.0,0.0,1.1304347826086956,2.072463768115942,0.0,0.5362318840579711,0.3188405797101449,0.0,0.6811594202898551,0.3188405797101449,0.0,0.0,0.0,5.144927536231884,4.9855072463768115,2.3768115942028984,11.565217391304348,1.3478260869565217,0.0,18.47826086956522,31.579710144927535
3455,0.48,0.0,0.24,0.0,0.0,0.0,1.44,1.92,0.0,0.82,0.0,0.0,0.0,0.0,3.18,26.66,1.98,2.58,0.0,0.0,19.9,35.78
3456,1.2533333333333334,1.6266666666666667,0.3466666666666667,0.0,0.0,0.0,1.1333333333333333,0.06666666666666667,0.0,0.4,0.0,0.0,0.0,0.0,4.88,71.33333333333333,2.7733333333333334,0.7066666666666667,3.3466666666666667,1.8666666666666667,31.76,51.32
3457,0.0,0.0,0.0,0.3333333333333333,0.42028985507246375,0.0,0.0,0.0,0.0,0.0,0.0,0.0,0.0,0.0,0.0,10.46376811594203,0.0,5.782608695652174,0.3188405797101449,0.0,4.782608695652174,8.289855072463768
3458,0.9154929577464789,0.0,0.0,0.0,6.007042253521127,0.0,0.0,1.1408450704225352,0.0,0.0,2.1338028169014085,0.0,0.0,0.0,0.028169014084507043,12.873239436619718,0.22535211267605634,7.295774647887324,0.0,0.0,12.56338028169014,20.823943661971832
3459,0.9850746268656716,0.014925373134328358,0.0,0.0,0.0,0.0,0.1791044776119403,0.1791044776119403,0.0,0.08955223880597014,0.0,0.0,0.0,0.0,0.0,34.223880597014926,0.6865671641791045,3.1940298507462686,0.0,0.0,17.70149253731343,28.567164179104477
3460,0.4166666666666667,1.625,0.0,0.0,0.0,0.0,0.041666666666666664,0.75,0.0,0.0,0.0,0.0,0.0,0.0,0.0,31.708333333333332,0.3333333333333333,0.0,0.0,0.0,15.75,26.208333333333332
3461,2.246376811594203,0.6231884057971014,0.0,0.0,0.0,0.0,0.11594202898550725,0.5072463768115942,0.0,0.13043478260869565,0.0,0.0,0.0,0.0,0.0,35.69565217391305,0.8405797101449275,0.0,0.0,0.0,13.144927536231885,22.81159420289855
3462,0.16666666666666666,0.0,0.0,0.0,0.0,0.0,0.0,0.0,0.0,0.0,0.0,0.0,0.0,0.0,0.0,51.388888888888886,0.05555555555555555,0.0,0.0,0.0,8.055555555555555,12.833333333333334
3463,0.43333333333333335,0.0,0.0,0.0,0.0,0.0,0.0,0.13333333333333333,0.0,0.0,0.0,0.0,0.0,0.0,0.0,17.366666666666667,0.0,1.8333333333333333,0.0,0.0,26.333333333333332,42.3
3464,0.0,0.0,0.0,0.0,0.0,0.0,0.0,0.11428571428571428,0.0,0.0,0.0,0.0,0.0,0.0,0.0,2.942857142857143,0.0,8.285714285714286,0.0,0.0,4.3428571428571425,8.342857142857143
3465,0.3333333333333333,0.0,0.0,1.3333333333333333,5.0476190476190474,0.0,0.8571428571428571,2.1666666666666665,0.0,0.3333333333333333,0.42857142857142855,0.0,0.0,0.0,2.761904761904762,3.1904761904761907,1.8571428571428572,3.642857142857143,0.38095238095238093,0.0,12.880952380952381,25.857142857142858
3466,0.47368421052631576,0.0,0.0,0.0,0.0,0.0,1.0263157894736843,1.9210526315789473,1.1578947368421053,0.7894736842105263,0.0,0.0,0.0,0.0,5.052631578947368,27.736842105263158,2.9473684210526314,3.789473684210526,1.5,0.0,15.342105263157896,25.13157894736842
3467,1.64,0.0,0.0,0.0,0.6,0.0,0.0,0.0,0.0,0.0,0.0,0.0,0.0,0.0,0.0,57.08,0.6,0.0,0.0,0.0,21.16,30.68
3468,0.0,0.0,0.0,0.0,0.0,0.0,0.0,0.8947368421052632,0.0,0.0,0.0,0.0,0.0,0.0,0.0,8.526315789473685,0.0,0.5526315789473685,0.0,0.0,9.868421052631579,17.88157894736842
3469,0.0,0.0,0.0,0.0,0.024691358024691357,0.0,0.0,0.0,0.0,0.0,0.36419753086419754,0.0,0.0,0.0,0.0,2.8209876543209877,0.0,1.0555555555555556,0.09259259259259259,0.0,9.648148148148149,17.22222222222222
3470,0.0,1.2608695652173914,0.0,0.0,0.0,0.0,0.0,0.0,0.0,0.0,0.0,0.0,0.0,0.0,0.0,30.608695652173914,0.2608695652173913,0.0,0.0,0.0,23.652173913043477,43.52173913043478
3471,0.8,0.0,0.0,0.0,0.0,0.0,0.0,0.0,0.0,0.0,0.0,0.0,0.0,0.0,0.0,117.9,0.7,0.0,0.0,0.0,13.9,21.8
3472,0.9216867469879518,0.0,0.0,0.0,0.0,0.0,0.0,0.030120481927710843,0.0,0.0,0.0,0.0,0.0,0.0,0.0,3.0,0.0,0.2710843373493976,0.0,0.0,8.409638554216867,15.457831325301205
3473,0.0,0.0,0.0,0.0,0.0,0.0,0.0,2.3333333333333335,0.0,0.0,0.0,0.0,0.0,0.0,0.0,7.5,0.16666666666666666,3.5,0.0,0.0,6.0,7.833333333333333
3474,0.0,0.0,0.0,0.0,0.0,0.0,0.0,0.0,0.0,0.0,0.0,0.0,0.0,0.0,0.0,9.076923076923077,0.0,1.3076923076923077,0.0,0.0,5.461538461538462,8.76923076923077
3475,0.0,0.0,0.0,0.0,0.0,0.0,0.21052631578947367,0.0,1.105263157894737,0.3157894736842105,0.0,0.0,0.0,0.0,0.05263157894736842,22.842105263157894,0.5263157894736842,4.157894736842105,0.0,0.0,10.526315789473685,19.42105263157895
3476,0.5041322314049587,0.0,0.0,0.4297520661157025,0.15702479338842976,0.0,0.0,0.7520661157024794,0.0,0.0,5.694214876033058,0.0,0.0,0.0,0.0,6.884297520661157,0.0,2.7768595041322315,0.8181818181818182,0.0,6.87603305785124,12.586776859504132
3477,0.0,0.0,0.0,8.777777777777779,38.77777777777778,0.0,0.0,2.4444444444444446,0.0,0.0,58.48148148148148,0.0,0.0,0.0,0.0,3.814814814814815,0.5555555555555556,0.0,3.814814814814815,0.0,4.0,5.555555555555555
3478,1.0246913580246915,0.0,0.0,1.0740740740740742,3.5308641975308643,0.0,0.024691358024691357,0.9012345679012346,0.0,0.037037037037037035,2.432098765432099,0.0,0.0,0.0,0.2962962962962963,8.604938271604938,0.2222222222222222,6.234567901234568,1.4938271604938271,0.0,13.666666666666666,22.765432098765434
3479,1.1935483870967742,0.22580645161290322,0.0,0.0,0.0,0.0,0.06451612903225806,0.0,0.0,0.25806451612903225,0.0,0.0,0.0,0.0,0.0,34.67741935483871,0.41935483870967744,0.0,0.0,0.0,21.193548387096776,36.83870967741935
3480,0.0,0.0,0.0,0.0,0.0,0.0,0.0,0.9901960784313726,0.0,0.0,0.0,0.0,0.0,0.0,0.0,16.519607843137255,0.0,0.39215686274509803,0.0,0.0,11.627450980392156,19.57843137254902
3481,1.3717948717948718,0.0,0.0,0.0,0.0,0.0,0.0,1.8333333333333333,0.0,0.0,0.0,0.0,0.0,0.0,0.0,3.358974358974359,0.0,0.32051282051282054,0.0,0.0,9.474358974358974,16.384615384615383
3482,0.6020408163265306,0.0,0.0,0.14285714285714285,0.061224489795918366,0.0,0.04081632653061224,0.6122448979591837,0.0,0.1326530612244898,0.0,0.0,0.0,0.0,0.6020408163265306,9.26530612244898,0.35714285714285715,6.63265306122449,2.9285714285714284,0.0,10.010204081632653,18.336734693877553
3483,0.5862068965517241,0.0,0.0,0.0,0.0,0.0,0.9310344827586207,0.0,0.0,0.0,0.0,0.0,0.0,0.0,0.0,35.03448275862069,1.4137931034482758,3.1379310344827585,2.206896551724138,0.0,16.24137931034483,26.20689655172414
3484,0.3565217391304348,0.0,0.0,0.0,0.0,0.0,0.0,0.2782608695652174,0.0,0.0,0.0,0.0,0.0,0.0,0.0,3.417391304347826,0.0,1.1304347826086956,0.0,0.0,4.643478260869565,9.226086956521739
3485,0.18888888888888888,0.3888888888888889,0.0,0.5777777777777777,0.24444444444444444,0.0,0.044444444444444446,0.2111111111111111,0.0,0.0,0.0,0.0,0.0,0.0,0.0,27.1,0.24444444444444444,0.0,0.4222222222222222,0.0,14.244444444444444,25.055555555555557
3486,0.696969696969697,0.0,0.0,0.0,0.0,0.0,2.0303030303030303,3.1818181818181817,0.0,0.18181818181818182,0.0,0.0,0.0,0.0,0.0,155.63636363636363,3.0,0.0,0.0,0.0,29.363636363636363,51.96969696969697
3487,1.5476190476190477,0.0,0.16666666666666666,0.0,0.0,0.0,0.7619047619047619,2.9047619047619047,0.0,0.8571428571428571,0.0,0.0,0.0,0.0,0.0,51.42857142857143,3.1666666666666665,0.0,0.0,0.0,24.142857142857142,45.333333333333336
3488,1.6363636363636365,0.0,0.0,0.0,0.0,0.0,0.6060606060606061,2.8484848484848486,0.0,0.8181818181818182,0.0,0.0,0.0,0.0,0.0,60.878787878787875,2.272727272727273,0.0,0.0,0.0,18.545454545454547,28.727272727272727
3489,0.0,0.0,0.0,0.0,0.0,0.0,0.0,1.1023622047244095,0.0,0.0,0.0,0.0,0.0,0.0,0.0,9.669291338582678,0.0,1.4015748031496063,0.0,0.0,10.11023622047244,16.590551181102363
3490,0.0,0.0,0.0,0.0,0.0,0.0,0.0,0.0,0.0,0.0,0.0,0.0,0.0,0.0,0.0,3.980769230769231,0.0,5.923076923076923,0.0,0.0,8.057692307692308,14.932692307692308
3491,1.6216216216216217,0.13513513513513514,0.0,0.0,0.0,0.0,0.7567567567567568,3.135135135135135,0.0,0.0,0.0,0.0,0.0,0.0,0.0,138.24324324324326,3.108108108108108,0.0,0.0,1.2972972972972974,23.513513513513512,41.32432432432432
3492,0.7473118279569892,0.0,0.0,0.0,0.11290322580645161,0.0,0.0,0.543010752688172,0.0,0.0,0.0,0.0,0.0,0.0,0.010752688172043012,8.736559139784946,0.0,1.7096774193548387,0.0,0.0,9.903225806451612,18.86021505376344
3493,0.0,0.0,0.0,0.0,0.0,0.0,1.2608695652173914,3.260869565217391,0.0,0.34782608695652173,0.0,0.0,0.0,0.0,0.0,112.56521739130434,2.130434782608696,1.2608695652173914,0.0,0.8695652173913043,12.130434782608695,20.608695652173914
3494,1.1875,0.0,0.0,0.0,6.625,0.0,0.0,0.0,0.0,0.0,5.9375,0.0,0.0,0.0,1.625,13.21875,1.1875,10.5625,0.0,0.0,13.8125,26.3125
3495,0.35294117647058826,0.0,0.0,0.0,0.0,0.0,0.0,0.0,0.0,0.0,0.0,0.0,0.0,0.0,0.0,27.0,0.8235294117647058,12.647058823529411,0.0,0.0,1.8235294117647058,7.352941176470588
3496,1.6551724137931034,0.0,0.0,0.0,0.0,0.0,0.6896551724137931,2.0689655172413794,0.0,0.5172413793103449,0.0,0.0,0.0,0.0,0.0,104.27586206896552,2.1379310344827585,0.0,0.0,0.0,31.96551724137931,55.86206896551724
3497,2.4166666666666665,0.0,0.0,0.0,0.0,0.0,1.8333333333333333,5.666666666666667,0.0,0.0,0.0,0.0,0.0,0.0,0.0,55.0,2.5833333333333335,0.0,0.0,0.0,16.5,22.833333333333332
3498,0.6611570247933884,0.0,0.0,0.0,0.0,0.0,0.0,0.6033057851239669,0.0,0.0,0.0,0.0,0.0,0.0,0.0,3.43801652892562,0.0,2.5950413223140494,0.0,0.0,11.074380165289256,18.58677685950413
3499,1.9230769230769231,0.0,0.0,0.0,0.0,0.0,0.0,0.0,0.0,0.0,0.0,0.0,0.0,0.0,0.0,75.61538461538461,0.019230769230769232,0.0,0.0,0.0,22.365384615384617,39.96153846153846
3500,0.7551020408163265,0.0,0.0,11.122448979591837,32.326530612244895,0.0,0.0,2.877551020408163,0.0,1.0,13.73469387755102,0.0,0.0,0.0,0.0,19.448979591836736,0.3673469387755102,3.5714285714285716,6.183673469387755,0.0,3.5714285714285716,6.408163265306122
3501,1.2727272727272727,0.0,0.0,0.0,0.0,0.0,1.2272727272727273,0.5454545454545454,0.0,0.7272727272727273,0.0,0.0,0.0,0.0,0.0,116.5,4.045454545454546,0.0,0.0,0.0,38.04545454545455,62.27272727272727
3502,0.0,0.0,0.0,0.0,0.0,0.0,0.0,0.0,0.0,0.0,0.0,0.0,0.0,0.0,0.0,3.2142857142857144,0.0,1.8571428571428572,0.0,0.0,3.5714285714285716,6.428571428571429
3503,0.975,0.0,0.0,0.0,0.0,0.0,0.95,1.975,0.0,0.0,0.0,0.0,0.0,0.0,0.0,79.7,2.025,0.0,0.0,0.0,19.05,31.4
3504,1.4285714285714286,0.0,0.0,0.0,9.571428571428571,0.0,0.0,0.0,0.0,0.0,0.0,0.0,0.0,0.0,0.0,80.64285714285714,0.35714285714285715,0.0,5.5,0.0,18.357142857142858,29.285714285714285
3505,0.24793388429752067,0.0,0.0,0.0,0.0,0.0,0.0,0.049586776859504134,0.0,0.0,0.0,0.0,0.0,0.0,0.0,3.628099173553719,0.0,3.3140495867768593,0.0,0.0,11.429752066115702,19.330578512396695
3506,0.8571428571428571,0.0,0.07142857142857142,0.0,0.0,0.0,2.0,5.785714285714286,0.0,0.35714285714285715,0.0,0.0,0.0,0.0,0.0,35.464285714285715,4.75,0.0,0.0,0.0,21.821428571428573,36.42857142857143
3507,0.05555555555555555,0.0,0.0,0.2962962962962963,0.18518518518518517,0.0,0.0,3.111111111111111,0.0,0.0,0.0,0.0,0.0,0.0,0.0,7.055555555555555,0.0,6.425925925925926,1.0,0.0,4.722222222222222,7.722222222222222
3508,1.4516129032258065,0.0,0.0,0.0,0.0,0.0,0.06451612903225806,0.0,0.0,0.0,0.0,0.0,0.0,0.0,0.0,114.3225806451613,0.8387096774193549,0.0,0.0,0.0,16.580645161290324,28.483870967741936
3509,1.4390243902439024,0.0,0.0,0.0,0.0,0.0,0.0975609756097561,0.0,0.5121951219512195,0.0,0.0,0.0,0.0,0.0,0.0,84.63414634146342,0.2682926829268293,0.0,0.0,0.0,11.463414634146341,21.463414634146343
3510,0.0,0.0,0.0,0.0,0.0,0.0,0.0,2.6538461538461537,0.1346153846153846,0.0,0.0,0.0,0.0,0.0,0.0,14.653846153846153,0.0,2.3461538461538463,0.0,0.0,7.8076923076923075,13.692307692307692
3511,0.024096385542168676,0.0,0.0,0.0,3.397590361445783,0.0,0.0,0.6506024096385542,0.0,0.0,62.78313253012048,0.0,0.0,0.0,0.0,4.072289156626506,0.0,5.36144578313253,5.879518072289157,0.0,3.0240963855421685,6.204819277108434
3512,0.0,0.0,0.0,0.0,0.0,0.0,1.6153846153846154,3.076923076923077,0.0,0.38461538461538464,0.0,0.0,0.0,0.0,0.0,59.61538461538461,1.9230769230769231,0.0,0.0,0.0,11.76923076923077,20.653846153846153
3513,0.875,0.0,0.0,0.0,0.0,0.0,0.4583333333333333,1.5416666666666667,0.0,0.0,0.0,0.0,0.0,0.0,0.0,23.833333333333332,1.75,0.0,0.0,0.0,15.958333333333334,27.958333333333332
3514,2.347826086956522,0.0,0.0,0.0,0.0,0.0,0.5652173913043478,1.5217391304347827,0.0,0.0,0.0,0.0,0.0,0.0,0.0,65.73913043478261,0.6086956521739131,0.0,0.0,0.0,14.08695652173913,25.652173913043477
3515,0.5590551181102362,0.0,0.0,2.3858267716535435,21.283464566929133,0.0,0.0,0.5748031496062992,0.0,0.023622047244094488,19.393700787401574,0.0,0.0,0.0,1.2677165354330708,13.173228346456693,0.23622047244094488,13.11023622047244,5.456692913385827,0.0,11.4251968503937,21.913385826771652
3516,0.0,0.0,0.0,0.0,2.32,0.0,0.0,0.0,0.0,0.0,14.52,0.0,0.0,0.0,0.0,82.96,0.16,0.0,7.56,0.0,17.8,34.4
3517,0.1144578313253012,0.0,0.0,0.0,0.0,0.0,0.0,4.656626506024097,0.0,0.0,0.0,0.0,0.0,0.0,0.0,6.0,0.0,4.0602409638554215,0.0,0.0,8.656626506024097,16.120481927710845
3518,0.3548387096774194,0.0,0.0,0.0,0.0,0.0,0.0,0.38064516129032255,0.0,0.0,0.0,0.0,0.0,0.0,0.0,2.6580645161290324,0.0,1.4258064516129032,0.0,0.0,10.76774193548387,18.870967741935484
3519,0.0,0.0,0.0,0.2807017543859649,2.1578947368421053,0.0,0.0,0.017543859649122806,0.0,0.0,4.719298245614035,0.0,0.0,0.0,0.0,6.140350877192983,0.0,1.7543859649122806,5.0,0.0,3.912280701754386,12.631578947368421
3520,0.8571428571428571,0.0,0.0,2.4285714285714284,2.5238095238095237,0.0,0.0,2.857142857142857,0.0,0.0,0.5714285714285714,0.0,0.0,0.0,0.0,18.19047619047619,0.7142857142857143,24.80952380952381,1.619047619047619,0.0,1.9047619047619047,3.8095238095238093
3521,0.29411764705882354,0.0,0.0,0.0,0.0,0.0,0.0,2.1294117647058823,0.0,0.0,0.0,0.0,0.0,0.0,0.0,5.105882352941176,0.0,0.08235294117647059,0.0,0.0,12.541176470588235,21.31764705882353
3522,2.25,0.0,0.0,0.0,0.0,0.0,1.3571428571428572,3.1785714285714284,0.0,0.0,0.0,0.0,0.0,0.0,0.0,71.82142857142857,4.071428571428571,0.9285714285714286,0.0,0.0,23.857142857142858,39.07142857142857
3523,0.0,0.0,0.0,0.0,0.0,0.0,0.0,1.5112781954887218,0.0,0.0,0.0,0.0,0.0,0.0,0.0,4.7819548872180455,0.007518796992481203,1.330827067669173,0.0,0.0,5.954887218045113,11.699248120300751
3524,0.6818181818181818,0.0,0.0,1.7954545454545454,15.920454545454545,0.0,0.0,1.3181818181818181,0.0,0.0,19.022727272727273,0.0,0.0,0.0,0.0,9.829545454545455,0.0,8.306818181818182,4.9772727272727275,0.0,11.102272727272727,22.59090909090909
3525,0.0,0.0,0.0,0.0,0.0,0.0,0.0,0.6767676767676768,0.0,0.0,0.0,0.0,0.0,0.0,0.0,2.6363636363636362,0.0,1.606060606060606,0.0,0.0,8.808080808080808,15.151515151515152
3526,0.6590909090909091,0.0,0.0,0.0,0.0,0.0,0.0,0.0,0.0,0.0,0.0,0.0,0.0,0.0,0.0,2.977272727272727,0.0,2.022727272727273,0.0,0.0,2.8863636363636362,6.909090909090909
3527,1.9142857142857144,0.0,0.0,0.0,0.0,0.0,1.0285714285714285,3.857142857142857,0.0,0.6571428571428571,0.0,0.0,0.0,0.0,0.0,141.6,3.3714285714285714,0.0,0.0,0.0,18.685714285714287,34.05714285714286
3528,0.638095238095238,0.0,0.0,0.0,0.0,0.0,0.0,0.8952380952380953,0.0,0.0,0.0,0.0,0.0,0.0,0.0,6.266666666666667,0.0,0.2571428571428571,0.0,0.0,5.3428571428571425,11.085714285714285
3529,1.1,0.0,0.0,0.0,3.533333333333333,0.0,0.9666666666666667,3.3,0.0,0.26666666666666666,0.0,0.0,0.0,0.0,0.4,113.23333333333333,3.533333333333333,0.0,0.0,0.0,24.766666666666666,43.8
3530,1.3333333333333333,0.0,0.0,0.0,0.0,2.111111111111111,1.0,2.6666666666666665,0.0,0.5555555555555556,0.0,0.0,0.0,0.0,0.2222222222222222,54.0,2.4444444444444446,0.0,0.0,0.0,8.666666666666666,15.88888888888889
3531,2.21875,0.0,0.6875,0.0,2.75,0.0,1.21875,3.1875,0.0,1.34375,0.0,0.0,0.0,0.0,0.0,79.28125,3.40625,0.0,6.28125,0.0,25.03125,41.9375
3532,0.6363636363636364,0.0,0.0,0.0,0.0,0.0,0.2727272727272727,2.121212121212121,0.0,0.42424242424242425,0.0,0.0,0.0,0.0,0.0,70.24242424242425,2.272727272727273,0.0,0.0,0.0,17.242424242424242,31.09090909090909
3533,0.0,0.0,0.0,0.0,5.5,0.0,0.0,0.5555555555555556,0.0,0.0,17.22222222222222,0.0,0.0,0.0,0.0,32.77777777777778,0.1111111111111111,0.0,25.61111111111111,0.0,9.0,16.61111111111111
3534,0.0,0.0,0.0,4.528735632183908,3.6206896551724137,0.0,0.0,1.3563218390804597,0.0,0.0,0.0,0.0,0.0,0.0,0.0,5.310344827586207,0.0,7.413793103448276,0.0,0.0,6.827586206896552,13.60919540229885
3535,1.7,0.1,0.0,0.0,0.0,0.0,1.0333333333333334,3.533333333333333,0.0,0.0,0.0,0.0,0.0,0.0,0.0,92.26666666666667,3.1,0.3,5.3,0.0,29.033333333333335,50.266666666666666
3536,0.0,0.36363636363636365,0.0,0.0,0.0,0.0,0.0,0.0,0.0,0.0,0.0,0.0,0.0,0.0,0.0,56.36363636363637,0.6818181818181818,0.0,5.7727272727272725,0.0,32.04545454545455,51.90909090909091
3537,0.16666666666666666,0.0,0.0,0.0,0.0,0.0,0.0,0.5185185185185185,0.0,0.0,0.0,0.0,0.0,0.0,0.0,58.7962962962963,0.7592592592592593,0.0,0.0,0.0,9.685185185185185,16.666666666666668
3538,1.1944444444444444,0.0,0.0,0.5972222222222222,0.8333333333333334,0.0,0.0,0.0,0.9305555555555556,0.2638888888888889,0.0,0.0,0.0,0.0,0.7222222222222222,35.30555555555556,0.6527777777777778,6.833333333333333,0.2916666666666667,0.0,12.63888888888889,22.97222222222222
3539,0.4672897196261682,0.0,0.0,0.0,0.0,0.0,0.0,0.616822429906542,0.0,0.0,0.0,0.0,0.0,0.0,0.0,6.065420560747664,0.0,3.121495327102804,0.0,0.0,9.467289719626168,17.850467289719628
3540,1.5925925925925926,0.0,0.0,0.0,2.2222222222222223,0.0,1.1851851851851851,2.925925925925926,0.0,0.0,0.0,0.0,0.0,0.0,0.0,60.666666666666664,1.2962962962962963,2.925925925925926,0.0,0.0,31.25925925925926,53.48148148148148
3541,0.6,0.0,0.0,0.0,0.0,0.0,0.0,0.0,0.0,0.0,0.0,0.0,0.0,0.0,0.0,54.9,0.1,0.0,0.0,0.0,10.2,19.7
3542,1.631578947368421,0.0,0.0,0.0,0.0,0.0,0.3157894736842105,0.8947368421052632,0.0,0.2631578947368421,0.0,0.0,0.0,0.0,0.8421052631578947,136.3684210526316,0.9473684210526315,6.578947368421052,0.0,0.0,10.473684210526315,17.0
3543,0.4,0.0,0.0,0.8666666666666667,2.066666666666667,0.0,0.0,0.13333333333333333,0.0,0.0,0.0,0.0,0.0,0.0,0.0,23.933333333333334,0.0,12.333333333333334,1.2,0.0,2.8,6.4
3544,0.0,0.0,0.0,0.0,0.0,0.0,0.0,0.0,0.0,0.0,0.0,0.0,0.0,0.0,0.0,3.142857142857143,0.0,1.1428571428571428,0.0,0.0,4.714285714285714,8.714285714285714
3545,0.0,0.2857142857142857,0.0,0.0,0.0,0.0,0.0,0.0,0.0,0.0,0.0,0.0,0.0,0.0,0.0,28.428571428571427,0.0,12.285714285714286,0.0,0.0,11.857142857142858,18.571428571428573
3546,1.1428571428571428,0.0,0.0,0.0,0.23809523809523808,0.0,0.0,0.0,0.0,0.0,0.0,0.0,0.0,0.0,0.0,56.61904761904762,0.38095238095238093,0.0,0.0,0.0,25.80952380952381,46.357142857142854
3547,1.1,0.0,0.36666666666666664,0.0,0.0,0.0,2.2666666666666666,0.5666666666666667,0.0,0.9333333333333333,0.0,0.0,0.0,0.0,5.133333333333334,89.8,3.1666666666666665,0.0,0.0,0.0,26.933333333333334,49.233333333333334
3548,0.7857142857142857,0.0,0.0,0.0,0.0,0.0,0.0625,1.8928571428571428,0.0,0.0,0.0,0.0,0.0,0.0,0.0,7.196428571428571,0.0,0.9553571428571429,0.0,0.0,9.955357142857142,17.580357142857142
3549,0.625,0.0,0.0,0.0,0.0,0.0,0.0,0.0,0.0,0.0,0.0,0.0,0.0,0.0,0.0,4.875,0.0,5.5,0.0,0.0,5.25,8.125
3550,0.047619047619047616,0.0,0.0,0.0,11.428571428571429,0.0,0.0,0.0,0.0,0.0,8.285714285714286,0.0,0.0,0.0,0.0,72.38095238095238,0.09523809523809523,0.0,0.0,0.0,23.952380952380953,39.523809523809526
3551,0.0,0.37037037037037035,0.0,0.0,0.0,3.1481481481481484,1.5925925925925926,2.1481481481481484,0.0,0.5925925925925926,0.0,0.0,0.0,0.0,1.8518518518518519,67.88888888888889,2.111111111111111,0.0,2.5185185185185186,0.0,23.296296296296298,39.81481481481482
3552,1.1754385964912282,0.0,0.0,0.0,0.0,0.0,0.19298245614035087,0.24561403508771928,0.0,0.0,0.0,0.0,0.0,0.0,0.03508771929824561,95.71929824561404,0.45614035087719296,0.2631578947368421,0.0,0.0,15.035087719298245,26.0
3553,0.0,0.0,0.0,0.0,0.0,0.0,0.0,0.0,0.0,0.0,0.0,0.0,0.0,0.0,0.0,4.447761194029851,0.0,4.149253731343284,0.0,0.0,4.567164179104478,9.671641791044776
3554,0.6421568627450981,0.0,0.0,0.0,0.0,0.0,0.0,0.0,0.0,0.10784313725490197,0.0,0.0,0.0,0.0,0.0,3.8480392156862746,0.0,4.259803921568627,0.0,0.0,13.705882352941176,24.362745098039216
3555,1.3611111111111112,1.5277777777777777,0.0,0.0,0.0,0.0,0.0,0.0,0.0,0.0,0.0,0.0,0.0,0.0,0.0,67.91666666666667,0.3888888888888889,0.4166666666666667,0.0,0.0,22.944444444444443,39.75
3556,0.11538461538461539,0.0,0.0,0.0,0.0,0.0,0.4230769230769231,0.34615384615384615,0.0,0.0,0.0,0.0,0.0,0.0,1.7307692307692308,81.5,1.3461538461538463,0.0,0.0,0.0,15.076923076923077,25.346153846153847
3557,1.4,0.0,0.06666666666666667,0.0,0.0,0.0,1.0,2.8,0.4,1.0666666666666667,0.0,0.0,0.0,0.0,0.06666666666666667,53.0,2.2666666666666666,0.0,0.0,0.0,8.533333333333333,19.266666666666666
3558,1.4736842105263157,0.0,0.0,0.0,0.18421052631578946,0.0,0.02631578947368421,0.0,0.0,0.0,0.0,0.0,0.0,0.0,0.0,55.78947368421053,0.3684210526315789,0.0,4.5,0.0,16.657894736842106,27.07894736842105
3559,0.3404255319148936,0.0,0.0,0.0,0.574468085106383,0.0,0.6595744680851063,2.74468085106383,0.0,0.6170212765957447,1.0425531914893618,0.0,0.0,0.0,0.0,20.19148936170213,1.9148936170212767,0.0,9.425531914893616,0.0,15.97872340425532,27.829787234042552
3560,0.0,0.0,0.0,0.0,0.0,0.0,0.0,0.18181818181818182,0.0,0.0,0.0,0.0,0.0,0.0,0.0,4.806818181818182,0.0,2.465909090909091,0.0,0.0,6.6022727272727275,12.875
3561,0.2727272727272727,0.0,0.0,0.0,0.18181818181818182,0.0,0.22727272727272727,0.09090909090909091,0.0,0.0,0.0,0.0,0.0,0.0,0.7272727272727273,56.72727272727273,0.13636363636363635,2.6363636363636362,0.0,0.0,32.09090909090909,54.27272727272727
3562,0.1651376146788991,0.0,0.0,0.0,0.0,0.0,0.0,0.21100917431192662,0.0,0.0,0.0,0.0,0.0,0.0,0.0,4.045871559633028,0.0,2.669724770642202,0.0,0.0,9.504587155963304,17.834862385321102
3563,0.07058823529411765,0.0,0.0,0.49411764705882355,2.9058823529411764,0.0,0.0,0.058823529411764705,0.0,0.0,0.0,0.0,0.0,0.0,0.0,8.68235294117647,0.0,5.647058823529412,1.6705882352941177,0.0,8.929411764705883,15.48235294117647
3564,0.8461538461538461,0.0,0.0,0.34615384615384615,1.3717948717948718,0.0,0.0,0.0,0.0,0.0,0.9487179487179487,0.0,0.0,0.0,0.0,9.0,0.0,9.64102564102564,0.0,0.0,6.858974358974359,12.23076923076923
3565,1.2826086956521738,0.0,0.0,0.0,0.0,0.0,0.7391304347826086,1.5869565217391304,0.0,0.391304347826087,0.0,0.0,0.0,0.0,0.1956521739130435,99.1086956521739,1.391304347826087,0.0,0.0,0.0,18.934782608695652,29.5
3566,0.0,0.0,0.0,0.0,0.0,0.0,1.0714285714285714,2.6785714285714284,0.0,0.0,0.0,0.0,0.0,0.0,0.0,54.107142857142854,2.9285714285714284,0.0,0.0,0.0,20.928571428571427,38.142857142857146
3567,1.0526315789473684,0.0,0.0,0.0,0.0,0.0,0.3684210526315789,1.2105263157894737,0.0,0.0,0.0,0.0,0.0,0.0,0.0,12.421052631578947,0.0,1.1578947368421053,2.4210526315789473,0.0,2.6842105263157894,6.578947368421052
3568,0.4782608695652174,0.0,0.0,0.0,0.0,0.5217391304347826,2.652173913043478,4.391304347826087,0.0,1.173913043478261,0.0,0.0,0.0,0.0,9.826086956521738,46.52173913043478,5.217391304347826,0.0,0.4782608695652174,0.0,25.652173913043477,45.21739130434783
3569,0.0,0.0,0.0,0.0,0.0,0.0,0.0,0.0,0.0,0.0,0.0,0.0,0.0,0.0,0.0,2.3076923076923075,0.0,0.46153846153846156,0.0,0.0,1.5384615384615385,7.769230769230769
3570,1.8958333333333333,0.0,0.0,0.0,0.0,0.0,1.4583333333333333,2.8125,0.0,0.5833333333333334,0.0,0.0,0.0,1.0,0.0,101.8125,2.4583333333333335,1.2916666666666667,0.0,0.0,22.854166666666668,39.9375
3571,0.0,0.0,0.0,0.0,13.576923076923077,0.0,0.0,0.0,0.0,0.0,25.653846153846153,0.0,0.0,0.0,0.0,51.30769230769231,0.0,2.769230769230769,0.0,0.0,24.615384615384617,44.30769230769231
3572,0.0,0.0,0.0,0.0,0.0,0.0,0.0,0.0,0.0,0.0,0.0,0.0,0.0,0.0,0.0,10.627118644067796,0.0,1.9491525423728813,0.0,0.0,3.4237288135593222,5.203389830508475
3573,0.5661764705882353,0.0,0.0,0.0,0.0,0.0,0.0,0.27205882352941174,0.0,0.0,0.0,0.0,0.0,0.0,0.0,7.0,0.0,0.3161764705882353,0.0,0.0,9.338235294117647,15.727941176470589
3574,0.1554054054054054,0.0,0.0,0.0,0.0,0.0,0.0,0.08783783783783784,0.0,0.0,0.0,0.0,0.0,0.0,0.0,2.7905405405405403,0.0,2.6621621621621623,0.0,0.0,12.797297297297296,22.256756756756758
3575,1.6538461538461537,0.0,0.07692307692307693,0.0,0.0,0.0,0.9807692307692307,2.1153846153846154,0.0,0.6923076923076923,0.0,0.0,0.0,0.0,0.15384615384615385,75.38461538461539,2.3846153846153846,0.0,0.0,0.0,31.076923076923077,53.09615384615385
3576,0.13636363636363635,0.0,0.0,0.0,10.113636363636363,0.0,0.0,0.8181818181818182,0.0,0.0,13.181818181818182,0.0,0.0,0.0,0.0,22.59090909090909,0.38636363636363635,0.0,16.022727272727273,0.0,15.386363636363637,29.522727272727273
3577,0.07142857142857142,0.0,0.0,0.0,1.5142857142857142,0.0,0.24285714285714285,0.08571428571428572,0.0,0.18571428571428572,0.0,0.0,0.0,0.0,0.0,17.12857142857143,0.5285714285714286,4.3,0.2571428571428571,0.0,10.1,18.2
3578,0.6666666666666666,2.111111111111111,0.0,0.0,0.0,0.0,0.3888888888888889,0.05555555555555555,0.0,0.0,0.0,0.0,0.0,0.0,0.0,52.111111111111114,0.2222222222222222,1.2222222222222223,0.0,0.0,15.5,22.5
3579,0.1,0.0,0.0,0.0,2.1,0.0,1.675,3.775,0.0,0.325,0.0,0.0,0.0,0.0,0.0,29.125,3.475,0.0,5.15,0.0,22.7,42.05
3580,0.37894736842105264,0.0,0.0,0.0,0.0,0.0,0.0,1.1473684210526316,0.0,0.0,0.0,0.0,0.0,0.0,0.0,6.094736842105263,0.08421052631578947,2.2736842105263158,0.0,0.0,11.063157894736841,17.31578947368421
3581,0.6363636363636364,0.0,0.0,0.0,0.9090909090909091,0.0,0.18181818181818182,0.12121212121212122,0.0,0.0,0.0,0.0,0.0,0.0,1.5454545454545454,79.63636363636364,0.7575757575757576,2.3636363636363638,0.0,0.0,12.93939393939394,20.393939393939394
3582,0.058823529411764705,0.0,0.0,0.0,0.0,0.0,1.2941176470588236,2.8823529411764706,0.0,0.8235294117647058,0.0,0.0,0.0,0.0,1.0,96.17647058823529,2.8823529411764706,0.0,0.0,0.0,24.941176470588236,38.64705882352941
3583,0.2727272727272727,0.0,0.0,0.0,0.0,0.0,0.0,0.0,0.0,0.0,0.0,0.0,0.0,0.0,0.5454545454545454,95.54545454545455,0.8181818181818182,0.0,0.0,0.0,10.636363636363637,16.727272727272727
3584,0.0,0.0,0.0,0.0,0.0,0.0,0.0,6.044444444444444,0.0,0.0,0.0,0.0,0.0,0.0,0.0,5.177777777777778,0.2,3.533333333333333,0.0,0.0,2.8,9.155555555555555
3585,0.0,0.0,0.0,0.0,0.0,0.0,0.9130434782608695,1.2173913043478262,0.0,0.0,0.0,0.0,0.0,0.0,0.0,52.0,0.6521739130434783,4.130434782608695,0.13043478260869565,0.0,7.043478260869565,14.26086956521739
3586,0.0,0.0,0.0,0.0,0.0,0.0,0.0,0.0,0.0,0.0,0.0,0.0,0.0,0.0,0.0,71.92857142857143,0.07142857142857142,2.5,0.0,0.0,9.571428571428571,17.5
3587,0.0,0.0,0.0,0.0,0.0,0.0,0.0,0.6435643564356436,0.0,0.0,0.0,0.0,0.0,0.0,0.0,4.257425742574258,0.0,4.772277227722772,0.0,0.0,5.00990099009901,10.108910891089108
3588,0.3111111111111111,0.0,0.0,0.0,0.0,0.0,0.0,0.0,0.0,0.0,0.0,0.0,0.0,0.0,0.0,4.566666666666666,0.0,4.844444444444444,0.0,0.0,9.911111111111111,18.211111111111112
3589,0.6343283582089553,0.0,0.0,0.16417910447761194,0.05223880597014925,0.0,0.0,1.2014925373134329,0.0,0.0,0.0,0.0,0.0,0.0,0.0,4.634328358208955,0.0,7.634328358208955,0.0,0.0,11.380597014925373,20.425373134328357
3590,0.9666666666666667,0.0,0.0,0.0,0.0,0.0,0.0,1.8333333333333333,0.0,0.2833333333333333,0.0,0.0,0.0,0.0,0.0,7.525,0.19166666666666668,4.891666666666667,0.0,0.0,8.108333333333333,13.466666666666667
3591,0.0,0.0,0.0,0.0,0.0,0.0,0.875,0.0,0.0,0.375,0.0,0.0,0.0,0.0,0.0,130.0,1.75,0.0,0.0,0.0,16.5,30.375
3592,2.380952380952381,0.0,0.0,0.0,0.0,0.0,0.8095238095238095,3.0,0.35714285714285715,0.9523809523809523,0.0,0.0,0.0,0.0,0.0,70.78571428571429,3.5714285714285716,0.0,0.0,0.0,25.19047619047619,40.023809523809526
3593,1.5106382978723405,0.0,0.0,0.0,0.0,0.0,0.7659574468085106,0.9787234042553191,0.0,0.3191489361702128,0.0,0.0,0.0,0.0,1.0638297872340425,57.87234042553192,1.8085106382978724,0.0,4.446808510638298,0.0,26.74468085106383,45.659574468085104
3594,0.0375,0.0,0.0,2.25,14.0,0.0,0.0,0.2875,0.0,0.0,19.025,0.0,0.0,0.0,0.0,4.6875,0.0,4.8625,0.0,0.0,7.7,15.95
3595,2.1923076923076925,0.0,0.5384615384615384,0.0,0.0,0.0,2.0384615384615383,2.769230769230769,0.0,1.2307692307692308,0.0,0.0,0.0,0.0,1.0,114.73076923076923,4.0,0.0,1.1153846153846154,0.0,26.307692307692307,46.19230769230769
3596,1.896551724137931,0.0,0.0,0.0,0.0,0.0,0.0,0.0,0.0,0.0,0.0,0.0,0.0,0.0,0.0,123.72413793103448,0.7586206896551724,0.0,0.0,0.0,27.20689655172414,46.6551724137931
3597,2.7045454545454546,0.0,0.0,0.0,0.0,0.0,0.06818181818181818,0.0,1.2272727272727273,0.3409090909090909,0.0,0.0,0.0,0.0,0.25,59.65909090909091,0.4318181818181818,0.0,0.0,0.0,22.704545454545453,41.20454545454545
3598,0.0,0.0,0.0,0.0,0.0,0.0,0.0,0.7959183673469388,0.0,0.0,0.0,0.0,0.0,0.0,0.0,4.244897959183674,0.0,4.918367346938775,0.0,0.0,2.877551020408163,6.326530612244898
3599,1.1904761904761905,0.0,0.0,0.0,1.3571428571428572,0.0,0.0,0.5,0.0,0.0,0.0,0.0,0.0,0.0,0.0,42.45238095238095,1.2142857142857142,0.0,11.023809523809524,0.0,28.428571428571427,49.42857142857143
3600,0.4074074074074074,0.0,0.0,0.0,3.3703703703703702,0.0,1.0,3.2222222222222223,0.0,0.2962962962962963,0.0,0.0,0.0,0.0,0.0,46.7037037037037,2.037037037037037,6.592592592592593,2.7777777777777777,0.0,21.296296296296298,35.18518518518518
3601,0.7468354430379747,0.0,0.0,0.0,0.0,0.0,0.0,1.1898734177215189,0.0,0.0,0.0,0.0,0.0,0.0,0.0,11.746835443037975,0.012658227848101266,3.569620253164557,0.0,0.0,15.164556962025317,26.82278481012658
3602,0.0,0.0,0.0,0.0,0.0,0.0,0.0,0.3333333333333333,0.0,0.0,0.0,0.0,0.0,0.0,0.0,6.666666666666667,0.0,0.0,0.0,0.0,6.333333333333333,6.333333333333333
3603,0.2047244094488189,0.0,0.0,0.0,0.0,0.0,0.0,0.047244094488188976,0.0,0.0,0.0,0.0,0.0,0.0,0.0,4.4015748031496065,0.0,3.062992125984252,0.0,0.0,12.283464566929133,22.41732283464567
3604,0.4090909090909091,0.0,0.0,0.0,0.0,0.0,0.0,0.0,0.0,0.22727272727272727,0.0,0.0,0.0,0.0,0.0,84.18181818181819,0.9090909090909091,0.0,0.0,0.0,16.90909090909091,26.227272727272727
3605,0.6666666666666666,0.022222222222222223,0.0,0.13333333333333333,4.111111111111111,0.0,0.3333333333333333,1.1777777777777778,0.0,0.0,0.0,0.0,0.0,0.0,0.0,58.022222222222226,0.6444444444444445,0.6444444444444445,0.0,0.0,12.422222222222222,19.733333333333334
3606,0.0,0.0,0.0,0.0,0.0,0.0,0.0,0.0,1.837837837837838,0.0,0.0,0.0,0.0,0.0,0.0,12.81081081081081,0.0,13.324324324324325,0.0,0.0,5.621621621621622,12.405405405405405
3607,0.0,0.0,0.0,0.0,0.0,0.0,0.0,0.0,0.0,0.0,0.0,0.0,0.0,0.0,0.0,3.4722222222222223,0.0,0.25,0.0,0.0,3.2777777777777777,8.13888888888889
3608,0.8333333333333334,0.0,0.0,0.0,0.0,0.0,0.0,0.0,0.0,0.0,0.0,0.0,0.0,0.0,0.0,4.3478260869565215,0.0,5.543478260869565,0.0,0.0,10.86231884057971,19.81159420289855
3609,0.4117647058823529,0.0,0.0,0.0,0.8627450980392157,0.0,0.35294117647058826,0.7058823529411765,0.9215686274509803,0.1568627450980392,0.0,0.0,0.0,0.0,0.0,55.6078431372549,0.8235294117647058,2.549019607843137,7.96078431372549,0.0,13.901960784313726,24.176470588235293
3610,0.6,0.0,0.0,0.0,0.0,0.0,0.0,0.0,0.0,0.0,0.0,0.0,0.0,0.0,0.0,22.4,0.15,1.6,3.75,0.0,9.15,14.3
3611,1.0,0.0,0.06060606060606061,0.0,0.0,0.0,1.393939393939394,1.5151515151515151,0.0,0.5151515151515151,0.0,0.0,0.0,0.0,1.6363636363636365,71.93939393939394,1.5151515151515151,0.0,0.0,0.0,14.212121212121213,25.060606060606062
3612,2.5483870967741935,0.0,0.0,0.0,0.0,0.0,0.03225806451612903,0.06451612903225806,0.0,0.8064516129032258,0.0,0.0,0.0,0.0,2.6451612903225805,179.25806451612902,3.096774193548387,0.0,0.0,0.0,30.580645161290324,49.193548387096776
3613,1.5555555555555556,0.0,0.0,0.0,0.0,0.0,0.0,0.0,0.3333333333333333,0.0,0.0,0.0,0.0,0.0,0.0,66.16666666666667,0.1111111111111111,5.5,0.3333333333333333,0.0,19.11111111111111,36.666666666666664
3614,0.0,0.0,0.0,0.0,0.0,0.0,0.0,0.0,0.0,0.0,0.0,0.0,0.0,0.0,0.0,3.8444444444444446,0.0,7.6,0.0,0.0,7.133333333333334,14.511111111111111
3615,0.23668639053254437,0.0,0.0,0.0,0.0,0.0,0.0,0.863905325443787,0.0,0.0,0.0,0.0,0.0,0.0,0.0,3.224852071005917,0.0,5.041420118343195,0.0,0.0,8.615384615384615,16.514792899408285
3616,1.6025641025641026,0.0,0.0,0.0,0.0,0.0,0.0,0.6538461538461539,0.0,0.11538461538461539,0.0,0.0,0.0,0.0,0.0,4.269230769230769,0.0,7.5256410256410255,0.0,1.891025641025641,14.89102564102564,24.544871794871796
3617,3.037974683544304,0.0,0.0,0.0,0.0,0.0,0.0,2.759493670886076,0.0,0.3924050632911392,0.0,0.0,0.0,0.0,0.0,4.518987341772152,0.17721518987341772,9.518987341772151,0.0,3.0126582278481013,10.873417721518987,18.860759493670887
3618,1.3214285714285714,0.0,0.0,0.0,0.0,0.0,1.0,1.7142857142857142,0.0,0.14285714285714285,0.0,0.0,0.0,0.0,0.75,85.21428571428571,2.2857142857142856,0.0,0.0,0.0,23.678571428571427,38.035714285714285
3619,0.0,0.0,0.0,0.0,0.9534883720930233,0.0,0.0,0.046511627906976744,0.13953488372093023,0.0,0.0,0.0,0.0,0.0,0.0,12.255813953488373,0.0,3.3488372093023258,0.0,0.0,5.883720930232558,11.325581395348838
3620,0.5384615384615384,0.0,0.0,0.0,0.019230769230769232,0.0,0.5192307692307693,1.4423076923076923,0.0,0.17307692307692307,0.8269230769230769,0.0,0.0,0.0,0.0,84.42307692307692,1.75,0.0,0.5961538461538461,0.0,18.51923076923077,30.25
3621,0.0,0.0,0.0,0.0,0.0,0.0,0.0,1.3333333333333333,0.08333333333333333,0.0,0.0,0.0,0.0,0.0,0.0,17.166666666666668,0.3333333333333333,9.583333333333334,0.0,0.0,10.5,16.583333333333332
3622,2.0208333333333335,0.25,0.6875,0.0,0.0,0.0,1.375,2.4791666666666665,0.0,0.5208333333333334,0.0,0.0,0.0,0.0,0.0,98.41666666666667,2.5208333333333335,0.0,0.0,0.0,26.291666666666668,44.541666666666664
3623,2.725,0.0,0.6,0.0,0.0,0.0,1.575,4.075,0.0,0.95,0.0,0.0,0.0,0.0,2.75,76.45,3.85,0.0,3.175,0.0,26.15,43.625
3624,1.7666666666666666,0.06666666666666667,0.0,0.0,0.18333333333333332,0.0,0.5166666666666667,1.9,0.0,0.43333333333333335,0.0,0.0,0.0,0.0,3.1666666666666665,41.1,2.466666666666667,0.0,4.0,0.0,23.2,42.88333333333333
3625,1.6474358974358974,0.0,0.0,0.0,0.0,0.0,0.0,0.8846153846153846,0.0,0.0,0.0,0.0,0.0,0.0,0.0,5.532051282051282,0.0,8.717948717948717,0.0,0.0,13.006410256410257,23.621794871794872
3626,2.3043478260869565,0.0,0.0,0.0,0.0,0.0,0.0,1.0,0.0,0.5217391304347826,0.0,0.0,0.0,0.0,0.0,4.217391304347826,0.0,4.086956521739131,0.0,1.2173913043478262,11.434782608695652,15.521739130434783
3627,1.3111111111111111,0.13333333333333333,0.17777777777777778,0.0,0.0,0.0,1.5333333333333334,2.022222222222222,0.0,0.5777777777777777,0.0,0.0,0.0,0.0,4.688888888888889,75.0,2.7111111111111112,0.0,0.0,0.0,31.57777777777778,53.82222222222222
3628,0.9107142857142857,0.07142857142857142,0.0,0.0,4.410714285714286,0.0,0.125,0.875,0.0,0.0,0.0,0.0,0.0,0.0,0.0,60.357142857142854,0.8035714285714286,0.0,0.0,0.0,17.392857142857142,29.339285714285715
3629,0.1532258064516129,0.0,0.0,0.0,0.0,0.0,0.0,0.04032258064516129,0.0,0.0,0.0,0.0,0.0,0.0,0.0,2.3225806451612905,0.0,0.3548387096774194,0.0,0.0,3.2016129032258065,6.701612903225806
3630,0.0,0.0,0.0,0.0,2.2098765432098766,0.0,0.0,0.012345679012345678,2.0123456790123457,0.0,0.0,0.0,0.0,0.0,0.0,9.987654320987655,0.0,5.222222222222222,0.0,0.0,11.987654320987655,20.555555555555557
3631,1.7142857142857142,1.1428571428571428,0.0,0.0,7.666666666666667,0.0,0.0,0.7142857142857143,0.0,0.0,0.0,0.0,0.0,0.0,0.0,78.38095238095238,0.3333333333333333,0.0,0.0,0.0,11.952380952380953,21.666666666666668
3632,0.6415094339622641,0.0,0.0,0.0,0.0,0.0,0.0,0.0,0.0,0.0,0.0,0.0,0.0,0.0,0.0,3.9056603773584904,0.0,7.622641509433962,0.0,0.0,7.886792452830188,12.754716981132075
3633,1.2340425531914894,0.0,0.0,0.0,0.0,0.0,0.0,0.11702127659574468,5.617021276595745,0.0,0.0,0.0,0.0,0.0,0.0,9.74468085106383,0.09574468085106383,11.77659574468085,0.0,0.0,13.202127659574469,23.095744680851062
3634,0.0,0.0,0.0,0.0,0.0,0.0,2.1666666666666665,2.0,0.0,0.16666666666666666,0.0,0.0,0.0,0.0,1.0833333333333333,47.583333333333336,0.75,0.0,0.0,0.0,10.333333333333334,17.166666666666668
3635,0.0,0.0,0.0,0.0,0.0,0.0,1.0,0.4444444444444444,0.0,0.0,0.0,0.0,0.0,0.0,0.0,102.33333333333333,1.2222222222222223,0.0,0.0,0.0,9.777777777777779,19.666666666666668
3636,2.0952380952380953,0.0,0.2857142857142857,0.0,2.5238095238095237,0.0,1.5238095238095237,2.857142857142857,0.0,0.38095238095238093,0.0,0.0,0.0,0.0,4.0,52.76190476190476,3.0952380952380953,0.0,2.0476190476190474,0.0,44.142857142857146,71.47619047619048
3637,1.7222222222222223,2.7222222222222223,0.0,0.0,0.0,0.0,0.05555555555555555,0.19444444444444445,0.0,0.5,0.0,0.0,0.0,0.0,0.2222222222222222,31.166666666666668,0.4166666666666667,0.0,5.638888888888889,0.0,26.25,41.861111111111114
3638,0.0,0.0,0.0,0.0,0.0,0.0,0.0,0.8070175438596491,0.0,0.0,0.0,0.0,0.0,0.0,0.0,3.526315789473684,0.0,3.56140350877193,0.0,0.0,2.1052631578947367,7.43859649122807
3639,1.8,0.0,0.0,0.0,0.0,0.6857142857142857,0.3142857142857143,0.0,0.0,0.0,0.0,0.0,0.0,0.0,0.14285714285714285,127.25714285714285,0.6571428571428571,0.0,0.0,0.0,18.057142857142857,31.65714285714286
3640,2.7222222222222223,0.0,0.0,0.0,0.0,0.0,0.3333333333333333,0.7222222222222222,0.0,0.0,0.0,0.0,0.0,0.0,0.0,155.77777777777777,1.5277777777777777,0.0,0.0,0.0,39.111111111111114,60.80555555555556
3641,0.1568627450980392,0.0,0.0,0.0,0.0,0.0,0.0,0.00980392156862745,0.0,0.0,0.0,0.0,0.0,0.0,0.0,3.588235294117647,0.0,4.549019607843137,0.0,0.0,12.872549019607844,22.69607843137255
3642,1.096774193548387,0.0,0.0,0.0,5.258064516129032,0.0,0.6451612903225806,1.7419354838709677,1.5806451612903225,0.0,2.967741935483871,0.0,0.0,0.0,0.0,67.58064516129032,1.1935483870967742,6.967741935483871,6.129032258064516,0.0,19.387096774193548,30.903225806451612
3643,0.23333333333333334,0.0,0.0,0.0,0.0,0.0,0.0,0.0,0.0,0.0,0.0,0.0,0.0,0.0,0.0,5.377777777777778,0.0,11.022222222222222,0.0,0.0,9.477777777777778,18.07777777777778
3644,0.8636363636363636,0.0,0.0,0.0,0.0,5.318181818181818,0.36363636363636365,0.6363636363636364,0.0,0.0,0.0,0.0,0.0,0.0,0.0,77.36363636363636,0.36363636363636365,0.0,0.0,0.0,23.818181818181817,40.45454545454545
3645,2.5833333333333335,1.5,0.4583333333333333,0.0,0.0,0.0,0.75,0.375,0.0,0.5416666666666666,0.0,0.0,0.0,0.0,1.2083333333333333,96.95833333333333,0.9166666666666666,0.0,0.0,0.0,26.625,45.833333333333336
3646,0.0,0.0,0.0,0.0,0.038461538461538464,0.0,0.0,1.4615384615384615,0.0,0.0,0.0,0.0,0.0,0.0,0.0,6.769230769230769,0.0,7.0,0.0,0.0,4.576923076923077,7.961538461538462
3647,0.46808510638297873,0.0,0.0,0.0,8.638297872340425,0.0,0.0,0.0,0.5319148936170213,0.0,29.06382978723404,0.0,0.0,0.0,0.0,24.361702127659573,0.0,0.0,4.872340425531915,0.0,9.170212765957446,18.638297872340427
3648,0.34444444444444444,0.0,0.0,0.0,0.0,0.0,0.0,0.0,0.0,0.0,0.0,0.0,0.0,0.0,0.0,4.388888888888889,0.12222222222222222,9.577777777777778,0.0,0.0,10.266666666666667,18.966666666666665
3649,0.2727272727272727,0.0,0.0,0.0,0.0,0.0,0.0,0.7575757575757576,0.0,0.0,0.0,0.0,0.0,0.0,0.0,5.96969696969697,0.045454545454545456,2.4696969696969697,0.0,0.0,3.6666666666666665,8.469696969696969
3650,0.4,0.0,0.0,0.0,1.6285714285714286,0.0,0.2,0.4857142857142857,0.0,0.0,10.0,0.0,0.0,0.02857142857142857,0.0,95.22857142857143,0.6,0.0,5.571428571428571,0.0,13.82857142857143,27.02857142857143
3651,2.5833333333333335,0.0,0.0,0.0,0.0,0.0,0.0,0.4166666666666667,0.0,0.0,0.0,0.0,0.0,0.0,0.0,6.375,0.0,1.5416666666666667,0.0,0.0,8.125,13.958333333333334
3652,0.34615384615384615,0.0,0.0,0.0,0.0,0.0,0.038461538461538464,0.3076923076923077,0.9615384615384616,0.0,2.5384615384615383,0.0,0.0,0.0,0.0,65.07692307692308,0.4230769230769231,3.8461538461538463,13.76923076923077,0.0,18.653846153846153,32.42307692307692
3653,1.125,0.0,0.0,0.0,3.203125,0.0,0.0,0.0,0.3125,0.0,0.75,0.0,0.0,0.4375,0.03125,52.40625,0.28125,0.34375,3.453125,0.375,20.890625,37.578125
3654,2.3333333333333335,0.0,0.42857142857142855,0.0,2.0952380952380953,0.0,0.6904761904761905,2.5238095238095237,0.0,0.16666666666666666,0.0,0.0,0.0,0.0,0.0,53.30952380952381,1.880952380952381,0.0,8.547619047619047,0.0,21.5,36.61904761904762
3655,1.3333333333333333,0.10416666666666667,0.0,0.0,0.0,0.0,0.20833333333333334,0.0,0.10416666666666667,0.041666666666666664,0.0,0.0,0.0,0.0,0.6666666666666666,25.041666666666668,0.5416666666666666,0.0,0.5625,0.0,13.395833333333334,24.916666666666668
3656,1.0909090909090908,0.0,0.0,0.0,0.8181818181818182,0.0,0.6363636363636364,1.5454545454545454,0.0,0.2727272727272727,0.0,0.0,0.0,0.0,0.7818181818181819,54.018181818181816,1.7454545454545454,0.0,5.709090909090909,0.0,30.98181818181818,56.10909090909091
3657,0.21875,0.0,0.0,4.03125,9.0625,0.0,0.0,2.59375,0.0,0.0,0.0,0.0,0.0,0.0,0.0,12.03125,0.0,8.8125,0.0,0.0,3.0625,5.3125
3658,2.3333333333333335,0.6111111111111112,0.0,0.0,0.0,0.0,0.08333333333333333,0.3333333333333333,0.0,0.19444444444444445,0.0,0.0,0.0,0.0,0.9444444444444444,91.66666666666667,0.7777777777777778,2.5277777777777777,0.0,1.9166666666666667,33.416666666666664,59.44444444444444
3659,1.0481927710843373,0.20481927710843373,0.0,0.6746987951807228,0.3132530120481928,0.0,0.0,0.13253012048192772,0.2891566265060241,0.0,0.0,0.0,0.0,0.0,0.0,10.301204819277109,0.0,20.240963855421686,0.0,0.0,15.337349397590362,26.759036144578314
3660,0.9583333333333334,0.0,0.0,0.19791666666666666,0.4166666666666667,0.0,0.0,0.041666666666666664,0.0,0.0,0.0,0.0,0.0,0.0,0.0,5.489583333333333,0.0,4.385416666666667,0.20833333333333334,0.0,4.666666666666667,9.958333333333334
3661,0.0,0.0,0.0,0.0,0.0,0.0,1.1,1.15,0.0,0.0,0.0,0.0,0.0,0.0,5.9,115.05,3.8,0.0,0.0,0.0,29.65,51.35
3662,2.0952380952380953,0.0,0.0,0.0,0.0,0.0,0.0,0.0,0.5476190476190477,0.0,0.0,0.0,0.0,0.40476190476190477,0.30952380952380953,78.71428571428571,0.6904761904761905,3.7857142857142856,1.619047619047619,1.6666666666666667,25.047619047619047,37.80952380952381
3663,3.064516129032258,0.0,0.0,0.0,0.0,0.0,1.1612903225806452,0.3870967741935484,0.0,0.0,4.612903225806452,0.0,0.0,0.0,3.225806451612903,81.38709677419355,3.032258064516129,0.7419354838709677,3.6774193548387095,0.0,21.258064516129032,34.61290322580645
3664,0.0,0.0,0.0,0.0,0.0,0.0,0.0,1.25,1.25,0.0,0.0,0.0,0.0,0.0,0.0,32.5,0.0,3.1875,0.0,0.0,5.3125,9.375
3665,0.0,0.0,0.0,0.0,1.0476190476190477,0.0,0.0,0.0,0.0,0.0,3.3333333333333335,0.0,0.0,9.19047619047619,0.47619047619047616,72.28571428571429,0.19047619047619047,0.0,5.666666666666667,0.0,8.714285714285714,17.904761904761905
3666,1.71875,0.0,0.0,1.765625,10.515625,0.0,0.0,0.65625,0.0,0.0,0.0,0.0,0.0,0.0,0.0,27.71875,0.15625,12.8125,0.0,0.296875,13.8125,24.484375
3667,1.7922077922077921,0.0,0.0,0.3246753246753247,0.5844155844155844,0.0,0.0,0.8961038961038961,0.0,0.0,0.0,0.0,0.0,0.0,0.0,8.987012987012987,0.0,6.207792207792208,0.0,4.116883116883117,12.116883116883116,22.92207792207792
3668,0.5925925925925926,0.25925925925925924,0.0,0.0,1.0740740740740742,0.0,0.5555555555555556,2.925925925925926,0.0,0.1111111111111111,0.0,0.0,0.0,0.0,0.0,69.66666666666667,0.8888888888888888,0.0,31.703703703703702,0.0,13.851851851851851,26.185185185185187
3669,1.125,0.0,0.0,0.5,3.0833333333333335,0.0,0.7916666666666666,1.3333333333333333,0.0,0.4166666666666667,2.375,0.0,0.0,0.0,2.4583333333333335,40.791666666666664,1.625,0.0,10.541666666666666,0.0,25.125,46.208333333333336
3670,0.6875,0.0,0.0,0.0,0.0,0.0,0.625,1.4375,0.0,0.375,0.0,0.0,0.0,0.0,1.625,93.375,2.3125,0.0,0.0,0.0,18.6875,30.0
3671,1.2307692307692308,0.0,0.0,0.0,0.0,0.0,1.4615384615384615,4.3076923076923075,0.0,0.0,0.0,0.0,0.0,0.0,0.0,53.84615384615385,3.0,0.0,0.0,0.0,19.76923076923077,28.153846153846153
3672,2.395348837209302,0.0,0.0,0.0,0.0,0.0,1.4186046511627908,1.4186046511627908,0.0,0.0,0.0,0.0,0.0,0.0,5.232558139534884,96.04651162790698,2.86046511627907,0.0,0.0,0.0,26.3953488372093,41.04651162790697
3673,0.18518518518518517,0.037037037037037035,0.0,0.0,0.8888888888888888,0.0,0.0,0.14814814814814814,0.0,0.0,0.0,0.0,0.0,0.0,0.0,45.0,0.1111111111111111,0.0,0.0,0.0,22.37037037037037,34.074074074074076
3674,0.8846153846153846,0.0,0.0,0.0,1.4230769230769231,0.0,1.4615384615384615,2.8076923076923075,0.0,0.46153846153846156,0.0,0.0,0.0,0.0,0.038461538461538464,75.5,2.9615384615384617,2.769230769230769,0.0,0.7307692307692307,21.923076923076923,36.57692307692308
3675,0.0,0.0,0.0,0.0,0.171875,0.0,0.0,0.375,0.0,0.0,0.0,0.0,0.0,0.0,0.0,4.71875,0.0,2.3125,0.0,0.0,4.984375,10.59375
3676,0.13829787234042554,0.0,0.0,0.0,0.0,0.0,0.0,0.19148936170212766,0.0,0.0,0.0,0.0,0.0,0.0,0.0,8.202127659574469,0.0,6.4361702127659575,0.0,0.0,4.574468085106383,9.893617021276595
3677,1.121212121212121,0.0,0.0,0.0,0.0,0.0,0.5454545454545454,0.8787878787878788,0.0,0.5757575757575758,0.0,0.0,0.0,0.0,0.8787878787878788,88.3030303030303,2.6363636363636362,3.1515151515151514,0.0,0.8484848484848485,35.93939393939394,60.84848484848485
3678,0.7,0.0,0.0,0.0,0.0,0.0,0.0,0.0,0.0,0.0,0.0,0.0,0.0,0.0,0.0,72.4,0.6,0.0,0.0,0.0,9.9,18.2
3679,1.6136363636363635,0.0,0.0,0.0,0.0,0.0,0.7272727272727273,0.5454545454545454,0.06818181818181818,0.5454545454545454,0.0,0.0,0.0,0.0,4.159090909090909,43.22727272727273,2.409090909090909,0.0,3.2045454545454546,0.0,18.863636363636363,28.863636363636363
3680,1.5714285714285714,0.0,0.39285714285714285,0.0,0.0,0.0,1.8928571428571428,4.892857142857143,0.0,0.10714285714285714,0.0,0.0,0.0,0.0,1.0357142857142858,74.07142857142857,4.357142857142857,0.0,0.0,0.0,22.535714285714285,40.42857142857143
3681,0.0,0.0,0.0,0.0,0.0,0.0,0.0,0.0,0.0,0.0,0.0,0.0,0.0,0.0,0.0,5.285714285714286,0.0,2.7142857142857144,0.0,0.0,2.4285714285714284,5.714285714285714
3682,0.8,0.0,0.0,0.0,0.9333333333333333,0.0,1.3666666666666667,2.6666666666666665,0.0,0.0,0.0,0.0,0.0,0.0,0.0,137.53333333333333,1.4,0.0,0.0,0.0,12.133333333333333,22.2
3683,0.696551724137931,0.0,0.0,0.0,0.0,0.0,0.0,1.3655172413793104,0.0,0.0,0.0,0.0,0.0,0.0,0.0,15.703448275862069,0.041379310344827586,0.8551724137931035,0.0,0.0,14.806896551724138,26.089655172413792
3684,0.1095890410958904,0.0,0.0,0.0,0.0684931506849315,0.0,0.0,0.3972602739726027,0.0,0.0,0.0,0.0,0.0,0.0,0.0,9.643835616438356,0.0,2.7534246575342465,0.0,0.0,6.561643835616438,11.726027397260275
3685,0.0,0.0,0.0,0.0,0.0,0.0,0.5,0.0,0.0,0.0,0.0,0.0,0.0,0.0,2.0,48.416666666666664,0.625,0.0,0.0,0.0,14.291666666666666,20.875
3686,1.74,0.0,0.0,0.0,1.95,0.0,0.0,0.37,0.0,0.0,9.09,0.0,0.0,0.0,0.0,38.22,0.0,22.0,6.23,0.95,13.65,23.98
3687,0.5882352941176471,0.029411764705882353,0.0,0.0,10.117647058823529,0.0,0.4411764705882353,1.0588235294117647,0.0,0.0,0.0,0.0,0.0,0.0,0.0,45.6764705882353,0.4117647058823529,0.0,0.0,0.0,18.470588235294116,32.14705882352941
3688,0.38461538461538464,1.5384615384615385,0.0,0.0,0.0,0.0,0.38461538461538464,0.8461538461538461,0.0,0.0,0.0,0.0,0.0,0.0,0.0,77.76923076923077,0.9230769230769231,0.0,3.269230769230769,0.0,22.653846153846153,35.65384615384615
3689,0.29850746268656714,0.0,0.0,0.13432835820895522,10.388059701492537,0.0,0.0,0.0,0.0,0.0,2.5074626865671643,0.0,0.0,0.0,0.0,30.507462686567163,0.04477611940298507,2.2686567164179103,14.26865671641791,0.0,12.835820895522389,23.64179104477612
3690,1.6666666666666667,0.0,0.058823529411764705,0.0,0.0,0.0,0.11764705882352941,0.7450980392156863,0.0,0.0392156862745098,0.0,0.0,0.0,0.0,0.0196078431372549,65.45098039215686,0.8627450980392157,1.6470588235294117,0.0,1.2549019607843137,15.03921568627451,25.41176470588235
3691,3.8333333333333335,0.0,0.0,0.0,0.0,0.0,0.16666666666666666,0.0,1.5333333333333334,0.6,0.0,0.0,0.0,0.0,0.7,178.1,1.0,10.633333333333333,2.7666666666666666,7.966666666666667,35.43333333333333,61.36666666666667
3692,2.5,0.0,0.0,0.0,0.0,0.0,0.0,0.0,0.13636363636363635,0.0,0.0,0.0,0.0,0.0,0.0,90.79545454545455,0.5454545454545454,0.0,4.068181818181818,0.0,19.681818181818183,32.88636363636363
3693,0.0,0.0,0.0,0.0,0.0,0.0,0.75,2.05,0.0,0.3,0.0,0.0,0.0,0.0,0.5,66.95,2.05,0.0,0.0,0.0,19.35,32.75
3694,0.0,0.0,0.0,0.0,0.0,0.0,1.0,2.090909090909091,0.0,0.0,0.0,0.0,0.0,0.0,0.0,108.0909090909091,0.8181818181818182,0.0,0.0,0.0,16.727272727272727,26.636363636363637
3695,0.6511627906976745,0.23255813953488372,0.0,1.7325581395348837,8.627906976744185,0.0,0.0,0.5232558139534884,0.5232558139534884,0.0,0.0,0.0,0.0,0.0,0.0,12.779069767441861,0.0,12.627906976744185,0.0,0.0,12.732558139534884,21.337209302325583
3696,0.0,0.0,0.0,0.0,0.0,0.0,0.0,0.0,0.0,0.0,0.0,0.0,0.0,0.0,0.0,65.75,0.0,0.0,0.0,0.0,21.25,32.25
3697,1.0555555555555556,0.0,0.0,0.0,0.0,0.0,0.8888888888888888,2.0,0.6666666666666666,0.16666666666666666,0.0,0.0,0.0,0.0,0.0,95.94444444444444,3.1666666666666665,5.111111111111111,1.1111111111111112,3.3333333333333335,20.61111111111111,35.55555555555556
3698,0.7674418604651163,0.0,0.37209302325581395,0.0,0.0,0.0,1.186046511627907,3.744186046511628,0.0,0.6046511627906976,0.0,0.0,0.0,0.0,0.0,97.65116279069767,3.604651162790698,0.23255813953488372,0.0,0.5813953488372093,27.674418604651162,46.86046511627907
3699,1.903225806451613,0.0,0.0,0.0,0.0,0.0,0.12903225806451613,0.16129032258064516,1.3548387096774193,0.6129032258064516,0.0,0.0,0.0,0.0,0.1935483870967742,108.83870967741936,0.6129032258064516,7.774193548387097,1.4516129032258065,5.387096774193548,19.322580645161292,36.58064516129032
3700,1.1111111111111112,0.0,0.0,0.0,0.0,0.0,1.5,0.0,0.0,0.6111111111111112,0.0,0.0,0.0,0.0,3.5555555555555554,87.11111111111111,2.0555555555555554,0.0,0.0,0.0,14.11111111111111,26.77777777777778
3701,0.8918918918918919,0.0,0.0,0.0,0.0,0.0,0.6216216216216216,0.8648648648648649,0.0,0.35135135135135137,0.0,0.0,0.0,0.0,0.0,39.7027027027027,0.8108108108108109,9.297297297297296,0.5405405405405406,0.0,10.297297297297296,17.18918918918919
3702,0.3287671232876712,0.0,0.0,0.0,0.0,0.0,0.0,0.0958904109589041,0.0,0.0,0.0,0.0,0.0,0.0,0.0,10.863013698630137,0.0136986301369863,7.506849315068493,0.0,0.3013698630136986,18.26027397260274,30.65753424657534
3703,1.525,0.0,0.0,0.0,0.4375,0.0,0.0,0.775,0.0,0.0,2.5625,0.0,0.0,0.0,0.0,5.8375,0.0,6.9,0.0,0.0,16.4875,25.9
3704,0.6565656565656566,0.0,0.0,0.0,0.0,0.0,0.0,0.26262626262626265,0.0,0.0,0.0,0.0,0.0,0.0,0.0,4.353535353535354,0.0,2.1616161616161618,0.0,0.0,5.686868686868687,11.383838383838384
3705,1.45,1.25,0.0,0.0,0.0,0.0,0.6,2.025,0.0,0.55,0.0,0.0,0.0,0.0,0.0,90.025,1.8,7.475,0.0,0.0,25.775,44.0
3706,0.0,0.0,0.0,0.0,0.0,0.0,0.0,0.5714285714285714,0.0,0.0,0.0,0.0,0.0,0.0,0.0,4.785714285714286,0.0,9.714285714285714,0.0,0.0,5.357142857142857,8.285714285714286
3707,0.11842105263157894,0.0,0.0,0.0,3.6184210526315788,0.0,0.0,0.868421052631579,0.0,0.0,3.236842105263158,0.0,0.0,0.0,0.0,10.328947368421053,0.0,15.486842105263158,0.0,0.0,11.302631578947368,20.539473684210527
3708,0.17391304347826086,0.17391304347826086,0.0,0.0,2.0434782608695654,0.0,0.0,0.043478260869565216,0.0,0.41304347826086957,4.239130434782608,0.0,0.0,0.0,2.652173913043478,35.73913043478261,1.608695652173913,0.0,1.7391304347826086,0.0,17.543478260869566,30.652173913043477
3709,1.4827586206896552,0.0,0.0,0.0,0.0,0.0,0.0,0.10344827586206896,0.5517241379310345,0.6896551724137931,0.0,0.0,0.0,0.0,0.0,46.741379310344826,0.41379310344827586,13.793103448275861,0.0,2.2241379310344827,14.53448275862069,24.120689655172413
3710,1.8857142857142857,0.22857142857142856,0.0,0.0,0.0,0.0,2.5714285714285716,1.0285714285714285,0.0,1.5714285714285714,0.0,0.0,0.0,0.0,11.428571428571429,89.14285714285714,4.485714285714286,0.0,0.0,0.0,30.542857142857144,51.51428571428571
3711,0.8333333333333334,0.0,0.0,0.0,0.0,0.0,0.6904761904761905,0.0,0.0,0.5238095238095238,0.0,0.0,0.0,0.0,7.523809523809524,74.45238095238095,2.2142857142857144,0.0,0.0,0.0,26.833333333333332,46.26190476190476
3712,1.202020202020202,0.0,0.0,0.0,0.0,0.0,0.0,1.2727272727272727,0.0,0.12121212121212122,0.0,0.0,0.0,0.0,0.0,7.909090909090909,0.0,3.1818181818181817,0.0,0.0,11.777777777777779,20.939393939393938
3713,2.4583333333333335,0.0,0.0,0.0,0.0,0.0,0.125,1.1458333333333333,0.10416666666666667,0.0,0.0,0.0,0.0,0.0,0.20833333333333334,56.166666666666664,0.6458333333333334,3.0208333333333335,3.625,1.3333333333333333,17.083333333333332,29.625
3714,2.619047619047619,0.0,0.0,0.0,2.9523809523809526,0.0,0.42857142857142855,2.9523809523809526,0.0,0.5238095238095238,0.0,0.0,0.0,0.0,0.9047619047619048,148.38095238095238,2.0952380952380953,0.0,1.4761904761904763,0.0,21.857142857142858,37.904761904761905
3715,0.056179775280898875,0.0,0.0,0.0,0.0,0.0,0.0,0.7528089887640449,0.0,0.0,0.0,0.0,0.0,0.0,0.0,4.955056179775281,0.0,0.6741573033707865,0.0,0.0,12.853932584269662,22.359550561797754
3716,3.0285714285714285,0.0,0.0,0.0,0.0,0.0,0.14285714285714285,1.2,0.0,0.3142857142857143,0.0,0.0,0.0,0.0,0.0,84.4,0.8,6.685714285714286,0.0,2.657142857142857,20.857142857142858,33.57142857142857
3717,1.65625,0.0,0.0,0.0,0.0,0.0,0.90625,1.125,0.65625,0.28125,0.0,0.0,0.0,0.0,2.40625,24.09375,1.34375,6.53125,0.0,0.0,9.90625,17.375
3718,1.6875,0.0,0.6875,0.0,0.0,0.0,3.8125,6.46875,0.0,0.78125,0.0,0.0,0.0,0.0,0.0,87.1875,5.34375,0.0,0.0,1.84375,35.46875,58.96875
3719,1.625,1.4583333333333333,0.0,0.0,0.0,0.0,0.041666666666666664,0.0,0.0,0.0,0.0,0.0,0.0,0.0,0.0,119.25,0.9166666666666666,0.0,0.0,0.0,29.875,48.0
3720,2.2989690721649483,0.0,0.0,0.8865979381443299,5.237113402061856,0.0,0.23711340206185566,0.5773195876288659,3.3608247422680413,0.31958762886597936,0.36082474226804123,0.0,0.0,0.0,0.0,45.28865979381443,0.422680412371134,2.0309278350515463,2.484536082474227,0.0,18.65979381443299,33.381443298969074
3721,0.0,0.023255813953488372,0.0,0.0,1.4883720930232558,0.0,0.5581395348837209,1.5116279069767442,0.0,0.7209302325581395,0.0,0.0,0.0,0.0,0.0,52.04651162790697,2.3488372093023258,7.953488372093023,0.0,0.0,23.511627906976745,41.95348837209303
3722,1.4,0.0,0.0,0.0,0.0,0.0,1.2,5.8,0.5,1.0,0.0,0.0,0.0,0.0,0.0,22.2,3.7,2.1,0.0,1.2,13.5,15.6
3723,0.11538461538461539,0.0,0.0,0.0,0.0,0.0,0.0,0.9615384615384616,0.0,0.0,0.0,0.0,0.0,0.0,0.0,13.096153846153847,0.019230769230769232,5.019230769230769,0.0,0.0,9.576923076923077,15.557692307692308
3724,1.5416666666666667,0.0,0.0,0.0,0.0,0.0,0.2708333333333333,0.0,0.0,0.0,0.0,0.0,0.0,1.4166666666666667,0.0,73.375,0.1875,8.833333333333334,0.0,0.0,26.375,43.041666666666664
3725,0.4144144144144144,0.0,0.0,0.0,0.0,0.0,0.0,3.5045045045045047,0.0,0.0,0.0,0.0,0.0,0.0,0.0,13.783783783783784,0.36936936936936937,2.1981981981981984,0.0,0.0,7.225225225225225,12.82882882882883
3726,2.021276595744681,0.0,0.0,0.0,0.0,0.0,0.0,1.0212765957446808,2.234042553191489,0.0,0.0,0.0,0.0,0.0,0.0,44.765957446808514,0.02127659574468085,0.0,6.638297872340425,0.0,7.361702127659575,15.659574468085106
3727,0.4230769230769231,0.0,0.0,0.0,0.0,0.0,0.0,0.15384615384615385,0.0,0.7307692307692307,0.0,0.0,0.0,0.0,0.4230769230769231,80.76923076923077,0.6923076923076923,0.0,0.0,0.0,27.615384615384617,50.53846153846154
3728,0.5428571428571428,0.0,0.02857142857142857,0.0,0.0,0.0,1.7714285714285714,4.3428571428571425,0.0,0.5714285714285714,0.0,0.0,0.0,0.0,0.0,94.14285714285714,4.371428571428571,0.2857142857142857,0.0,2.0,27.37142857142857,48.08571428571429
3729,2.8666666666666667,0.0,0.0,0.0,0.0,0.0,0.0,0.48,0.0,0.0,0.0,0.0,0.0,0.0,0.0,8.506666666666666,0.0,4.733333333333333,0.0,5.066666666666666,14.906666666666666,25.346666666666668
3730,0.23809523809523808,0.0,0.0,0.0,0.0,0.0,0.0,0.2619047619047619,4.619047619047619,0.023809523809523808,0.0,0.0,0.0,0.0,0.0,25.952380952380953,0.19047619047619047,0.6666666666666666,0.6904761904761905,0.0,20.761904761904763,38.07142857142857
3731,0.23255813953488372,0.0,0.0,0.0,0.0,0.0,0.7209302325581395,1.3255813953488371,0.0,0.0,0.0,0.0,0.0,0.0,0.0,104.6046511627907,1.441860465116279,0.0,0.0,0.0,21.674418604651162,37.06976744186046
3732,0.0,0.0,0.0,0.0,0.0,0.0,0.0,0.025,0.0,0.0,0.0,0.0,0.125,0.0,0.0,26.325,0.0,6.575,1.5,0.0,7.3,14.75
3733,2.2564102564102564,1.1538461538461537,0.0,0.0,0.0,0.0,0.5128205128205128,1.641025641025641,0.0,0.8974358974358975,0.0,0.0,0.0,0.0,0.5384615384615384,85.2051282051282,1.7179487179487178,0.0,1.6153846153846154,0.0,35.84615384615385,61.51282051282051
3734,0.6,0.0,0.0,0.0,0.0,0.0,0.0,1.9636363636363636,0.0,0.09090909090909091,0.0,0.0,0.0,0.0,0.0,13.00909090909091,0.2,4.790909090909091,0.0,1.8545454545454545,15.636363636363637,26.40909090909091
3735,1.5185185185185186,0.0,0.5925925925925926,0.0,0.0,0.0,3.111111111111111,6.851851851851852,0.0,0.8518518518518519,0.0,0.0,0.0,0.0,0.0,89.07407407407408,2.5185185185185186,0.0,0.0,3.2222222222222223,39.666666666666664,58.370370370370374
3736,4.75,0.0,0.0,0.0,0.0,0.0,0.0,1.0,0.0,0.25,0.0,0.0,0.0,0.0,0.0,7.875,0.0,1.4375,0.0,7.0,15.0,28.9375
3737,2.1904761904761907,0.2857142857142857,0.0,0.0,0.0,0.0,0.23809523809523808,0.8095238095238095,0.0,0.42857142857142855,0.0,0.0,0.0,0.0,0.9047619047619048,95.23809523809524,0.8095238095238095,0.0,0.0,0.0,24.333333333333332,40.42857142857143
3738,2.176470588235294,0.0,0.0,0.0,0.0,0.0,0.5,0.5,0.7352941176470589,0.23529411764705882,0.0,0.0,0.0,0.0,0.9411764705882353,47.26470588235294,0.47058823529411764,6.382352941176471,2.764705882352941,0.0,15.764705882352942,24.470588235294116
3739,0.0,0.0,0.0,0.0,0.0,0.0,0.0,7.959183673469388,0.0,0.0,0.0,0.0,0.0,0.0,0.0,12.857142857142858,0.0,2.693877551020408,0.0,0.0,6.224489795918367,11.693877551020408
3740,1.2222222222222223,0.0,0.0,0.0,0.0,0.0,0.5277777777777778,1.9444444444444444,0.027777777777777776,0.0,0.75,0.0,0.19444444444444445,0.0,0.4166666666666667,20.77777777777778,1.1388888888888888,0.16666666666666666,12.88888888888889,0.0,18.86111111111111,32.22222222222222
3741,4.53125,0.0,0.0,0.0,0.0,0.0,0.0,0.515625,0.0,0.359375,0.0,0.0,0.0,0.0,0.0,4.859375,0.0,1.5,0.0,3.15625,11.28125,19.0625
3742,0.4666666666666667,0.0,0.0,0.0,5.466666666666667,0.0,0.0,0.9111111111111111,0.2222222222222222,0.0,11.755555555555556,0.0,0.0,0.0,0.0,74.26666666666667,0.3111111111111111,0.0,1.9777777777777779,0.0,27.91111111111111,47.06666666666667
3743,1.6428571428571428,0.10714285714285714,0.0,0.0,0.0,0.0,0.7857142857142857,1.9285714285714286,0.0,0.5714285714285714,0.0,0.0,0.0,0.0,0.0,74.07142857142857,2.2857142857142856,0.0,0.32142857142857145,0.0,31.785714285714285,47.464285714285715
3744,1.1290322580645162,0.0,0.0,0.0,0.0,0.0,0.3548387096774194,0.25806451612903225,0.0,0.0,0.0,0.0,0.0,0.0,0.0,67.80645161290323,0.5483870967741935,7.387096774193548,0.0,2.225806451612903,15.774193548387096,25.967741935483872
3745,1.6666666666666667,0.0,0.0,0.0,0.0,0.0,1.2222222222222223,3.7777777777777777,0.0,0.0,0.0,0.0,0.0,0.0,0.0,45.0,1.4444444444444444,0.0,0.0,0.0,17.22222222222222,25.11111111111111
3746,0.43373493975903615,0.0,0.0,0.0,0.0,0.0,0.43373493975903615,0.5301204819277109,0.0,0.0,0.0,0.0,7.843373493975903,0.0,2.3012048192771086,12.0,0.6385542168674698,1.6867469879518073,5.554216867469879,0.1566265060240964,12.819277108433734,23.228915662650603
3747,0.21052631578947367,0.0,0.0,0.0,0.0,0.0,0.6842105263157895,0.3157894736842105,0.0,0.0,0.0,0.0,0.0,0.0,1.1578947368421053,70.42105263157895,0.7368421052631579,0.0,0.0,0.0,18.157894736842106,28.94736842105263
3748,1.4285714285714286,0.0,0.0,0.0,0.6666666666666666,0.0,0.0,0.5476190476190477,0.2619047619047619,0.0,0.0,0.0,0.0,0.0,0.023809523809523808,60.642857142857146,0.4523809523809524,0.0,3.642857142857143,0.0,13.047619047619047,24.357142857142858
3749,0.0,0.0,0.0,0.0,0.0,0.0,0.0,1.16,0.0,0.0,0.0,0.0,0.0,0.0,0.0,9.16,0.0,1.08,0.0,0.0,1.0,6.2
3750,0.7657657657657657,0.0,0.0,0.0,0.0,0.0,0.0,1.5675675675675675,0.0,0.0,0.0,0.0,0.0,0.0,0.0,6.900900900900901,0.0,3.6216216216216215,0.0,0.7477477477477478,8.324324324324325,16.855855855855857
3751,2.4722222222222223,0.0,0.0,0.0,0.0,0.0,0.3888888888888889,0.6944444444444444,0.0,0.3611111111111111,8.833333333333334,0.0,0.0,0.0,1.6388888888888888,100.02777777777777,1.1666666666666667,0.0,0.0,3.2222222222222223,21.944444444444443,40.30555555555556
3752,1.1408450704225352,0.0,0.0,0.0,0.0,0.0,0.22535211267605634,0.0,0.0,0.0,0.0,0.0,10.746478873239436,0.0,0.0,20.464788732394368,0.352112676056338,6.225352112676056,0.30985915492957744,1.352112676056338,20.52112676056338,34.2112676056338
3753,0.8983050847457628,0.0,0.0,0.0,0.0,0.0,0.2542372881355932,0.423728813559322,0.0,0.0,0.0,0.0,0.0,0.0,0.0,77.22033898305085,0.6271186440677966,12.220338983050848,0.0,5.779661016949152,16.10169491525424,28.559322033898304
3754,0.0,0.0,0.0,0.0,0.0,0.0,0.0,0.0,2.242424242424242,0.030303030303030304,0.0,0.0,0.5757575757575758,0.0,0.030303030303030304,22.09090909090909,0.030303030303030304,1.0606060606060606,0.0,0.0,20.666666666666668,30.181818181818183
3755,0.0,0.0,0.0,0.0,0.0,0.0,0.0,0.5189873417721519,0.0,0.0,0.0,0.0,0.0,0.0,0.0,10.79746835443038,0.0,1.9367088607594938,0.0,0.0,0.8607594936708861,2.9746835443037973
3756,0.9310344827586207,0.0,0.0,0.0,0.0,0.0,0.06896551724137931,0.0,5.448275862068965,0.27586206896551724,0.0,0.0,0.0,0.0,0.4482758620689655,45.275862068965516,0.6551724137931034,0.0,0.0,0.0,16.82758620689655,25.310344827586206
3757,1.048780487804878,0.0,0.0,0.0,3.8292682926829267,0.0,0.024390243902439025,0.43902439024390244,0.24390243902439024,0.0,0.0,0.0,0.0,0.0,2.4878048780487805,68.51219512195122,1.170731707317073,0.5853658536585366,6.951219512195122,0.0,15.853658536585366,26.926829268292682
3758,0.6935483870967742,0.0,0.0,0.0,0.0,0.0,0.03225806451612903,0.0,0.0,0.0,0.0,0.0,5.919354838709677,0.0,0.016129032258064516,15.612903225806452,0.12903225806451613,3.4838709677419355,0.45161290322580644,0.0,12.983870967741936,23.338709677419356
3759,3.406779661016949,0.0,0.0,0.0,0.0,0.0,0.0,0.3389830508474576,0.0,0.0,0.0,0.0,0.0,0.0,0.0,6.338983050847458,0.0,6.423728813559322,0.0,5.186440677966102,14.338983050847459,23.796610169491526
3760,2.310344827586207,0.0,0.0,0.0,0.0,0.0,0.0,1.0344827586206897,0.0,0.0,3.413793103448276,0.0,0.0,0.0,0.0,85.51724137931035,0.20689655172413793,0.0,8.724137931034482,1.3793103448275863,17.17241379310345,33.206896551724135
3761,0.5416666666666666,0.0,0.0,0.0,0.0,0.0,0.0,0.0,0.125,0.25,0.0,0.0,5.625,0.0,0.2916666666666667,24.416666666666668,0.2916666666666667,4.75,0.0,0.0,20.708333333333332,39.416666666666664
3762,2.5405405405405403,0.0,0.0,0.0,0.8378378378378378,0.0,0.02702702702702703,0.2702702702702703,0.6486486486486487,0.0,0.0,0.0,0.0,0.0,0.0,54.24324324324324,0.4594594594594595,3.4054054054054053,12.864864864864865,2.27027027027027,18.89189189189189,35.2972972972973
3763,0.5,0.0,0.0,0.0,0.0,0.0,0.0,0.0,0.7222222222222222,0.0,0.0,0.0,0.0,0.0,0.0,90.55555555555556,0.4444444444444444,7.722222222222222,0.0,0.0,31.944444444444443,64.33333333333333
3764,0.5106382978723404,0.0,0.0,1.127659574468085,7.446808510638298,0.0,0.0,1.3617021276595744,0.0,0.0,18.170212765957448,0.0,0.0,0.0,0.0,57.61702127659574,0.19148936170212766,0.0,8.97872340425532,0.0,15.829787234042554,30.97872340425532
3765,0.1794871794871795,0.0,0.0,0.0,0.0,0.0,0.0,0.0,0.0,0.0,0.0,0.0,13.487179487179487,0.0,0.0,12.717948717948717,0.02564102564102564,0.38461538461538464,0.0,0.2564102564102564,13.051282051282051,21.615384615384617
3766,1.736842105263158,0.0,0.0,0.0,0.0,0.0,2.9473684210526314,5.421052631578948,0.0,0.8947368421052632,0.0,0.0,0.0,0.0,0.5789473684210527,82.47368421052632,4.473684210526316,0.0,0.0,2.263157894736842,19.526315789473685,36.8421052631579
3767,0.5217391304347826,0.0,0.0,0.0,0.0,0.0,0.34782608695652173,2.347826086956522,3.4782608695652173,0.5652173913043478,0.0,0.0,0.0,0.0,0.17391304347826086,46.30434782608695,2.1739130434782608,5.956521739130435,28.956521739130434,3.1739130434782608,23.304347826086957,40.69565217391305
3768,1.4,0.0,0.0,0.0,0.0,0.0,0.0,0.0,0.0,0.0,23.2,0.0,0.0,0.0,0.0,129.6,0.0,1.8,21.4,0.0,36.8,71.2
3769,1.2950819672131149,0.0,0.5245901639344263,0.0,0.0,0.0,2.2295081967213113,5.327868852459017,0.0,1.098360655737705,0.0,0.0,0.0,0.0,0.4262295081967213,60.83606557377049,4.295081967213115,1.4426229508196722,0.0,0.639344262295082,28.75409836065574,46.39344262295082
3770,2.1923076923076925,0.0,0.0,0.0,0.0,0.0,0.6923076923076923,0.38461538461538464,0.07692307692307693,0.15384615384615385,0.0,0.0,0.0,0.0,2.730769230769231,53.5,1.9615384615384615,0.0,0.0,0.0,12.384615384615385,24.653846153846153
3771,0.9714285714285714,0.0,0.0,0.0,0.0,0.0,0.8285714285714286,0.14285714285714285,4.171428571428572,0.42857142857142855,0.0,0.0,0.3142857142857143,0.0,4.428571428571429,31.771428571428572,1.7142857142857142,5.571428571428571,0.11428571428571428,1.0571428571428572,28.142857142857142,48.22857142857143
3772,1.0512820512820513,0.0,0.0,0.0,5.410256410256411,0.0,0.3076923076923077,0.9487179487179487,0.0,0.0,2.6153846153846154,0.0,0.0,0.0,1.3333333333333333,42.58974358974359,0.9743589743589743,0.0,7.512820512820513,0.0,12.282051282051283,21.41025641025641
3773,0.0,0.0,0.0,0.0,7.142857142857143,0.0,0.0,0.5714285714285714,0.0,0.0,26.035714285714285,0.0,0.0,0.0,0.0,33.535714285714285,0.0,0.0,13.357142857142858,0.0,11.142857142857142,22.428571428571427
3774,2.8095238095238093,0.0,0.0,0.0,0.0,0.0,0.14285714285714285,0.7619047619047619,0.0,0.5238095238095238,0.0,0.0,0.0,0.0,0.0,89.52380952380952,0.5714285714285714,4.190476190476191,11.380952380952381,2.2857142857142856,15.380952380952381,26.428571428571427
3775,3.0655737704918034,0.0,0.0,0.0,0.0,0.0,0.0,2.3442622950819674,0.0,0.0,0.0,0.0,0.0,0.0,0.0,11.360655737704919,0.0,6.770491803278689,0.0,6.704918032786885,15.295081967213115,27.34426229508197
3776,2.5142857142857142,0.0,0.0,0.0,0.0,0.0,0.02857142857142857,0.11428571428571428,1.2285714285714286,0.0,0.0,0.0,1.3714285714285714,0.0,0.0,23.914285714285715,0.3142857142857143,6.714285714285714,0.0,0.0,16.6,26.228571428571428
3777,0.0,0.0,0.047619047619047616,0.0,0.0,0.0,2.0476190476190474,0.8571428571428571,0.0,0.6190476190476191,0.0,0.0,0.0,0.0,7.809523809523809,82.61904761904762,2.857142857142857,0.0,0.0,0.0,22.142857142857142,38.57142857142857
3778,1.0,0.0,0.0,0.0,0.0,0.0,1.8181818181818181,4.818181818181818,0.0,0.9090909090909091,0.0,0.0,0.0,0.0,0.0,68.9090909090909,3.1818181818181817,0.0,0.0,0.0,14.727272727272727,26.0
3779,0.984375,0.0,0.0,0.0,0.0,0.0,0.0,0.0,0.0,0.0,0.0,0.0,4.109375,0.0,0.0,18.984375,0.25,3.59375,0.0,0.0,13.921875,25.0
3780,1.1403508771929824,0.0,0.0,0.0,0.0,0.0,0.0,0.0,0.0,0.0,0.0,0.0,0.0,0.0,0.0,84.6140350877193,0.7192982456140351,6.947368421052632,2.754385964912281,0.0,21.912280701754387,38.36842105263158
3781,1.7692307692307692,0.0,0.0,0.0,0.0,0.0,0.5384615384615384,3.1794871794871793,0.9487179487179487,1.435897435897436,0.0,0.0,0.0,0.0,0.0,51.256410256410255,2.6923076923076925,2.641025641025641,8.487179487179487,1.7692307692307692,32.05128205128205,53.38461538461539
3782,0.0,0.0,0.0,0.0,0.0,0.0,0.0,0.0,0.0,0.0,0.0,0.0,8.793103448275861,0.0,0.0,14.137931034482758,0.06896551724137931,2.4482758620689653,0.0,0.0,10.241379310344827,18.20689655172414
3783,2.142857142857143,0.0,0.0,0.0,0.0,0.0,0.47619047619047616,1.7619047619047619,0.0,0.5238095238095238,0.5714285714285714,0.0,0.0,0.0,0.0,75.28571428571429,1.4285714285714286,0.23809523809523808,5.523809523809524,0.0,17.19047619047619,29.714285714285715
3784,2.2142857142857144,0.0,0.0,1.2142857142857142,0.0,0.0,0.0,15.785714285714286,0.0,0.0,0.0,0.0,0.0,0.0,0.0,18.285714285714285,0.0,0.35714285714285715,0.0,1.3571428571428572,3.357142857142857,7.5
3785,1.7666666666666666,0.0,0.0,0.0,0.0,0.0,0.16666666666666666,0.43333333333333335,0.0,0.4666666666666667,0.0,0.0,0.0,0.0,1.1,80.3,1.0,10.266666666666667,0.0,0.0,18.133333333333333,31.9
3786,0.0,0.0,0.0,0.0,0.0,0.0,0.0,0.0,0.0,0.0,0.0,0.0,0.0,0.0,0.14285714285714285,156.0,0.8571428571428571,0.0,0.0,0.0,15.142857142857142,24.142857142857142
3787,1.1564625850340136,0.0,0.0,0.0,0.0,0.0,0.0,0.673469387755102,0.11564625850340136,0.0,0.0,0.0,0.0,0.0,0.0,16.07482993197279,0.3945578231292517,5.91156462585034,0.0,3.931972789115646,9.564625850340136,17.503401360544217
3788,2.257142857142857,0.0,0.0,0.0,0.0,0.0,0.22857142857142856,0.0,1.9714285714285715,0.0,0.0,0.0,0.3142857142857143,0.0,0.37142857142857144,76.54285714285714,0.7142857142857143,3.5428571428571427,0.0,4.514285714285714,31.914285714285715,50.857142857142854
3789,0.8695652173913043,0.0,0.0,0.0,0.0,0.0,0.08695652173913043,0.2608695652173913,5.3478260869565215,0.0,0.0,0.0,0.0,0.0,0.0,47.82608695652174,0.391304347826087,0.0,0.0,0.0,17.652173913043477,31.782608695652176
3790,1.2941176470588236,0.0,0.0,0.0,0.0,0.0,1.4705882352941178,1.7647058823529411,0.0,0.11764705882352941,0.0,0.0,0.0,0.0,0.23529411764705882,57.0,4.588235294117647,0.0,0.0,0.0,34.0,52.94117647058823
3791,0.0,0.0,0.0,0.0,0.0,0.0,0.0,0.0,0.0,0.0,0.0,0.0,4.55,0.0,0.0,21.55,0.55,2.4,0.0,0.0,15.55,26.4
3792,0.7608695652173914,0.0,0.0,0.0,0.0,0.0,1.108695652173913,1.7391304347826086,0.5434782608695652,0.0,0.0,0.0,0.0,0.0,0.0,26.369565217391305,1.6521739130434783,1.3478260869565217,1.0869565217391304,0.0,20.26086956521739,34.17391304347826
3793,1.825,0.0,0.0,0.0,0.0,0.0,0.075,0.0,0.075,0.425,1.525,0.0,0.0,0.0,0.075,36.525,0.45,0.85,4.95,0.0,24.55,42.9
3794,1.7307692307692308,0.0,0.0,0.0,2.0576923076923075,0.0,0.0,0.038461538461538464,0.0,1.0,0.0,0.0,0.0,0.0,4.4423076923076925,50.96153846153846,0.7692307692307693,0.0,5.288461538461538,0.0,19.615384615384617,32.15384615384615
3795,2.225806451612903,0.0,0.0,0.0,0.0,0.0,0.6774193548387096,0.0,0.0,0.7096774193548387,0.0,0.0,0.0,0.0,0.0,83.0,3.0,0.0,0.0,0.0,34.03225806451613,58.903225806451616
3796,0.10526315789473684,0.0,0.0,0.0,0.0,0.0,0.15789473684210525,0.0,0.0,0.05263157894736842,0.0,0.0,0.0,0.0,2.1578947368421053,61.36842105263158,1.368421052631579,0.0,0.0,0.0,17.63157894736842,29.736842105263158
3797,0.8055555555555556,0.0,0.0,0.0,5.444444444444445,0.0,0.0,0.1388888888888889,0.0,0.0,14.277777777777779,0.0,0.0,0.0,0.0,66.5,0.05555555555555555,0.0,7.916666666666667,0.0,23.97222222222222,41.111111111111114
3798,1.25,0.0,0.0,0.0,0.0,0.0,2.7083333333333335,3.3333333333333335,0.0,0.6666666666666666,0.0,0.0,0.0,0.0,0.0,65.125,5.041666666666667,0.0,0.0,0.0,44.541666666666664,77.375
3799,0.0,0.0,0.0,0.0,0.0,0.0,0.0,0.6,0.0,0.2,0.0,0.0,0.0,0.0,0.0,48.6,0.4,0.0,7.4,0.0,9.4,19.6
3800,0.16666666666666666,0.0,0.0,0.0,0.0,0.0,1.25,2.5833333333333335,0.0,0.0,16.916666666666668,0.0,0.0,0.0,5.0,49.166666666666664,1.5,0.0,9.833333333333334,0.0,20.583333333333332,33.416666666666664
3801,1.5,0.0,0.0,0.0,0.0,0.0,2.0,2.7,0.0,0.9,0.0,0.0,0.0,0.0,7.4,113.1,3.7,0.0,0.0,0.0,19.1,38.7
3802,1.08,0.0,0.0,0.0,0.0,0.0,0.4,0.16,0.0,0.36,0.0,0.0,0.0,0.0,0.96,66.6,2.08,0.52,4.84,0.0,17.2,28.84
3803,2.75,0.0,0.0,0.0,0.0,0.0,0.0,0.0,0.0,0.0,0.0,0.0,0.0,0.0,0.0,87.5,0.75,0.0,0.0,0.0,38.75,49.0
3804,2.0833333333333335,0.0,0.0,0.0,0.0,0.0,0.0,0.0,0.0,0.0,0.0,0.0,0.0,0.0,0.0,28.583333333333332,0.0,5.583333333333333,4.416666666666667,0.0,19.47222222222222,34.25
3805,5.052631578947368,0.0,0.0,0.0,0.0,0.0,0.0,0.7894736842105263,0.0,0.0,0.0,0.0,0.0,0.0,0.0,25.0,0.0,4.578947368421052,0.0,0.0,15.578947368421053,29.0
3806,1.0,0.0,0.0,0.0,0.0,0.0,1.2142857142857142,0.0,0.0,0.0,0.0,0.0,0.0,0.0,0.0,48.857142857142854,1.7142857142857142,0.0,0.0,0.0,33.785714285714285,47.857142857142854
3807,1.4193548387096775,0.0,0.0,0.0,0.0,0.0,0.0,0.0,0.0,0.0,0.0,0.0,0.1935483870967742,0.0,0.0,32.54838709677419,0.0,3.5161290322580645,0.0,0.0,18.419354838709676,31.096774193548388
3808,1.6,0.0,0.0,0.0,0.0,0.0,0.0,0.0,0.0,0.0,0.0,0.0,0.0,0.0,0.0,71.6,2.6,14.2,0.0,0.0,8.6,10.8
3809,0.0,0.0,0.0,0.0,0.0,0.0,0.0,0.0,0.0,0.0,0.0,0.0,0.0,0.0,0.0,113.0,2.4,0.0,0.0,0.0,24.4,37.2
3810,0.14285714285714285,0.0,0.0,0.0,0.0,0.0,1.0,3.857142857142857,0.0,0.2857142857142857,0.0,0.0,0.0,0.0,0.14285714285714285,88.14285714285714,2.4285714285714284,2.2857142857142856,0.0,0.0,34.0,59.857142857142854
